 1  8
 1  2
 2  8
 2  9
 2  3
 3  9
 3 10
 3  4
 4 10
 4 11
 4  5
 5 11
 5 12
 5  6
 6 12
 6 13
 6  7
 7 13
 7 14
 8 15
 8 16
 8  9
 9 16
 9 17
 9 10
10 17
10 18
10 11
11 18
11 19
11 12
12 19
12 20
12 13
13 20
13 21
13 14
14 21
15 22
15 16
16 22
16 23
16 17
17 23
17 24
17 18
18 24
18 25
18 19
19 25
19 26
19 20
20 26
20 27
20 21
21 27
21 28
22 29
22 30
22 23
23 30
23 31
23 24
24 31
24 32
24 25
25 32
25 33
25 26
26 33
26 34
26 27
27 34
27 35
27 28
28 35
29 36
29 30
30 36
30 37
30 31
31 37
31 38
31 32
32 38
32 39
32 33
33 39
33 40
33 34
34 40
34 41
34 35
35 41
35 42
36 43
36 44
36 37
37 44
37 45
37 38
38 45
38 46
38 39
39 46
39 47
39 40
40 47
40 48
40 41
41 48
41 49
41 42
42 49
43 50
43 44
44 50
44 51
44 45
45 51
45 52
45 46
46 52
46 53
46 47
47 53
47 54
47 48
48 54
48 55
48 49
49 55
49 56
50 51
51 52
52 53
53 54
54 55
55 56
