  35.883085 -116.258117
  35.869067 -116.213480
  35.843985 -116.251837
  35.848455 -116.209587
  35.869630 -116.237656
  35.841960 -116.210124
  35.871383 -116.235909
  35.882343 -116.250908
  35.850917 -116.234554
  35.849735 -116.247244
  35.868212 -116.259409
  35.890690 -116.244907
  35.865326 -116.236217
  35.847524 -116.237777
  35.855417 -116.215138
  35.862640 -116.233166
  35.854320 -116.224251
  35.867711 -116.249409
  35.867147 -116.211539
  35.887697 -116.218138
  35.853874 -116.215494
  35.851415 -116.215826
