  35.860236 -116.213676
  35.863416 -116.256871
  35.885574 -116.210416
  35.864809 -116.245722
  35.857393 -116.244054
  35.876965 -116.220838
  35.860594 -116.247643
  35.853042 -116.241628
  35.845199 -116.230020
  35.842734 -116.215186
  35.849427 -116.208995
  35.887598 -116.255682
  35.875284 -116.232144
  35.846935 -116.226307
  35.881815 -116.241127
  35.846030 -116.238486
  35.882217 -116.238230
  35.889053 -116.219633
  35.871687 -116.218664
  35.849404 -116.215719
  35.840896 -116.215706
  35.879385 -116.212397
  35.888781 -116.222902
  35.842186 -116.241454
  35.841519 -116.255644
  35.845347 -116.206565
  35.843643 -116.255288
  35.875971 -116.234576
