-116.241428 -116.218411 -116.212270 -116.240957 -116.222126 -116.229791 -116.230709 -116.234699 -116.209809 -116.218522 -116.239808 -116.239663 -116.244875 -116.244970 -116.204045 -116.237916 -116.212962 -116.216925 -116.211097 -116.212797 -116.212793 -116.233309 -116.205416 -116.245879 -116.219423 
-116.236295 -116.229058 -116.225019 -116.245214 -116.228561 -116.248066 -116.248200 -116.235246 -116.246061 -116.237698 -116.249806 -116.249865 -116.228507 -116.219773 -116.253492 -116.244776 -116.246441 -116.231402 -116.252061 -116.222553 
-116.209760 -116.212508 -116.217162 -116.209921 -116.230877 -116.237340 -116.221232 -116.231593 -116.210214 -116.228543 -116.225299 -116.220916 -116.221348 -116.230593 -116.246236 -116.244395 -116.203612 -116.238128 -116.250374 -116.254099 -116.208872 -116.250550 -116.240801 -116.249715 -116.219789 -116.236480 -116.257122 
-116.258675 -116.226116 -116.236973 -116.251155 -116.208824 -116.239737 -116.257811 -116.241147 -116.236876 -116.253222 -116.230775 -116.215268 -116.254104 -116.214843 -116.249973 -116.239683 -116.208072 -116.240468 -116.233291 -116.218443 -116.254807 -116.259778 
-116.226104 -116.215898 -116.235350 -116.232579 -116.230024 -116.239519 -116.222717 -116.238623 -116.212383 -116.211846 -116.212678 -116.205608 -116.212634 -116.257686 -116.250132 -116.216028 -116.254109 -116.248523 -116.241195 -116.205265 -116.243540 -116.212599 -116.202479 -116.256613 -116.210612 -116.253781 -116.255289 
-116.250559 -116.216485 -116.229897 -116.240447 -116.235494 -116.245911 -116.206031 -116.236234 -116.242381 -116.223982 -116.203985 -116.256781 -116.211968 -116.244991 -116.260100 -116.241076 -116.216614 -116.239417 -116.257829 -116.247938 -116.208549 -116.210755 
-116.213050 -116.223297 -116.245243 -116.236362 -116.240155 -116.202978 -116.204739 -116.242160 -116.258862 -116.253642 -116.239521 -116.212341 -116.259674 -116.225852 -116.253898 -116.253402 -116.258548 -116.258899 -116.253097 
-116.242216 -116.217329 -116.259662 -116.233924 -116.258734 -116.213347 -116.245551 -116.209527 -116.208041 -116.238480 -116.238710 -116.251848 -116.238191 -116.250300 -116.233304 -116.212726 -116.220121 -116.254925 
-116.253037 -116.202588 -116.233259 -116.254390 -116.221182 -116.212741 -116.251208 -116.230825 -116.205052 -116.239716 -116.228275 -116.250184 -116.230460 -116.237787 -116.222249 -116.233180 -116.212521 -116.253377 -116.205743 -116.259202 -116.248851 -116.219340 -116.239541 -116.205690 -116.218058 
-116.204959 -116.252757 -116.250625 -116.233597 -116.238006 -116.203550 -116.222258 -116.225721 -116.214308 -116.232271 -116.219729 -116.203854 -116.238370 -116.202655 -116.253400 -116.217862 -116.214694 -116.205649 -116.211270 
-116.209721 -116.251049 -116.253260 -116.211919 -116.216073 -116.250043 -116.219021 -116.212654 -116.250367 -116.244339 -116.243302 -116.249630 -116.259690 -116.233648 -116.244132 -116.230775 
-116.251979 -116.231810 -116.215920 -116.247997 -116.230054 -116.241078 -116.223038 -116.204985 -116.203776 -116.204574 -116.214611 -116.207726 -116.251736 
-116.244391 -116.220723 -116.241129 -116.224388 -116.245306 -116.222002 -116.205103 -116.234149 -116.237083 -116.208158 -116.253935 -116.247700 -116.209687 -116.240106 -116.244385 -116.258564 -116.259673 -116.232116 
-116.233825 -116.230264 -116.209740 -116.256642 -116.239540 -116.202919 -116.207399 -116.228299 -116.203717 -116.243448 -116.238983 -116.243388 -116.245382 -116.251257 -116.235316 -116.241660 -116.238464 -116.246443 -116.208464 -116.209765 -116.230607 -116.255216 -116.209739 -116.227285 -116.226939 -116.256827 -116.237793 -116.253204 -116.221511 -116.237886 -116.249003 -116.243929 -116.242895 -116.216455 -116.206752 -116.209205 -116.216430 
-116.223997 -116.248926 -116.221008 -116.229019 -116.211259 -116.234320 -116.208406 -116.224842 -116.229558 -116.250940 -116.212212 -116.203526 -116.238482 -116.232161 -116.214249 -116.215468 -116.220340 -116.234916 -116.238392 -116.215413 -116.231132 -116.228210 -116.238477 -116.204610 -116.215341 
-116.226929 -116.234708 -116.226676 -116.242054 -116.245170 -116.209834 -116.214688 -116.243415 -116.238849 -116.212736 -116.248925 -116.220854 -116.251203 -116.202397 -116.218590 -116.233546 
-116.207421 -116.243071 -116.253290 -116.234461 -116.232352 -116.255976 -116.229089 -116.207575 -116.256841 -116.207051 -116.229644 -116.256634 -116.256276 -116.213678 -116.207022 -116.206628 -116.243726 -116.205940 
-116.253636 -116.218874 -116.255530 -116.214933 -116.248206 -116.234218 -116.241479 -116.207298 -116.230395 -116.210548 -116.226248 -116.222645 -116.206244 -116.220567 -116.218814 
-116.235121 -116.233846 -116.231589 -116.234649 -116.247519 -116.219503 -116.222056 -116.242286 -116.211203 -116.235243 -116.240219 -116.205239 -116.254819 -116.255631 -116.229161 -116.220865 -116.229665 -116.234155 -116.210570 -116.238785 -116.203582 -116.205423 -116.240393 -116.236808 -116.249918 -116.232885 
-116.252281 -116.207904 -116.210660 -116.205268 -116.241748 -116.206200 -116.209460 -116.250904 -116.246618 -116.253366 -116.241892 -116.236565 -116.226470 -116.234836 -116.236355 -116.225167 -116.231168 -116.235380 -116.259507 -116.206458 -116.233095 -116.203322 -116.207970 -116.202557 -116.257170 -116.260030 -116.207642 -116.236935 -116.220764 -116.211918 -116.221789 
-116.205960 -116.258490 -116.227371 -116.206076 -116.248875 -116.221264 -116.225213 -116.241514 -116.249770 -116.240744 -116.222753 -116.258319 -116.210135 -116.250832 -116.226069 -116.214067 -116.230657 -116.213799 -116.214187 -116.254053 -116.203351 -116.238062 -116.234230 -116.207782 -116.221157 -116.210498 -116.206528 -116.204744 -116.250113 -116.243241 
-116.244208 -116.238561 -116.235823 -116.243500 -116.236616 -116.253852 -116.233162 -116.237888 -116.243264 -116.206534 -116.211600 -116.218655 -116.215465 -116.203106 -116.252757 -116.227633 -116.216986 -116.216830 -116.234824 -116.249046 
-116.243153 -116.237925 -116.234349 -116.211394 -116.212491 -116.240625 -116.227346 -116.218267 -116.213640 -116.212209 -116.241487 
-116.208615 -116.215767 -116.242346 -116.245981 -116.221702 -116.241684 -116.249719 -116.211572 -116.228321 -116.203465 -116.258027 -116.249695 -116.236079 -116.219256 -116.228064 -116.250304 -116.243355 -116.239685 -116.218401 -116.213007 -116.209862 -116.219348 -116.204272 -116.259201 -116.210470 
-116.227638 -116.202596 -116.243503 -116.231814 -116.214515 -116.225699 -116.251253 -116.231848 -116.203598 -116.226196 -116.228982 -116.259824 
-116.253986 -116.245543 -116.242271 -116.216073 -116.226952 -116.226986 -116.236637 -116.229355 -116.242846 -116.245178 -116.202460 -116.207809 -116.227908 -116.250557 -116.253762 -116.245928 -116.237594 -116.234260 -116.231005 -116.246340 
-116.229511 -116.214225 -116.213168 -116.227115 -116.243702 -116.225872 -116.219738 -116.253777 -116.217830 -116.211978 -116.246808 -116.221706 -116.210104 -116.217608 -116.255483 -116.224835 -116.208622 
-116.229588 -116.242546 -116.227258 -116.238400 -116.258008 -116.221020 -116.216904 -116.235885 -116.211871 -116.221019 -116.246619 -116.237773 -116.230453 -116.246292 -116.226510 -116.204377 -116.252003 -116.217688 -116.220028 -116.225828 
-116.221927 -116.204193 -116.219960 -116.221308 -116.227523 -116.244932 -116.245562 -116.233766 -116.204731 -116.202585 -116.220253 -116.211515 -116.221817 -116.216006 -116.256534 -116.225162 
-116.260125 -116.231904 -116.248071 -116.219133 -116.208478 -116.222235 -116.252602 -116.208417 -116.218109 -116.234547 -116.237114 -116.223443 -116.240456 -116.230713 -116.228860 -116.249069 -116.248859 
-116.236143 -116.231904 -116.247460 -116.217748 -116.246652 -116.233649 -116.228950 -116.216964 -116.250061 -116.210522 -116.227976 -116.255957 -116.255528 -116.226121 -116.228436 -116.206013 -116.226158 -116.232921 -116.257595 
-116.241924 -116.208568 -116.235292 -116.224231 -116.229358 -116.222426 -116.238826 -116.259876 -116.203235 -116.204611 -116.211168 -116.255187 -116.251402 
-116.214508 -116.236963 -116.209376 -116.207969 -116.237527 -116.202682 -116.222524 -116.208856 -116.240449 -116.242162 -116.232134 -116.239056 -116.202943 -116.238436 -116.227275 -116.247164 -116.239701 -116.211609 -116.246618 -116.210108 -116.218572 -116.249174 
-116.235545 -116.228908 -116.218488 -116.203106 -116.227949 -116.208086 -116.256767 -116.207588 -116.249932 -116.243109 -116.257978 -116.248309 
-116.256678 -116.243369 -116.202981 -116.238727 -116.237790 -116.251690 -116.234027 -116.254327 -116.217770 -116.236190 -116.246844 -116.255306 
-116.231067 -116.211094 -116.223404 -116.254760 -116.240123 -116.239086 -116.256383 -116.218617 -116.234358 -116.240293 -116.243580 -116.207651 -116.212066 -116.222029 -116.220807 -116.229135 -116.234128 -116.210095 -116.220197 -116.213617 
-116.227301 -116.233778 -116.235510 -116.209803 -116.242107 -116.225813 -116.218499 -116.222235 -116.225951 -116.260105 -116.215908 -116.258991 -116.224294 -116.209092 -116.245370 -116.255925 -116.216507 -116.259833 -116.232705 -116.204701 -116.220332 -116.203965 -116.211264 -116.209674 -116.244095 -116.219586 -116.244113 -116.249718 -116.240625 -116.254112 -116.209119 -116.205090 -116.257052 
-116.235081 -116.248963 -116.248920 -116.231108 -116.217898 -116.211946 -116.259611 -116.213178 -116.229800 -116.224645 -116.236722 -116.244241 -116.205021 -116.229525 -116.211752 -116.214061 -116.216358 -116.246333 -116.227944 -116.254624 -116.221509 -116.250893 -116.218259 -116.250253 -116.212607 -116.255961 
-116.238075 -116.238127 -116.248533 -116.233661 -116.204166 -116.234845 -116.211096 -116.246305 -116.253519 -116.242812 -116.231233 -116.239731 -116.240020 -116.213359 -116.203394 -116.215777 -116.238439 -116.206249 -116.205503 -116.216854 -116.205145 -116.232794 -116.212973 
-116.253554 -116.238073 -116.219185 -116.256474 -116.258647 -116.239783 -116.230933 -116.215051 -116.225784 -116.245167 -116.223330 -116.213738 -116.211742 -116.213183 -116.256190 -116.209116 -116.242604 -116.221913 
-116.228379 -116.207848 -116.213006 -116.234833 -116.254406 -116.206613 -116.211573 -116.242038 -116.259287 -116.224719 -116.232144 -116.252669 -116.246190 -116.214095 -116.210050 -116.238979 -116.259857 -116.246372 -116.255361 -116.230614 -116.258807 -116.220824 
-116.207511 -116.220318 -116.253765 -116.255762 -116.250842 -116.209150 -116.233019 -116.245561 -116.224192 -116.205619 -116.229606 -116.214744 -116.246179 -116.228500 -116.235931 -116.232579 -116.245668 -116.256441 -116.258739 -116.238844 -116.218917 -116.227463 -116.209763 -116.215723 -116.210504 -116.253274 -116.241007 -116.248722 -116.249971 
-116.217486 -116.241779 -116.229816 -116.232320 -116.241491 -116.220105 -116.248567 -116.245561 -116.243483 -116.229084 -116.211736 -116.213607 -116.231463 -116.206609 -116.206838 -116.235856 -116.231726 -116.246381 -116.208758 -116.229662 -116.212006 -116.228521 -116.229213 -116.237644 -116.239085 -116.253336 -116.211458 -116.246598 
-116.255337 -116.248114 -116.236919 -116.221445 -116.235351 -116.239550 -116.208808 -116.210336 -116.234971 -116.239513 -116.240245 -116.207834 -116.212967 -116.259766 -116.232899 -116.245572 -116.247382 -116.249172 -116.215951 -116.216433 -116.214533 -116.236837 -116.259056 -116.241685 
-116.234235 -116.239915 -116.232581 -116.229634 -116.251979 -116.212162 -116.241647 -116.247104 -116.219947 -116.207468 -116.245393 -116.232062 -116.235901 -116.207748 -116.216103 -116.241992 -116.225001 -116.225764 -116.233767 -116.248305 
-116.235467 -116.243837 -116.228166 -116.208547 -116.236129 -116.211691 -116.214609 -116.214744 -116.232787 -116.207727 -116.242054 -116.202923 
-116.250322 -116.253717 -116.212343 -116.252510 -116.235423 -116.229102 -116.219553 -116.256399 -116.259975 -116.203239 -116.217147 -116.210595 -116.222929 -116.223601 -116.251359 -116.250617 -116.218724 -116.239751 -116.204041 
-116.230429 -116.238510 -116.224348 -116.247782 -116.245973 -116.246779 -116.231919 -116.257454 -116.228447 
-116.243444 -116.259019 -116.245945 -116.250944 -116.250208 -116.209140 -116.223166 -116.232433 -116.243653 -116.233170 -116.245723 -116.202499 -116.245864 -116.207165 
-116.222844 -116.236743 -116.253317 -116.247709 -116.226334 -116.232206 -116.254419 -116.213674 -116.244065 -116.231751 -116.241645 -116.226444 -116.245485 -116.235437 -116.205954 -116.219578 -116.245864 -116.217471 -116.229846 -116.225949 -116.236662 -116.253792 -116.228389 -116.219409 -116.204937 -116.214348 -116.206647 
-116.233594 -116.258083 -116.225750 -116.234267 -116.228677 -116.249270 -116.213416 -116.237268 -116.213008 -116.230173 -116.259925 -116.237563 -116.239935 -116.225591 -116.222654 -116.225805 -116.252230 -116.212201 -116.203028 -116.259720 -116.248696 -116.255115 -116.202838 -116.224335 -116.253640 -116.217744 
-116.240422 -116.208695 -116.211052 -116.211063 -116.206143 -116.219084 -116.255000 -116.230090 -116.231401 -116.251315 -116.231841 -116.242863 -116.203630 -116.212908 -116.221613 -116.207902 -116.217135 -116.258888 -116.242612 -116.247996 -116.239527 -116.203206 -116.217737 -116.228310 -116.212343 -116.203431 -116.203160 
-116.232338 -116.215764 -116.258113 -116.246662 -116.220092 -116.234330 -116.223124 -116.213904 -116.231500 -116.219945 -116.247899 -116.239022 -116.233744 -116.204775 -116.227023 -116.234971 -116.227258 -116.237344 -116.224603 -116.229138 -116.257483 -116.208409 -116.258203 -116.222460 
-116.218562 -116.203927 -116.242266 -116.241962 -116.259647 -116.257017 -116.209370 -116.225163 -116.241071 -116.252907 -116.217783 -116.227178 -116.238905 -116.248730 -116.242274 -116.204519 -116.236440 -116.217724 -116.225603 -116.216720 -116.236479 -116.213170 -116.206866 -116.217085 
-116.222422 -116.238960 -116.224330 -116.249956 -116.233357 -116.255736 -116.219870 -116.227440 -116.214971 -116.212393 -116.216101 -116.225381 -116.252413 -116.247074 -116.256986 -116.226006 -116.246468 -116.213122 -116.245003 -116.210551 
-116.238762 -116.249452 -116.235620 -116.202515 -116.257795 -116.238802 -116.258363 -116.246271 -116.214280 -116.219271 -116.241122 -116.248685 -116.251541 -116.243774 -116.229460 -116.230179 -116.224281 -116.209328 -116.252634 -116.209059 -116.222049 -116.227883 -116.226365 -116.210380 -116.205288 -116.248518 -116.235977 
-116.234029 -116.242838 -116.228086 -116.228378 -116.220954 -116.256388 -116.234302 -116.228062 -116.228607 -116.223274 -116.239987 -116.204515 -116.218044 -116.258664 -116.239938 -116.259926 -116.234851 -116.255322 -116.202548 -116.228965 -116.208147 -116.212624 -116.207853 
-116.233451 -116.219415 -116.225441 -116.241106 -116.229074 -116.212283 -116.232955 -116.244366 -116.245041 -116.234925 -116.207370 -116.227236 -116.225898 -116.202382 -116.258362 -116.211890 -116.241222 -116.253770 -116.227743 -116.214280 -116.228292 -116.244990 -116.226459 -116.252434 -116.253686 -116.247723 -116.251562 -116.255113 -116.255663 -116.204929 -116.253892 -116.218414 -116.250936 -116.247876 -116.230221 -116.237779 -116.248738 -116.216445 
-116.210958 -116.217445 -116.210301 -116.231169 -116.221582 -116.260125 -116.236930 -116.241782 -116.218822 -116.231135 -116.203870 -116.246119 -116.258799 -116.247238 -116.233626 -116.227581 -116.210531 -116.228236 -116.207211 -116.247585 -116.212120 -116.202727 
-116.258679 -116.250152 -116.222871 -116.204410 -116.239920 -116.230803 -116.215159 -116.214933 -116.232537 -116.248291 -116.215198 -116.248502 -116.242445 -116.237775 -116.247797 -116.255559 -116.233556 
-116.212407 -116.232578 -116.202710 -116.238903 -116.248816 -116.247396 -116.213449 -116.257605 -116.226426 -116.250972 -116.242623 -116.255861 -116.227789 -116.205639 -116.255572 -116.207782 -116.223982 -116.239268 
-116.222808 -116.258609 -116.235905 -116.260126 -116.237242 -116.243910 -116.214227 -116.235471 -116.252202 -116.206952 -116.220549 -116.242199 -116.235914 -116.215940 -116.258975 -116.233470 -116.229059 -116.215152 -116.255345 -116.231908 -116.235526 -116.208425 -116.203021 
-116.258313 -116.257080 -116.240101 -116.255328 -116.230738 -116.242797 -116.259049 -116.217274 -116.224768 -116.234613 -116.209904 -116.241241 -116.231376 -116.222252 
-116.214429 -116.218028 -116.241030 -116.235902 -116.234957 -116.223517 -116.210571 -116.203288 -116.238785 -116.249192 -116.218190 -116.251096 -116.235627 -116.227354 -116.204786 -116.211449 -116.207734 -116.208877 
-116.230931 -116.257911 -116.235152 -116.233763 -116.214207 -116.205466 -116.221994 -116.211792 -116.225263 -116.203722 -116.242957 -116.218499 -116.216417 -116.237408 -116.206576 -116.239810 -116.251715 -116.230856 -116.228400 -116.259433 -116.211113 
-116.249857 -116.225711 -116.230040 -116.230773 -116.202740 -116.234829 -116.247240 -116.225192 -116.216543 -116.213419 -116.254166 -116.225078 -116.221926 -116.239807 -116.249942 -116.258540 
-116.231698 -116.212382 -116.232869 -116.206492 -116.225200 -116.259957 -116.240630 -116.216421 -116.257074 -116.257736 -116.246206 -116.234194 -116.238030 -116.215440 -116.241131 -116.252411 -116.220338 -116.206185 
-116.218099 -116.204666 -116.246294 -116.248591 -116.248735 -116.253995 -116.232872 -116.211269 -116.235651 -116.244160 -116.205451 -116.242007 -116.250074 -116.212044 -116.258505 -116.254747 -116.232653 -116.217579 -116.211790 -116.250009 -116.219980 -116.230567 -116.229476 -116.250503 -116.226207 -116.208534 -116.221477 
-116.236345 -116.259988 -116.248753 -116.211940 -116.207376 -116.219922 -116.256846 -116.244538 -116.212091 -116.245335 -116.255019 -116.233176 -116.212931 -116.237698 -116.212576 -116.246424 -116.248659 -116.255304 -116.223877 -116.207284 -116.212912 -116.202642 -116.252651 -116.241666 -116.218670 -116.214878 -116.203446 -116.247373 -116.204634 -116.219450 -116.242147 -116.238316 
-116.236029 -116.243432 -116.215309 -116.246762 -116.225268 -116.208619 -116.244851 -116.221735 -116.230755 -116.236767 -116.217009 -116.204206 -116.258652 -116.247536 -116.220435 -116.217326 -116.207729 -116.243580 -116.256885 -116.223248 -116.251562 -116.246102 -116.256726 -116.215953 -116.219674 -116.203963 -116.256926 -116.210304 -116.221455 -116.214888 -116.219365 -116.231501 -116.234511 -116.251261 -116.212828 -116.250711 -116.216284 -116.256892 -116.236518 -116.208812 -116.209632 
-116.250977 -116.203103 -116.217606 -116.259771 -116.211609 -116.235151 -116.240729 -116.204930 -116.235219 -116.232397 -116.206810 -116.255742 -116.228595 -116.252017 -116.233476 
-116.227230 -116.257750 -116.217894 -116.245990 -116.211687 -116.233960 -116.229812 -116.211031 -116.218485 -116.217060 -116.253545 -116.220782 -116.250245 -116.209138 -116.247739 -116.212709 -116.254199 -116.232093 -116.219035 -116.236900 -116.258897 -116.222691 -116.235097 -116.249868 -116.232377 -116.252706 -116.222021 -116.241813 -116.205317 -116.256955 -116.219433 
-116.254911 -116.236272 -116.225261 -116.206801 -116.219150 -116.231419 -116.238301 -116.230514 -116.256727 -116.230187 -116.208372 -116.238192 -116.242548 -116.236972 -116.259347 -116.220255 -116.233451 -116.238236 -116.255672 -116.210100 -116.209208 
-116.243354 -116.238886 -116.237915 -116.225991 -116.213441 -116.240062 -116.204053 -116.230514 -116.258595 -116.247378 -116.258732 -116.240647 -116.215863 -116.245775 -116.245130 -116.205781 -116.241485 -116.259447 -116.218310 -116.239968 -116.221292 -116.231781 -116.232331 -116.241557 -116.242344 -116.233453 
-116.227169 -116.231010 -116.225414 -116.223636 -116.213299 -116.207680 -116.241873 -116.205908 -116.239131 -116.220397 -116.231637 -116.232518 -116.257514 
-116.252339 -116.222393 -116.222451 -116.234079 -116.229818 -116.260099 -116.225719 -116.233905 -116.226209 -116.211312 -116.204563 -116.234264 -116.255103 -116.213787 -116.222787 -116.241413 -116.217296 -116.204014 -116.256698 -116.253043 -116.232265 
-116.218933 -116.259878 -116.224265 -116.252326 -116.231082 -116.212366 -116.249875 -116.243748 -116.229127 -116.209320 -116.242778 -116.211814 -116.204679 -116.223735 -116.244287 -116.252124 -116.219966 -116.233207 -116.209351 -116.244674 -116.240078 -116.257372 -116.233025 -116.224344 -116.207837 -116.217354 -116.212885 -116.224488 -116.215799 -116.209294 -116.215523 -116.210185 
-116.229360 -116.247230 -116.233138 -116.217059 -116.215855 -116.236791 -116.237586 -116.222223 -116.247406 -116.215238 -116.216785 -116.222097 -116.224751 -116.239445 -116.251133 -116.224114 -116.246477 -116.203621 
-116.224575 -116.211425 -116.230795 -116.223232 -116.247107 -116.243437 -116.203885 -116.244770 -116.239139 -116.246626 -116.230650 -116.232636 -116.227112 -116.240503 -116.251552 -116.214171 -116.215975 -116.205756 
-116.248317 -116.253513 -116.213416 -116.234910 -116.203955 -116.208485 -116.212452 -116.247767 -116.225334 -116.232146 -116.232525 -116.227729 -116.203245 -116.206558 -116.238884 -116.222197 -116.254629 
-116.251283 -116.229269 -116.238345 -116.223282 -116.223535 -116.258178 -116.215372 -116.248269 -116.237366 -116.251583 -116.241295 -116.250077 -116.220261 
-116.208113 -116.217275 -116.206776 -116.255464 -116.248572 -116.229536 -116.225057 -116.254952 -116.233009 -116.220397 -116.247871 -116.220287 -116.205183 -116.204048 -116.259636 -116.204502 -116.255467 -116.218308 -116.256405 
-116.224330 -116.247105 -116.226267 -116.219308 -116.237401 -116.235051 -116.238370 -116.246268 -116.239367 -116.212957 -116.255014 -116.238076 -116.246293 -116.239563 -116.219294 -116.211141 -116.208402 -116.207812 
-116.223270 -116.245451 -116.247597 -116.234299 -116.226007 -116.234286 -116.238752 -116.260082 -116.255654 -116.210794 -116.229896 -116.213015 -116.215094 -116.257065 -116.215235 -116.215849 -116.249684 -116.212956 -116.215826 -116.233746 -116.259754 -116.233489 -116.232116 -116.236451 -116.214558 -116.219789 
-116.243444 -116.254759 -116.203195 -116.237196 -116.205020 -116.235586 -116.244356 -116.249282 -116.220123 -116.217383 -116.203872 -116.211268 
-116.256038 -116.234735 -116.233639 -116.225154 -116.226303 -116.216410 -116.209812 -116.245960 -116.218146 -116.208437 -116.235121 -116.217379 -116.230036 -116.209057 -116.235311 -116.243816 -116.220607 -116.224182 -116.246131 -116.223638 -116.252612 -116.208615 -116.257303 -116.222118 -116.240505 -116.202910 -116.222072 -116.216886 -116.234909 -116.206877 -116.209033 -116.209861 -116.255586 
-116.212483 -116.224833 -116.208022 -116.203294 -116.223128 -116.252861 -116.208797 -116.205027 -116.230401 -116.246142 -116.203000 -116.235075 -116.225384 -116.226340 -116.233240 -116.225620 -116.248194 
-116.204850 -116.232068 -116.248056 -116.235772 -116.236193 -116.235704 -116.239957 -116.212073 -116.259513 -116.230196 -116.244771 -116.220847 -116.210137 
-116.224305 -116.203649 -116.252592 -116.205948 -116.207818 -116.240921 -116.256251 -116.233774 -116.231996 -116.203381 -116.241837 -116.230816 -116.221922 -116.255240 -116.207009 -116.248548 -116.249879 -116.218736 -116.220307 -116.253756 
-116.213376 -116.241546 -116.258816 -116.256934 -116.225722 -116.225588 -116.203196 -116.206514 -116.234310 -116.204162 -116.214658 -116.230512 -116.206739 -116.217096 
-116.247209 -116.229869 -116.225518 -116.221176 -116.248963 -116.237983 -116.213403 -116.243410 -116.233026 -116.217673 -116.206680 -116.232205 -116.207490 -116.234023 -116.259936 
-116.204869 -116.255203 -116.226947 -116.223059 -116.251805 -116.221569 -116.204824 -116.214035 -116.253457 -116.208394 -116.210712 
-116.215325 -116.250053 -116.252585 -116.218269 -116.258020 -116.210785 -116.205072 -116.234055 -116.219085 -116.247983 -116.230680 -116.224952 -116.251278 -116.242491 -116.205245 -116.241048 -116.221396 
-116.234547 -116.207837 -116.207915 -116.235622 -116.239301 -116.234722 -116.253062 -116.226098 -116.248037 -116.251158 -116.206786 -116.252901 -116.258694 -116.250618 -116.244379 -116.238357 -116.222179 -116.248800 -116.246833 -116.224919 
-116.231151 -116.256264 -116.208065 -116.253137 -116.249572 -116.242870 -116.208364 -116.209165 -116.230750 -116.248657 -116.241312 -116.233757 -116.246732 -116.209669 -116.248699 -116.212535 -116.245128 -116.224035 -116.202808 -116.232809 
-116.246554 -116.241013 -116.222338 -116.239545 -116.209936 -116.211804 -116.217591 -116.220989 -116.222489 -116.230143 -116.235547 -116.224887 -116.227106 -116.240911 -116.251889 -116.252599 -116.247329 -116.217366 -116.224267 -116.227821 -116.236816 -116.204569 -116.212990 -116.231896 -116.234439 -116.212922 -116.239298 -116.202529 -116.244180 -116.215102 -116.224827 
-116.224050 -116.220736 -116.253430 -116.246657 -116.210473 -116.256238 -116.229305 -116.242003 -116.248783 -116.208703 -116.231016 -116.223047 -116.255237 
-116.242006 -116.223839 -116.214915 -116.209067 -116.257745 -116.233487 -116.212325 -116.243885 -116.244999 -116.222475 -116.246131 -116.230912 -116.221658 -116.257986 -116.258110 -116.204828 -116.249448 -116.225244 -116.254085 -116.242172 -116.225941 -116.211145 -116.244517 -116.206710 -116.211219 -116.204061 
-116.209068 -116.249536 -116.236205 -116.248176 -116.226867 -116.259457 -116.252122 -116.210857 -116.219186 -116.203805 -116.247652 -116.228187 -116.231720 -116.215209 -116.235250 -116.258143 -116.205727 -116.258455 -116.253796 -116.227449 -116.248559 -116.213653 -116.259730 -116.255177 -116.221761 -116.209436 
-116.213676 -116.256871 -116.210416 -116.245722 -116.244054 -116.220838 -116.247643 -116.241628 -116.230020 -116.215186 -116.208995 -116.255682 -116.232144 -116.226307 -116.241127 -116.238486 -116.238230 -116.219633 -116.218664 -116.215719 -116.215706 -116.212397 -116.222902 -116.241454 -116.255644 -116.206565 -116.255288 -116.234576 
