35.856935 35.871243 35.871457 35.841553 35.851393 35.850304 35.866986 35.879597 35.860768 35.879179 35.881319 35.866138 35.854376 35.851975 35.882667 35.874704 35.880108 35.852720 35.891819 35.840972 35.841472 35.877337 35.869174 35.852475 35.864840 35.840918 35.858545 35.871060 35.870945 35.847878 35.876653 35.883816 35.850899 35.845597 
35.871972 35.862640 35.852987 35.859927 35.862066 35.851806 35.886686 35.885573 35.868137 35.869139 35.862714 35.849382 35.859234 35.855594 35.850689 35.884703 35.858237 35.855816 35.858455 35.883757 35.843894 35.861149 35.890436 
35.843622 35.852552 35.883692 35.873202 35.888196 35.891346 35.870107 35.888237 35.854928 35.847692 35.855302 35.851485 35.885455 35.875298 35.891580 35.881478 35.856119 35.857169 35.882498 35.874077 35.857860 35.853705 35.873306 35.871842 35.846810 35.844095 35.848341 35.860389 35.889484 35.873645 35.873306 35.879999 35.889721 35.847277 35.860953 35.890918 
35.860804 35.847680 35.856577 35.886794 35.858681 35.843407 35.882411 35.854847 35.855535 35.873239 35.865583 35.854344 35.847431 35.840965 35.853930 35.889601 35.891786 35.848285 
35.867339 35.879554 35.866907 35.861742 35.876913 35.883765 35.869119 35.873245 35.854011 35.870708 35.884876 35.851206 35.843433 35.880642 35.864879 35.889471 35.866948 35.857672 35.856091 35.874021 35.850336 35.889381 35.845845 35.846692 35.888996 35.850330 35.873924 35.840644 35.862193 35.846414 35.889034 35.879211 35.858266 35.877904 
35.854286 35.876606 35.858019 35.843191 35.841441 35.875185 35.891673 35.878764 35.856801 35.853731 35.872339 35.885249 35.873694 35.880016 35.848043 
35.864383 35.851829 35.882992 35.875866 35.846791 35.842402 35.878819 35.886262 35.844077 35.861858 35.846285 35.857350 35.879626 35.874990 35.880831 35.858470 35.843280 35.890956 35.842584 35.877079 35.861013 35.871619 35.850322 35.863155 35.843601 35.889269 35.869049 35.890822 35.843602 35.885144 
35.887429 35.856691 35.876818 35.853549 35.886741 35.892166 35.861016 35.873349 35.880729 35.844594 35.881169 35.854186 35.854168 35.858405 35.876542 35.844275 35.860218 35.866079 35.856253 35.852543 
35.885344 35.880013 35.843380 35.872347 35.859937 35.869052 35.860341 35.856197 35.889486 35.875512 35.866653 35.848162 35.883533 35.860125 35.882670 35.874367 35.877567 35.862593 35.847958 35.854337 35.892151 
35.890156 35.878825 35.862183 35.857409 35.862271 35.888323 35.845592 35.860704 35.886282 35.871283 35.846238 35.875120 35.860126 35.875500 35.867793 35.879457 35.859918 35.879499 35.841194 35.862998 35.858091 35.871301 35.879351 35.865428 
35.869389 35.851805 35.856009 35.863434 35.865687 35.879659 35.889994 35.850111 35.866999 35.852408 35.873724 35.864914 35.841300 35.872761 35.883634 35.875314 
35.886233 35.886997 35.891466 35.865041 35.880583 35.890281 35.886404 35.870827 35.862117 35.858652 35.878004 35.858666 35.881641 35.874825 35.868754 35.883506 35.886659 35.880070 35.850994 35.878360 35.875864 35.876426 
35.890680 35.869838 35.881020 35.865318 35.867364 35.890585 35.846267 35.842091 35.879238 35.876609 35.858435 35.845250 35.857178 35.867999 35.841012 35.846209 35.843634 35.846370 
35.872736 35.846921 35.884727 35.866077 35.890366 35.851307 35.853820 35.849889 35.848846 35.850508 35.863807 35.849398 35.880791 35.843401 
35.884799 35.862789 35.884245 35.860273 35.870092 35.856570 35.855911 35.866148 35.886339 35.878462 
35.871563 35.847245 35.869574 35.853305 35.882739 35.874265 35.851218 35.862706 35.844035 35.850461 35.851212 35.840776 35.860239 35.865335 35.882026 35.874315 35.859690 35.889519 35.860260 35.846984 
35.842613 35.856909 35.871488 35.872941 35.887382 35.844666 35.854770 35.842264 35.865263 35.844372 35.848471 35.865719 35.880002 35.884115 35.848598 35.875606 35.872114 35.889988 35.877667 
35.865580 35.862734 35.867872 35.849847 35.840896 35.858187 35.841924 35.882194 35.851949 35.853072 35.860024 35.859064 35.864398 35.891613 35.842696 35.889655 35.880671 35.862483 35.847747 35.874878 35.861748 35.880532 35.848243 35.850547 35.872210 
35.862776 35.862872 35.850075 35.848450 35.870106 35.890663 35.892147 35.846415 35.882273 35.888599 35.870315 35.852127 35.842031 35.851735 
35.876861 35.848993 35.875078 35.877595 35.861951 35.861199 35.887507 35.867350 35.881767 35.849412 35.881768 35.865883 
35.841303 35.863746 35.853758 35.884377 35.862552 35.858642 35.866798 35.841919 35.866613 35.844892 35.854176 35.882575 35.849953 35.891376 35.872881 35.881819 35.887212 35.880797 35.874833 35.861475 35.847955 35.842238 35.864074 
35.876539 35.864068 35.883432 35.851885 35.851955 35.879819 35.845575 35.885568 35.885543 35.875978 35.876135 35.880082 35.846028 35.874380 35.859638 35.845408 35.889380 35.861951 35.860394 35.883786 35.868108 35.840769 35.849313 35.868119 35.850521 35.892314 35.874251 35.890539 35.866523 35.858963 35.854287 
35.858482 35.879018 35.857755 35.868165 35.879039 35.873370 35.867252 35.851703 35.853003 35.847832 35.885114 35.883625 35.882936 35.886460 35.851108 35.890219 
35.854017 35.857133 35.881954 35.856640 35.874218 35.864069 35.849489 35.890175 35.886151 35.871317 35.880949 35.847900 35.876379 35.865025 35.880944 35.868516 35.846554 35.866607 35.852204 35.880912 35.875423 35.844417 35.883198 35.879055 35.888784 35.892135 35.876736 35.873998 35.844830 35.854101 35.843654 35.860746 35.848910 35.854996 35.867493 
35.868972 35.875097 35.871678 35.863326 35.846843 35.887084 35.844385 35.841117 35.850100 35.862411 35.841380 35.852262 35.871419 35.850063 35.891420 35.847002 35.846560 35.870488 35.857290 35.891577 35.854955 35.872255 
35.850126 35.846193 35.852172 35.841642 35.846357 35.863138 35.874405 35.879513 35.892133 35.859682 35.871261 35.889162 35.870395 35.881573 35.854898 35.880167 35.888238 35.859992 35.862264 35.879414 35.889386 
35.883421 35.853605 35.866638 35.841287 35.864243 35.871514 35.845940 35.862807 35.885465 35.877447 35.877584 35.878822 35.874944 35.843400 35.857513 35.878024 35.854705 35.866487 35.850318 35.849529 
35.852496 35.878633 35.886583 35.842568 35.860278 35.884466 35.883558 
35.869519 35.877659 35.866526 35.857857 35.845583 35.874090 35.855101 35.854029 35.865922 35.872856 35.841951 35.851470 35.874913 35.848779 
35.852564 35.860058 35.866069 35.849377 35.846138 35.891497 35.842294 35.885412 35.846507 35.847938 35.847308 35.890018 35.887359 35.869661 35.879797 35.847714 35.840663 35.847416 
35.849234 35.890587 35.891229 35.862801 35.864796 35.854989 35.889931 35.892362 35.890788 35.862638 35.884932 35.858800 35.873651 35.873312 35.855543 35.887081 35.844409 35.863093 
35.864193 35.847123 35.887100 35.855577 35.883390 35.860310 35.872562 35.887749 35.890137 35.849117 35.855063 35.854274 35.889545 35.875889 35.875089 35.871125 
35.863090 35.871816 35.858793 35.885205 35.871064 35.885845 35.891958 35.879172 35.852299 35.842928 35.855576 35.875332 35.858041 35.870034 35.885223 35.861396 35.878558 35.880338 35.888365 35.889097 35.881203 
35.879246 35.868698 35.860883 35.883374 35.852480 35.886522 35.854527 35.843451 35.840854 
35.885563 35.891025 35.860830 35.864265 35.842773 35.843668 35.845211 35.846637 35.891910 35.881887 35.865233 35.886135 35.885273 35.889685 35.851785 35.858037 35.852871 35.885963 35.872739 35.848563 35.845785 35.844741 35.879786 35.881245 
35.873368 35.844528 35.863035 35.855767 35.856236 35.888136 35.851282 35.876787 35.873370 35.867687 35.888784 35.863199 35.862830 35.852313 35.867680 35.843248 35.850394 
35.860404 35.872289 35.864379 35.843199 35.880257 35.852119 35.885408 35.872173 35.861723 35.846090 35.881584 35.863574 35.890564 35.843639 35.860991 35.876794 35.880286 35.843339 35.862311 35.855753 35.843995 
35.855919 35.869296 35.885230 35.843050 35.848637 35.846457 35.856421 35.863867 35.873410 35.860220 35.848653 35.864984 35.881191 35.845498 35.846331 35.872066 35.856211 35.880350 35.874517 35.857025 35.870486 35.881088 35.874020 35.861301 35.845072 35.854250 35.874090 35.883697 
35.847990 35.846586 35.874165 35.869952 35.847301 35.878863 35.858071 35.883259 35.869942 35.860263 35.842783 35.841912 35.866533 35.856360 35.851354 35.869094 35.875472 35.876919 35.865118 35.868674 35.877429 35.888536 35.877385 35.845092 35.845414 35.885366 35.849125 35.846299 35.889004 
35.856590 35.866704 35.849238 35.872881 35.862804 35.844506 35.868602 35.869421 35.883517 35.861094 35.859290 35.886571 35.889130 35.861424 35.854372 
35.851201 35.856568 35.849819 35.883525 35.873373 35.873463 35.876887 35.882002 35.861517 35.891691 35.851754 35.881146 35.847726 35.875259 35.843249 35.866265 35.840770 35.881096 35.862572 
35.871956 35.866193 35.853404 35.879979 35.890919 35.880974 35.891118 35.848874 35.869009 35.848616 35.846073 35.854989 35.875957 35.850878 35.870074 35.864072 35.865283 35.842859 35.857623 35.868531 35.872447 35.869731 35.879463 35.865939 35.892355 
35.876021 35.878567 35.871893 35.865457 35.868095 35.877712 35.868797 35.848415 35.854286 35.840932 35.855667 35.867544 35.858176 35.841950 35.886799 35.888761 35.871340 35.876602 
35.879922 35.845729 35.872110 35.849697 35.841460 35.864679 35.845605 35.846253 35.875464 35.865474 35.880636 35.885853 35.875044 35.873072 35.872117 35.885342 35.862523 35.853374 35.866368 35.840427 35.890729 35.882977 35.889459 35.863496 35.873578 
35.872001 35.877269 35.888437 35.851014 35.867346 35.877792 35.856470 35.847609 35.840618 35.859042 35.884733 35.849712 35.872069 35.882645 35.861061 35.879611 
35.876042 35.867574 35.874060 35.850218 35.847400 35.885643 35.885927 35.881759 35.875744 35.884885 35.863529 35.843948 35.865581 35.871187 35.858777 35.857408 35.879825 35.846078 35.867530 35.887072 35.842855 35.848591 
35.851452 35.874398 35.847424 35.871039 35.878166 35.872375 35.868827 35.844015 35.876468 35.865723 35.890668 35.888870 35.863210 35.871490 35.844890 35.856393 35.846621 35.892187 35.856603 
35.881495 35.887461 35.875033 35.852622 35.883069 35.862786 35.872627 35.885859 35.890724 35.872210 35.877810 35.848010 35.859054 35.883854 35.858755 35.862476 35.846197 35.841994 35.860541 35.858185 35.864171 35.844853 35.849209 35.841728 35.847393 35.854522 35.882976 35.886850 
35.877752 35.851761 35.853134 35.869100 35.849619 35.874018 35.842054 35.878239 35.858813 35.867566 35.871344 35.865984 35.844604 35.865852 35.866923 35.885648 35.886666 35.840900 35.874748 35.851260 35.891815 35.891416 35.872095 35.888095 35.890961 35.887083 35.890028 35.882959 35.872335 35.872439 35.874759 35.863981 35.840460 35.874827 35.842907 
35.879286 35.869685 35.849105 35.862404 35.866296 35.860193 35.881102 35.869495 35.873743 35.852538 35.873266 35.856516 35.873876 35.875727 35.865585 35.845425 35.868313 35.849313 35.870069 35.868749 35.881502 35.888084 35.887143 35.871816 35.890868 35.887464 
35.883538 35.851552 35.864420 35.850224 35.843778 35.875613 35.867747 35.863405 35.851149 35.854270 35.843356 35.855731 
35.886746 35.864507 35.876146 35.890863 35.889823 35.851699 35.864858 35.890891 35.883565 35.867548 35.881025 35.858293 35.876859 35.882671 35.842657 
35.883301 35.882114 35.855292 35.863897 35.889236 35.883214 35.854851 35.860164 35.856625 35.882834 35.850377 35.850310 35.845407 35.843962 35.858356 35.844234 
35.865392 35.878301 35.845641 35.843517 35.860063 35.853903 35.847813 35.856309 35.872299 35.888749 35.873435 35.880169 35.878433 35.871877 
35.848158 35.867218 35.857147 35.890467 35.872089 35.878739 35.859406 35.873897 35.868373 35.886065 35.848233 35.869692 35.871193 35.849779 35.857263 35.842665 35.878038 35.866172 35.891242 
35.876588 35.864974 35.862290 35.866617 35.866549 35.869461 35.854146 35.877060 35.863564 35.855833 35.850494 35.886242 
35.876314 35.846041 35.855717 35.861631 35.873465 35.861658 35.855238 35.860377 35.856966 35.877255 35.889297 35.853345 35.855234 35.856369 35.844809 35.877448 35.843556 35.862346 35.853465 35.854226 35.871764 35.855942 35.871464 35.869458 35.878497 
35.863703 35.842531 35.889602 35.873220 35.885216 35.860522 35.871896 35.855857 35.865352 35.873679 35.870858 35.854395 35.864665 35.848636 35.863967 35.863436 
35.852892 35.891989 35.862794 35.880819 35.888047 35.858185 35.873765 35.859706 35.848663 35.869009 35.863205 35.871141 35.860076 35.878439 35.870552 35.865870 
35.868452 35.850543 35.868704 35.850104 35.891426 35.853607 35.859288 35.883189 35.863579 35.890380 35.879060 35.859435 35.880898 35.888144 35.862082 35.870700 35.854455 35.865298 35.874823 35.881259 35.890351 35.882465 35.843898 35.869769 35.852168 35.870217 35.868511 35.843596 35.867911 35.878968 35.885963 35.841915 35.886033 35.885095 35.889757 35.841363 35.846963 35.843737 
35.875873 35.849473 35.873982 35.868023 35.881484 35.852087 35.853093 35.889760 35.854073 35.880273 35.841901 35.851667 35.853122 35.886907 35.857208 
35.861827 35.859508 35.874378 35.847531 35.861934 35.887934 35.855745 35.884941 35.881241 35.855070 35.883649 35.859045 35.873190 35.848589 35.888988 35.854117 
35.887481 35.863439 35.856039 35.856134 35.887348 35.859471 35.878240 35.879989 35.862487 35.854537 35.866539 35.853510 35.847255 35.852883 
35.860249 35.870972 35.853007 35.872082 35.843779 35.860864 35.887618 35.844317 35.856460 35.880643 35.857315 35.849108 35.888261 35.857722 35.887457 35.875743 35.846720 35.891689 35.854336 35.841470 35.864162 35.864831 35.883570 
35.873702 35.842094 35.859215 35.853898 35.851033 35.867021 35.871554 35.861544 35.852035 35.887802 35.843339 35.887240 35.878580 35.842928 35.853688 35.888717 35.884225 35.863760 35.854413 
35.876013 35.881936 35.862759 35.853615 35.854454 35.854559 35.858070 35.874783 35.858515 35.876450 35.852356 35.864634 35.860648 35.847852 35.842409 35.867823 35.845562 35.850715 35.874647 35.850203 35.877963 35.854841 
35.864294 35.840601 35.851550 35.842214 35.847142 35.887867 35.887427 35.885175 35.878029 35.864919 35.886358 35.844766 35.843753 35.886043 35.854837 35.865830 35.869627 35.888701 35.845642 35.853923 35.889656 35.874498 35.866878 35.891071 35.842221 35.852118 
35.860993 35.880445 35.857850 35.880076 35.845822 35.866343 35.846540 35.869458 35.867885 35.857562 35.858271 35.867380 35.851543 35.891847 35.882419 35.881760 35.885011 35.848457 35.857158 
35.864552 35.878253 35.871271 35.855653 35.865822 35.872820 35.882266 35.843088 35.856431 35.854467 35.852033 35.873782 35.863781 
35.861299 35.849495 35.854732 35.865740 35.882829 35.886320 35.862705 35.880019 35.853275 35.878359 35.854937 35.871195 35.854883 35.880641 35.863972 35.865813 35.848661 35.849230 35.864362 35.846066 35.884706 35.850350 35.856693 35.865323 35.844055 35.842788 35.887948 35.851302 35.873409 35.856602 
35.864168 35.890302 35.875569 35.858593 35.854129 35.869342 35.853368 35.861036 35.843203 35.860568 35.868769 35.878305 35.885575 
35.884418 35.865170 35.881148 35.856125 35.863130 35.887866 35.860484 35.878929 35.862503 35.876037 35.846602 35.854369 35.871756 35.889303 35.880532 35.874691 35.849595 35.869343 35.842707 35.873231 35.844016 35.883557 35.840489 35.846779 35.869950 
35.869057 35.880706 35.887862 35.863414 35.861354 35.867035 35.866826 35.857338 35.844524 35.858962 35.868447 35.861033 35.858436 35.873991 35.855590 35.855159 35.850005 35.856347 35.846300 35.861522 35.886345 35.843925 35.859841 
35.856850 35.878232 35.853100 35.849693 35.849246 35.863806 35.878441 35.877235 35.852201 35.883460 35.879546 35.853136 35.884171 35.888846 35.861416 35.879779 35.858453 35.891651 35.863930 35.870835 35.880959 35.876136 35.884502 35.870604 35.864764 35.845229 35.853347 35.863367 35.878400 35.863070 35.881247 35.845122 
35.886312 35.860312 35.882279 35.856218 35.882801 35.850374 35.861724 35.841119 35.883401 35.883127 35.872433 35.861933 35.858249 35.844473 35.879301 35.881280 35.884560 35.859686 35.847054 35.844217 35.846993 35.851077 35.871958 
35.890702 35.854712 35.867358 35.862171 35.855427 35.850868 35.861724 35.867133 35.857917 35.858588 35.845835 35.870516 35.858297 35.871861 35.883207 35.857985 35.848019 35.856493 35.876231 35.872171 35.850735 35.850015 35.840820 35.849144 35.852904 35.867817 35.845616 35.850523 35.864367 35.890532 
35.856481 35.860594 35.855871 35.874879 35.887256 35.874903 35.857814 35.888617 35.842909 35.891898 35.845999 35.889068 35.877450 35.849691 35.840795 35.875363 35.864103 35.842058 35.855472 35.874313 35.853207 35.842911 35.858354 35.884365 35.875267 35.846381 35.857481 35.869902 35.845170 35.879790 
35.892075 35.842815 35.847101 35.871978 35.876169 35.864389 35.849532 35.889986 35.849291 35.866325 35.873421 35.843027 35.890063 35.873880 35.850760 35.858058 35.847460 35.844118 
35.865805 35.850572 35.848928 35.876585 35.874749 35.862649 35.875730 35.853852 35.872760 35.843372 35.841679 35.874329 35.851667 35.841913 35.858799 35.854868 35.841746 
35.881641 35.871422 35.861972 35.873043 35.865336 35.867553 35.875786 35.853114 35.851875 35.889099 35.844798 35.882988 35.853374 35.875040 35.840911 35.858144 35.866623 35.859164 35.861412 35.854530 35.871349 
35.845912 35.840457 35.886334 35.890192 35.878821 35.851194 35.854718 35.866588 35.866506 35.891509 35.870644 35.853114 35.855578 35.891403 35.877079 35.840465 35.866265 35.875030 35.842193 35.868543 35.876891 35.847764 35.859583 35.848683 35.852498 35.881876 35.866696 35.867920 35.857771 
35.873032 35.885917 35.859119 35.864935 35.860324 35.888401 35.872126 35.859618 35.887515 35.840441 35.867623 35.866038 35.852602 35.887251 35.864667 35.871580 35.870790 35.851830 35.871549 35.865845 35.851015 35.882767 35.870751 35.876562 35.884509 35.852923 35.849476 35.855094 35.871175 35.889285 35.876133 
35.882492 35.873940 35.886559 35.855242 35.891667 35.842313 35.864845 35.858943 35.848311 35.858944 35.848631 35.882308 35.879488 35.868896 35.857453 
35.881097 35.842596 35.886744 35.876552 35.866668 35.847548 35.870297 35.879899 35.881938 35.866884 35.868137 35.886939 35.848311 35.863436 35.890640 35.873745 35.873791 35.850056 35.879757 35.845050 35.844722 35.852050 35.886199 35.878865 35.881130 35.883736 35.866769 35.889671 35.855049 
35.882483 35.882406 35.871016 35.857468 35.865494 35.860163 35.861222 35.843778 35.865267 35.865609 35.864421 
35.856198 35.860281 35.855651 35.889478 35.875753 35.868808 35.843445 35.841659 35.866839 35.878947 35.843532 35.872520 35.861342 35.850214 35.855915 35.877478 35.880475 35.869528 35.845514 35.841097 35.884271 35.843015 35.869257 35.856290 35.842257 35.887888 35.888795 35.868780 35.861118 
35.877105 35.860200 35.885236 35.842780 35.877532 35.864325 35.852814 35.850791 35.870230 35.867259 35.878506 35.861933 35.884890 35.845270 35.874728 35.858121 35.841398 35.841095 35.855694 35.843079 35.841995 35.875619 
35.853847 35.878296 35.889239 35.852570 35.888995 35.864039 35.876297 35.842525 35.860839 35.869877 35.849149 35.851025 35.869805 35.866096 35.873511 35.855599 
35.867349 35.846943 35.859261 35.891551 35.890534 35.841596 35.867783 35.846201 35.862930 35.875953 35.845604 35.885745 35.860358 35.864562 35.855797 35.848607 35.841578 35.864916 
35.869654 35.859037 35.857698 35.887382 35.863343 35.867709 35.878729 35.867606 35.889182 35.863608 35.843220 35.841697 35.844838 35.889713 35.855323 35.872408 35.881106 35.877944 35.892351 35.887020 35.890611 
35.869253 35.846886 35.858087 35.864994 35.849062 35.842861 35.867813 35.844840 35.842764 35.845817 35.867918 35.872780 35.869697 35.891540 35.885604 35.863646 35.861935 35.841350 35.847245 35.886758 35.855196 35.889695 35.846854 35.845807 35.891830 
35.880464 35.890717 35.858750 35.879001 35.888101 35.866227 35.849546 35.863804 35.856761 35.852814 35.866860 35.886232 35.863091 35.849901 35.875913 35.889390 35.875245 35.842470 35.859929 35.875485 
35.869996 35.864409 35.842514 35.845947 35.863345 35.882398 35.873930 35.863923 35.840983 35.863070 35.891021 35.866464 35.842098 
35.861925 35.884471 35.862003 35.867374 35.873540 35.848416 35.842048 35.841057 35.876335 35.882617 35.853273 35.884726 35.844081 35.856915 35.872373 35.851639 35.856058 35.882728 35.867431 35.885925 35.851785 35.888259 35.850038 
35.884428 35.865956 35.843169 35.854635 35.853219 35.843681 35.871524 35.877027 35.877078 35.871550 35.876411 35.871806 35.843001 35.841557 35.843474 35.880856 35.870243 35.880200 35.872325 35.879751 35.871379 35.887266 35.850332 35.866752 35.865562 35.869675 35.878984 35.863126 35.856671 35.846536 35.876701 35.842448 35.843533 35.883354 35.865545 35.864870 
35.876057 35.885815 35.873618 35.854556 35.855968 35.849296 35.890034 35.867055 35.845879 35.871943 35.856355 35.854299 35.848522 35.846484 35.867015 
35.854092 35.860924 35.877903 35.858905 35.861738 35.854737 35.887677 35.853344 35.868728 35.844318 35.861373 35.872352 
35.842314 35.869630 35.851667 35.849070 35.855710 35.869452 35.879098 35.843402 35.850157 35.863403 35.873474 35.879052 35.855523 35.856282 35.880575 35.858727 35.850957 35.858848 35.855153 35.869092 35.876215 35.856789 35.869827 35.851641 35.856098 
35.881655 35.883494 35.870996 35.851990 35.861144 35.849416 35.865876 35.890959 35.864089 35.876289 35.853484 35.851268 35.853510 35.875036 35.892012 35.858890 35.844912 35.847820 35.849177 35.850052 35.850346 35.877667 35.865630 35.847039 35.858655 35.845550 35.844110 35.844426 35.851036 
35.883085 35.869067 35.843985 35.848455 35.869630 35.841960 35.871383 35.882343 35.850917 35.849735 35.868212 35.890690 35.865326 35.847524 35.855417 35.862640 35.854320 35.867711 35.867147 35.887697 35.853874 35.851415 
