 74.558246 957.117819
 75.123033 951.946163
 86.459514 956.443099
 71.551575 956.828672
 74.202267 949.736313
 78.042421 954.127827
 69.704449 950.236299
 67.321779 960.796411
 87.806813 950.400661
 69.446744 954.119083
 66.229716 957.620121
 49.899967 953.989333
 67.677954 955.732962
109.611556 953.058603
 88.523562 954.322246
 66.873505 957.283580
 68.803355 957.207953
 59.756098 950.527393
 84.258266 956.885416
 97.712644 958.597964
 94.618960 958.874336
 66.336505 960.544952
 51.691563 952.786856
 75.570080 957.453924
 54.737388 948.057285
 74.375900 954.105299
 68.716348 957.076583
 73.954264 960.154083
 63.583427 949.840842
 68.478509 956.130970
 61.584317 955.152990
 60.661080 958.933584
 73.945069 955.698995
 56.526277 950.196360
 51.998175 957.384231
 68.961348 953.437835
102.539748 954.235091
 80.045697 956.048342
 75.820110 959.066452
 72.194121 955.033686
 71.398305 961.049395
 92.362302 958.599833
 89.384180 960.808733
 78.916354 956.773788
 73.160050 957.572059
 54.740348 958.375493
 68.798800 948.019092
 44.574723 955.709543
 50.034989 951.057199
 85.900975 956.393988
 86.882826 956.208425
 91.370565 959.431745
 79.897035 954.919716
 90.332026 956.410015
 66.655697 954.892276
 90.286014 959.196531
 77.816198 957.838429
108.249966 958.174798
 74.500227 953.590899
 56.112823 958.373531
 68.784317 948.291938
 87.301663 956.029175
 54.057417 957.694086
 67.311208 961.839435
 72.907176 960.849987
 64.712388 954.239720
 66.811728 960.534409
 86.538319 957.702140
 87.783886 960.904797
118.231984 955.035450
 65.657352 954.558035
 89.845865 952.107574
 70.316986 957.034635
 87.708039 955.216646
 57.815266 953.119748
 69.510726 953.234041
 98.872453 952.291905
 65.897628 955.911151
 70.340769 957.835455
 62.092108 953.653675
 54.511857 950.600601
 68.078970 957.260068
 74.528829 949.752075
 77.841856 959.692271
 56.569264 950.717021
 89.744442 958.797111
 64.558090 956.504421
 59.793685 948.640598
 70.477659 956.628745
 52.768024 954.357412
 61.506913 954.717148
 51.429863 959.849570
 62.445382 950.249153
 76.985514 954.751587
 72.859672 954.517263
 93.636701 958.152421
 60.477039 955.649903
 84.568233 954.727453
 84.393175 954.934539
 89.450326 954.104576
