35.885450 35.866175 35.878693 35.871988 35.889693 35.856588 35.843876 35.874497 35.861994 35.883384 35.889342 35.864591 35.888806 35.853135 35.845568 35.842148 35.886320 35.890947 35.865759 35.867489 35.871909 35.861068 35.853142 35.890809 35.891124 
35.891187 35.867707 35.887958 35.874063 35.850707 35.844496 35.890333 35.870477 35.860296 35.854663 35.886313 35.885289 35.849325 35.892196 35.881073 35.865193 35.846563 35.863608 35.841207 35.848331 
35.847444 35.873092 35.845870 35.859159 35.860753 35.872823 35.851145 35.850626 35.856234 35.880037 35.891126 35.887820 35.870038 35.887054 35.877695 35.888723 35.875869 35.847621 35.867522 35.852236 35.843236 35.841131 35.860910 35.851303 35.843795 35.857085 35.888152 
35.892128 35.888782 35.878835 35.884776 35.842497 35.870263 35.864141 35.888499 35.885108 35.863695 35.878910 35.843042 35.847939 35.879757 35.874908 35.881224 35.855305 35.878591 35.878839 35.853134 35.849761 35.842144 
35.846143 35.860582 35.849966 35.876970 35.857223 35.870922 35.873374 35.891173 35.841025 35.881793 35.867433 35.859286 35.846051 35.859799 35.875006 35.880134 35.849342 35.862938 35.860432 35.888021 35.861883 35.862461 35.859785 35.892292 35.850398 35.882306 35.857550 
35.871631 35.862729 35.875980 35.881037 35.844542 35.847421 35.877205 35.886041 35.876457 35.865940 35.891823 35.883083 35.848004 35.876160 35.882502 35.874955 35.891457 35.858753 35.854457 35.883279 35.858930 35.846940 
35.886031 35.866025 35.872617 35.874407 35.881441 35.867497 35.875353 35.874089 35.855696 35.844377 35.840844 35.844567 35.869536 35.844296 35.848946 35.890192 35.878550 35.889492 35.868954 
35.879098 35.855684 35.867352 35.854580 35.877367 35.852856 35.872150 35.853318 35.881805 35.873046 35.881164 35.844836 35.848580 35.877170 35.888760 35.869106 35.853622 35.870306 
35.869869 35.875795 35.874710 35.869392 35.846173 35.852907 35.888196 35.866907 35.855566 35.884230 35.851016 35.863886 35.852730 35.884919 35.877045 35.877695 35.879202 35.879061 35.866699 35.870308 35.856022 35.846832 35.881770 35.887633 35.874445 
35.865155 35.873408 35.857525 35.868116 35.851754 35.884260 35.878686 35.890110 35.867787 35.844414 35.847863 35.857501 35.888817 35.863397 35.866837 35.857068 35.869677 35.861050 35.845211 
35.871366 35.870722 35.850079 35.887193 35.879352 35.864069 35.876811 35.841034 35.881234 35.889524 35.849783 35.850155 35.844920 35.861955 35.842219 35.858744 
35.877109 35.889605 35.892224 35.858062 35.852369 35.850452 35.876988 35.876796 35.863177 35.880592 35.842513 35.871493 35.850840 
35.851428 35.879422 35.856134 35.880340 35.867396 35.872162 35.860828 35.871532 35.853654 35.885182 35.886474 35.868487 35.881686 35.889614 35.887979 35.841575 35.845201 35.889908 
35.853837 35.861592 35.851896 35.866959 35.884219 35.850547 35.892031 35.859467 35.878601 35.887427 35.844970 35.872396 35.868793 35.848046 35.875858 35.886218 35.881715 35.873582 35.844520 35.883751 35.852741 35.863138 35.842026 35.847324 35.876507 35.875487 35.877053 35.852551 35.873830 35.890347 35.864380 35.864727 35.848108 35.872079 35.879435 35.865011 35.876433 
35.874453 35.869146 35.860740 35.882757 35.884425 35.884774 35.888080 35.884324 35.878774 35.858214 35.877625 35.863174 35.866930 35.840567 35.854225 35.847432 35.860560 35.870697 35.856164 35.877542 35.882315 35.866786 35.845755 35.858384 35.864239 
35.888957 35.872994 35.855573 35.849159 35.880495 35.858090 35.860120 35.862116 35.888583 35.848936 35.864953 35.854737 35.853183 35.869418 35.856176 35.842413 
35.884135 35.857534 35.889341 35.863027 35.851307 35.877756 35.880018 35.854383 35.866420 35.841006 35.885362 35.878335 35.843225 35.860111 35.883460 35.879822 35.857365 35.881271 
35.875573 35.854360 35.845267 35.869621 35.886751 35.860414 35.843202 35.884927 35.867565 35.863085 35.846975 35.873705 35.889217 35.842870 35.849124 
35.888042 35.853440 35.885699 35.844712 35.875276 35.842147 35.869328 35.880027 35.890656 35.849508 35.843582 35.841702 35.887847 35.854123 35.884066 35.878445 35.865666 35.873343 35.883641 35.863617 35.868865 35.873524 35.857335 35.849452 35.870779 35.850048 
35.878682 35.861529 35.849405 35.860502 35.870233 35.864523 35.856301 35.875145 35.883590 35.858302 35.878427 35.857332 35.885351 35.841080 35.883682 35.845076 35.847415 35.884986 35.883043 35.866276 35.891082 35.847732 35.872139 35.889091 35.847554 35.864674 35.864923 35.885740 35.842647 35.848767 35.871871 
35.859084 35.877207 35.887972 35.851522 35.865773 35.890998 35.865299 35.841984 35.881585 35.890143 35.871865 35.887311 35.859434 35.876733 35.881865 35.876300 35.861012 35.888050 35.861315 35.854015 35.851037 35.883541 35.871465 35.873043 35.868459 35.861019 35.842547 35.885676 35.852438 35.860462 
35.853592 35.864468 35.868790 35.870692 35.890734 35.884212 35.858064 35.843912 35.876464 35.887552 35.843002 35.860645 35.853886 35.854836 35.879207 35.885945 35.886374 35.882635 35.867537 35.864929 
35.873402 35.875961 35.847509 35.883618 35.871639 35.883588 35.853231 35.851722 35.887607 35.853483 35.857663 
35.866840 35.870475 35.887493 35.841334 35.854039 35.872381 35.879605 35.866262 35.875927 35.846046 35.876542 35.846880 35.844763 35.871374 35.886099 35.874577 35.849408 35.872828 35.889510 35.875732 35.881079 35.861410 35.878684 35.848481 35.875363 
35.854866 35.891583 35.885052 35.875145 35.841075 35.868983 35.877195 35.888514 35.859669 35.844561 35.875848 35.858381 
35.887049 35.864393 35.875884 35.850254 35.854438 35.882949 35.842348 35.887045 35.841163 35.870451 35.843124 35.879524 35.877908 35.853110 35.860520 35.870676 35.847547 35.885244 35.859976 35.876365 
35.874430 35.888980 35.861719 35.886961 35.871631 35.853357 35.880116 35.878879 35.855821 35.888224 35.854736 35.871642 35.858127 35.878303 35.855039 35.858847 35.873636 
35.890610 35.847848 35.854226 35.889579 35.868025 35.856893 35.864188 35.887516 35.857595 35.877757 35.867759 35.857292 35.869499 35.857887 35.869851 35.880658 35.878546 35.892291 35.886080 35.860188 
35.875760 35.884762 35.853729 35.844140 35.860789 35.873551 35.853352 35.876325 35.853372 35.875901 35.890827 35.847702 35.846602 35.852855 35.861187 35.890433 
35.846020 35.880158 35.878265 35.841929 35.868028 35.871660 35.878138 35.874065 35.870371 35.866793 35.882432 35.871582 35.852397 35.883466 35.856186 35.862485 35.885572 
35.862821 35.880158 35.863558 35.879612 35.848371 35.881753 35.890670 35.882687 35.891873 35.844470 35.890892 35.887433 35.846091 35.882441 35.844034 35.886102 35.878447 35.867926 35.855745 
35.862827 35.889461 35.850594 35.886482 35.870487 35.872879 35.890672 35.862842 35.858498 35.871029 35.892070 35.870152 35.879692 
35.847866 35.853769 35.874985 35.881504 35.843896 35.878341 35.873133 35.885087 35.871486 35.875620 35.889774 35.865965 35.869766 35.853843 35.885129 35.843722 35.870679 35.869250 35.878829 35.887982 35.882861 35.877161 
35.885020 35.856494 35.872833 35.840896 35.873975 35.882063 35.874289 35.864244 35.861661 35.866409 35.886193 35.865877 
35.861732 35.855280 35.863584 35.845645 35.889817 35.872858 35.873760 35.856550 35.887704 35.884820 35.883962 35.873486 
35.881798 35.852730 35.844355 35.853065 35.864986 35.846705 35.889930 35.875235 35.870245 35.867522 35.850063 35.892264 35.875200 35.847393 35.867060 35.870131 35.861856 35.843161 35.866617 35.884938 
35.864234 35.852555 35.856178 35.884314 35.853588 35.882203 35.890059 35.882295 35.867626 35.849386 35.871892 35.869415 35.869647 35.885174 35.851452 35.850854 35.887676 35.891414 35.873976 35.850804 35.841606 35.847440 35.856679 35.854635 35.879972 35.850296 35.886632 35.856713 35.854349 35.863227 35.883124 35.855472 35.866771 
35.884569 35.841649 35.861963 35.851637 35.843616 35.884860 35.852997 35.889084 35.847870 35.883784 35.860751 35.871910 35.885768 35.873542 35.853227 35.883278 35.846360 35.856587 35.868180 35.887143 35.850800 35.891659 35.844175 35.859863 35.843630 35.885478 
35.885663 35.844952 35.863747 35.840810 35.853449 35.871799 35.865053 35.890069 35.860401 35.871375 35.846702 35.891121 35.858915 35.851975 35.870487 35.859783 35.890549 35.864427 35.877592 35.860771 35.854570 35.887368 35.867003 
35.865168 35.887583 35.855450 35.849434 35.881767 35.889528 35.874735 35.887828 35.849345 35.870332 35.841937 35.871291 35.868514 35.848534 35.882339 35.870555 35.840510 35.868151 
35.862211 35.848155 35.854039 35.872469 35.845155 35.882904 35.847757 35.874711 35.861459 35.887975 35.848540 35.849436 35.866801 35.890942 35.888787 35.874055 35.859891 35.870173 35.840638 35.842919 35.866423 35.864097 
35.876293 35.848987 35.859178 35.875510 35.880966 35.881087 35.857208 35.874829 35.870201 35.864695 35.866241 35.867077 35.842758 35.873767 35.883090 35.876485 35.877113 35.851337 35.855067 35.874417 35.847444 35.880041 35.871446 35.883431 35.871140 35.864427 35.841863 35.857085 35.848225 
35.886741 35.844880 35.867513 35.870407 35.853730 35.871582 35.872325 35.874829 35.855457 35.883871 35.850153 35.848414 35.842309 35.879977 35.888329 35.886582 35.844529 35.877057 35.861162 35.857710 35.880489 35.885313 35.858147 35.876496 35.862264 35.842205 35.884717 35.890137 
35.888650 35.887395 35.857810 35.881609 35.877941 35.855868 35.891462 35.887851 35.890108 35.871377 35.847320 35.876680 35.864917 35.884238 35.848353 35.879142 35.892283 35.873602 35.844938 35.852336 35.851618 35.875829 35.888231 35.879301 
35.851542 35.843313 35.889930 35.878196 35.876253 35.849646 35.852895 35.870540 35.849838 35.857804 35.883984 35.867052 35.873947 35.858783 35.869041 35.883323 35.864866 35.847382 35.846401 35.876379 
35.871276 35.869996 35.882299 35.849400 35.890090 35.879163 35.860656 35.862652 35.849504 35.886863 35.866825 35.891870 
35.873149 35.859112 35.870694 35.859957 35.883703 35.856471 35.851128 35.861289 35.866093 35.880897 35.855217 35.861474 35.849192 35.884976 35.885293 35.867935 35.850956 35.845217 35.842876 
35.870231 35.888570 35.868868 35.854264 35.880312 35.847969 35.853443 35.875388 35.884802 
35.869557 35.853746 35.843416 35.871018 35.860100 35.873498 35.863564 35.850382 35.886729 35.875546 35.853663 35.876293 35.871941 35.880143 
35.873553 35.886330 35.849757 35.867432 35.852051 35.888383 35.888427 35.877406 35.841353 35.882758 35.883564 35.878046 35.872629 35.867548 35.857656 35.842887 35.840899 35.854840 35.890279 35.888621 35.864210 35.841146 35.842414 35.876722 35.872109 35.883033 35.884153 
35.884435 35.876725 35.885057 35.848958 35.873497 35.873402 35.869219 35.891622 35.872054 35.840776 35.848930 35.849032 35.888943 35.863088 35.884022 35.881264 35.857138 35.860258 35.853078 35.861826 35.881123 35.878880 35.849493 35.848462 35.846435 35.862390 
35.846445 35.890149 35.888186 35.849812 35.889872 35.872864 35.875023 35.889039 35.876620 35.881502 35.856858 35.851887 35.852284 35.877462 35.849007 35.868316 35.891843 35.889375 35.880380 35.857222 35.864022 35.889768 35.859462 35.885818 35.845568 35.890044 35.859053 
35.841141 35.848469 35.844310 35.867554 35.888612 35.851529 35.887217 35.888847 35.850049 35.860011 35.857005 35.851448 35.890687 35.880030 35.891226 35.886104 35.879305 35.875517 35.869379 35.866608 35.886322 35.876028 35.871351 35.889237 
35.868186 35.852180 35.843517 35.866199 35.879574 35.840525 35.845732 35.845057 35.871255 35.869622 35.874811 35.877323 35.875334 35.879408 35.868435 35.846036 35.876686 35.883901 35.848898 35.860210 35.882284 35.846095 35.847547 35.891452 
35.874712 35.884322 35.848090 35.880386 35.885343 35.847976 35.848550 35.852700 35.848963 35.868694 35.857346 35.841782 35.844546 35.879727 35.858865 35.846889 35.849064 35.852669 35.841206 35.859549 
35.841109 35.869872 35.866595 35.881448 35.886436 35.867419 35.859976 35.850739 35.848210 35.886930 35.883129 35.849946 35.844228 35.851549 35.852539 35.869574 35.867678 35.854175 35.867873 35.852442 35.860644 35.860948 35.871336 35.851932 35.870789 35.847186 35.890635 
35.873121 35.874123 35.875565 35.878020 35.856209 35.846418 35.880285 35.843043 35.889893 35.876791 35.863238 35.889339 35.848493 35.862516 35.883801 35.890333 35.881990 35.844518 35.890994 35.874536 35.879779 35.867423 35.845106 
35.845936 35.866483 35.889895 35.867448 35.843273 35.891645 35.892060 35.887123 35.883624 35.857495 35.877016 35.865990 35.876711 35.859146 35.872463 35.891081 35.843178 35.849919 35.889719 35.852326 35.866343 35.850183 35.840983 35.845790 35.848994 35.860703 35.864208 35.873631 35.842162 35.889343 35.849275 35.847055 35.858407 35.854510 35.841743 35.847120 35.851025 35.864347 
35.864532 35.876772 35.869650 35.871588 35.868121 35.870189 35.854608 35.888218 35.861319 35.853629 35.845039 35.846762 35.871575 35.866911 35.859700 35.843984 35.871726 35.845175 35.866311 35.885765 35.846278 35.875318 
35.889299 35.874920 35.840507 35.857751 35.885439 35.874523 35.844055 35.891905 35.888255 35.875692 35.877737 35.883696 35.882241 35.860302 35.861852 35.883294 35.889715 
35.871494 35.853671 35.876045 35.843602 35.861892 35.845473 35.853237 35.864381 35.842912 35.873435 35.886148 35.850746 35.866840 35.858765 35.859838 35.881351 35.868589 35.874964 
35.857412 35.861480 35.886504 35.876687 35.844713 35.889181 35.862650 35.848523 35.871791 35.880535 35.850929 35.861778 35.848587 35.871304 35.840914 35.871855 35.844024 35.861630 35.862780 35.859943 35.889331 35.841942 35.862242 
35.879323 35.872803 35.868791 35.884851 35.873625 35.888987 35.858991 35.887809 35.856951 35.846867 35.846570 35.842871 35.860392 35.888388 
35.874301 35.860351 35.866224 35.846492 35.864999 35.856144 35.877352 35.875706 35.858672 35.848294 35.878242 35.843296 35.888756 35.890452 35.855327 35.875328 35.849105 35.852290 
35.890890 35.880719 35.876398 35.852044 35.873947 35.887811 35.875619 35.860512 35.846463 35.876375 35.877905 35.845719 35.871398 35.867639 35.872306 35.860762 35.872424 35.852951 35.861042 35.886768 35.850239 
35.892207 35.842247 35.883106 35.860737 35.854556 35.849498 35.877409 35.879702 35.867946 35.882903 35.860812 35.854144 35.854349 35.860815 35.868644 35.868457 
35.872755 35.848838 35.848571 35.885666 35.874400 35.882531 35.870610 35.854534 35.858793 35.878484 35.861512 35.883496 35.858773 35.854605 35.845875 35.850083 35.883153 35.874124 
35.846995 35.889270 35.873789 35.868503 35.870316 35.885635 35.858750 35.846828 35.872105 35.850565 35.868820 35.864381 35.886360 35.852098 35.878386 35.844108 35.891432 35.875106 35.890844 35.870941 35.845850 35.865457 35.890473 35.847350 35.877858 35.878004 35.867538 
35.870001 35.869322 35.856384 35.854239 35.860466 35.858641 35.874291 35.891413 35.846728 35.869423 35.858133 35.847935 35.860696 35.845185 35.867216 35.843982 35.886680 35.850119 35.887571 35.874835 35.890878 35.875550 35.867867 35.880714 35.881701 35.864307 35.878019 35.850666 35.886812 35.842608 35.883767 35.844963 
35.876722 35.871602 35.859666 35.880238 35.858534 35.880295 35.862733 35.856925 35.886023 35.875592 35.863948 35.868046 35.854285 35.878191 35.851004 35.866189 35.880997 35.851772 35.882857 35.875848 35.842713 35.889117 35.859337 35.864003 35.842889 35.846002 35.853345 35.884474 35.852513 35.886095 35.848963 35.871976 35.879368 35.846925 35.849141 35.861035 35.882492 35.857175 35.846023 35.866877 35.868149 
35.886531 35.880675 35.841717 35.852434 35.856576 35.883005 35.850615 35.841863 35.882586 35.860643 35.872060 35.887099 35.861507 35.849318 35.870036 
35.879028 35.890006 35.885943 35.868458 35.844479 35.881054 35.863627 35.869158 35.858341 35.878943 35.844493 35.878281 35.878726 35.854751 35.843447 35.862934 35.861120 35.855831 35.885498 35.857866 35.875287 35.848004 35.888419 35.848370 35.871078 35.849321 35.843213 35.884113 35.866858 35.849732 35.843700 
35.864336 35.881351 35.880546 35.866349 35.881083 35.841035 35.874912 35.856658 35.889769 35.846298 35.861526 35.873084 35.851662 35.862483 35.851853 35.883815 35.878773 35.867532 35.889990 35.844259 35.889294 
35.871972 35.890342 35.875839 35.881184 35.872025 35.844820 35.884487 35.856658 35.845911 35.846295 35.885221 35.888179 35.883261 35.857108 35.864657 35.889578 35.861790 35.885251 35.849429 35.868299 35.857228 35.882219 35.879742 35.870175 35.889988 35.860921 
35.849825 35.847465 35.882972 35.850320 35.840995 35.879341 35.887258 35.882758 35.872464 35.842845 35.883106 35.879451 35.882232 
35.869102 35.883158 35.853938 35.891639 35.853720 35.857192 35.884148 35.891330 35.841524 35.889302 35.872397 35.869523 35.846557 35.881989 35.888808 35.871557 35.876325 35.859396 35.860777 35.852124 35.892351 
35.841722 35.846514 35.875393 35.844796 35.852424 35.845152 35.850015 35.844812 35.877035 35.860632 35.882517 35.861159 35.878881 35.855121 35.880814 35.858504 35.847884 35.887414 35.883958 35.858644 35.841988 35.884374 35.871763 35.890257 35.866368 35.840801 35.883608 35.887676 35.890062 35.881324 35.889635 35.870914 
35.866993 35.865471 35.870219 35.886061 35.884561 35.867415 35.843951 35.873642 35.882961 35.859204 35.890293 35.890927 35.859091 35.888733 35.860925 35.851635 35.868970 35.844106 
35.842180 35.848738 35.849298 35.885358 35.846104 35.883029 35.877623 35.851543 35.866105 35.870174 35.842037 35.870064 35.870537 35.840554 35.865628 35.865092 35.855157 35.847074 
35.867159 35.880580 35.843777 35.869113 35.846319 35.866328 35.857395 35.881405 35.854005 35.853535 35.883416 35.860097 35.885789 35.848045 35.891788 35.878449 35.853513 
35.853944 35.860807 35.890059 35.850798 35.879809 35.873945 35.845573 35.868625 35.865703 35.892019 35.890072 35.856796 35.879802 
35.868163 35.863433 35.884359 35.890444 35.851640 35.868920 35.891639 35.869924 35.858753 35.886417 35.873701 35.887324 35.856934 35.870340 35.886109 35.876513 35.840705 35.879363 35.845869 
35.863596 35.886605 35.848784 35.870184 35.891593 35.872432 35.871284 35.886381 35.855223 35.870239 35.890242 35.845747 35.862159 35.889392 35.842208 35.847327 35.863994 35.845760 
35.848714 35.871281 35.864076 35.884468 35.884613 35.854687 35.863892 35.849870 35.878847 35.855747 35.869214 35.861219 35.843284 35.859979 35.854296 35.843148 35.852508 35.886461 35.887523 35.869827 35.850027 35.891093 35.843163 35.874369 35.874995 35.869372 
35.849539 35.879221 35.842216 35.870409 35.841206 35.859861 35.856343 35.871616 35.886391 35.890203 35.854329 35.882585 
35.844855 35.889910 35.869283 35.865579 35.852921 35.844630 35.870753 35.849458 35.889894 35.872088 35.858036 35.870617 35.859430 35.885525 35.891701 35.873578 35.889675 35.843772 35.841204 35.871027 35.882251 35.872928 35.882254 35.858969 35.874536 35.868726 35.884374 35.875287 35.854799 35.872628 35.878551 35.851850 35.859645 
35.848817 35.864289 35.878465 35.862550 35.878839 35.878117 35.854891 35.856723 35.853195 35.868757 35.847069 35.885177 35.861565 35.849962 35.868573 35.845428 35.872152 
35.861300 35.841053 35.849034 35.866711 35.854249 35.881045 35.857979 35.871745 35.860157 35.888255 35.870612 35.872532 35.865508 
35.872333 35.860127 35.848367 35.858303 35.876885 35.853983 35.844681 35.842450 35.870190 35.877984 35.889610 35.850952 35.878248 35.842742 35.842728 35.843064 35.848200 35.879375 35.891034 35.863697 
35.883031 35.878917 35.882430 35.886314 35.879324 35.859998 35.872353 35.867734 35.880413 35.866518 35.842306 35.875160 35.887235 35.845352 
35.859203 35.873199 35.852343 35.855819 35.876931 35.865111 35.846123 35.890839 35.855851 35.852936 35.882801 35.860893 35.858167 35.862885 35.853551 
35.859323 35.879323 35.852979 35.891685 35.874535 35.872797 35.846880 35.863887 35.885007 35.878339 35.846842 
35.875158 35.870579 35.872460 35.865971 35.846554 35.846501 35.843274 35.841273 35.867187 35.843127 35.889246 35.877330 35.871805 35.884978 35.844624 35.841086 35.840816 
35.851208 35.863978 35.858180 35.870275 35.844622 35.843243 35.865729 35.867013 35.850042 35.862291 35.872059 35.873795 35.879962 35.883884 35.868402 35.845203 35.865932 35.846868 35.888108 35.890656 
35.854652 35.863557 35.872257 35.872306 35.845767 35.874203 35.851609 35.887495 35.877503 35.853834 35.864522 35.883368 35.845770 35.841197 35.850105 35.878362 35.843864 35.868092 35.855098 35.840756 
35.841386 35.873112 35.881175 35.873197 35.864085 35.869045 35.846244 35.886552 35.847385 35.851847 35.856846 35.845767 35.885918 35.884600 35.859193 35.889006 35.870983 35.860841 35.874327 35.847027 35.861625 35.851446 35.849486 35.865173 35.891914 35.850061 35.866738 35.854652 35.883845 35.842029 35.885035 
35.878726 35.850271 35.857805 35.885827 35.859124 35.846322 35.854145 35.875433 35.864392 35.852092 35.881695 35.878373 35.856731 
35.887238 35.856835 35.875344 35.860968 35.861470 35.852762 35.858783 35.874680 35.852580 35.863925 35.881133 35.877737 35.879466 35.842365 35.878438 35.890599 35.852518 35.882249 35.850049 35.855224 35.848733 35.866677 35.843047 35.877643 35.888766 35.863980 
35.871726 35.883449 35.868162 35.881246 35.855205 35.848181 35.873081 35.841714 35.854122 35.879533 35.867851 35.874271 35.887753 35.859120 35.886766 35.876089 35.843796 35.887179 35.870356 35.889510 35.842935 35.859383 35.885053 35.842365 35.842467 35.866907 
35.860236 35.863416 35.885574 35.864809 35.857393 35.876965 35.860594 35.853042 35.845199 35.842734 35.849427 35.887598 35.875284 35.846935 35.881815 35.846030 35.882217 35.889053 35.871687 35.849404 35.840896 35.879385 35.888781 35.842186 35.841519 35.845347 35.843643 35.875971 
