0.000000 0.030862
0.000000 0.040129
0.000000 0.029037
0.000000 0.018393
0.000000 0.015579
0.000000 0.039831
0.000000 0.037253
0.000000 0.035403
0.000000 0.037508
0.000000 0.032086
0.000000 0.057579
0.000000 0.028167
0.000000 0.030176
0.000000 0.019226
0.000000 0.052314
0.000000 0.046821
0.000000 0.040515
0.000000 0.027990
0.000000 0.018082
0.000000 0.023615
0.000000 0.023806
0.000000 0.029822
0.000000 0.033256
0.000000 0.019202
0.000000 0.060803
0.000000 0.047210
0.000000 0.041594
0.000000 0.027979
0.000000 0.024565
0.000000 0.068490
0.000000 0.015231
0.000000 0.079257
0.000000 0.021999
0.000000 0.044562
0.000000 0.057943
0.000000 0.028029
0.000000 0.017172
0.000000 0.018707
0.000000 0.021152
0.000000 0.051758
0.000000 0.021167
0.000000 0.027953
0.000000 0.018008
0.000000 0.024325
0.000000 0.032472
0.000000 0.082615
0.000000 0.031280
0.000000 0.070450
0.000000 0.053764
0.000000 0.027457
0.000000 0.021915
0.000000 0.033596
0.000000 0.025810
0.000000 0.058208
0.000000 0.020308
0.000000 0.027541
0.000000 0.026522
0.000000 0.014459
0.000000 0.018174
0.000000 0.033862
0.000000 0.028303
0.000000 0.054148
0.000000 0.024812
0.000000 0.047657
0.000000 0.032177
0.000000 0.036840
0.000000 0.049843
0.000000 0.023697
0.000000 0.011006
0.000000 0.023576
0.000000 0.037705
0.000000 0.018253
0.000000 0.035937
0.000000 0.022485
0.000000 0.049195
0.000000 0.031615
0.000000 0.022619
0.000000 0.021638
0.000000 0.033688
0.000000 0.020674
0.000000 0.033798
0.000000 0.029656
0.000000 0.038542
0.000000 0.023106
0.000000 0.055338
0.000000 0.015148
0.000000 0.036301
0.000000 0.112591
0.000000 0.026009
0.000000 0.023587
0.000000 0.052388
0.000000 0.043704
0.000000 0.027741
0.000000 0.040874
0.000000 0.045549
0.000000 0.016978
0.000000 0.072112
0.000000 0.020397
0.000000 0.023956
0.000000 0.021528
