0.670549 0.065748 2.145184 160.032255 4.568331 0.027304 0.219407 3.337862 0.198222 2.425402 0.691649 88.996973 4.004777 0.662629 0.144668 6.436074 0.116600 0.608193 0.258017 0.136114 0.115365 0.290772 2.893295 0.268585 0.122061 5.443307 3.857116 0.616382 0.506759 0.172344 6.718332 86.750419 109.440129 52.445749 
0.286423 1.560159 2.191783 26.621779 1.017738 0.135213 1.298111 2.932562 0.185635 1.004039 38.898349 3.993686 13.721986 0.105120 0.529750 0.156448 0.588635 0.863895 80.298928 1.632512 1.639216 0.490192 0.170619 
0.356585 0.225567 3.174385 124.008447 0.588719 1.386447 44.973643 0.255898 2.679847 0.544299 5.428151 0.723081 2.352036 0.315904 2.202230 2.497805 4.591419 0.218786 0.602116 5.305043 1.281354 7.681024 9.074516 0.368754 2.871442 0.788795 10.035526 1.942633 3.645810 0.018111 0.196529 0.052223 0.072924 0.262906 0.689425 1.870879 
0.744495 6.944713 26.170380 3.013374 0.985454 4.916518 4.910087 7.052141 0.650254 0.121789 21.707971 7.116267 8.229182 0.025490 2.402660 0.016816 0.178898 0.013366 
0.109992 2.881348 25.607097 4.767863 0.121988 0.271822 16.003363 0.016869 0.355010 7.928492 0.471749 44.713663 0.944131 0.126003 11.838418 4.344396 1.491318 0.071675 0.858472 1.903817 0.240616 0.030470 2.091399 0.341727 0.115553 0.006365 0.310536 0.225193 0.045499 0.767857 0.076006 6.839585 29.029425 0.184311 
0.460560 0.043151 40.364239 3.146545 59.291499 1.841954 6.705692 0.015502 0.013854 17.339461 2.445941 0.492624 0.042659 4.896041 0.014272 
1.526026 15.492793 1.100097 8.453003 1.019311 0.562672 0.044745 0.886503 1.678142 11.876158 0.028187 0.018423 0.189420 0.181363 2.937534 0.492317 0.209674 0.668330 0.472451 0.122961 1.959367 0.143281 1.301964 1.607458 0.772915 0.036436 6.381281 0.137541 0.023912 1.421172 
9.474746 2.028898 0.242918 0.735088 0.027159 9.492715 0.033791 1.951898 3.361056 0.202433 33.919419 7.914436 20.282775 5.310629 0.056931 0.086843 0.191954 21.736462 13.717137 4.079374 
3.544884 1.795838 23.696055 0.399011 1.423695 1.945572 36.011187 0.011127 0.908840 0.092979 0.994188 4.742785 5.091146 3.731589 1.071787 0.199174 0.158869 3.255445 13.987775 2.924504 0.970440 
0.248611 2.512935 16.242868 8.624642 0.100474 0.255862 11.258851 2.109317 40.243800 0.211785 9.677486 0.391187 0.404873 0.216867 7.902347 0.054739 8.075128 0.591257 2.601900 0.329523 0.434669 51.812589 14.652273 0.162897 
0.033856 1.828692 0.401512 26.475501 8.642871 3.063966 2.502197 5.483553 0.027642 0.608155 0.196658 0.117760 0.024545 0.019855 0.064870 1.731688 
2.450163 0.087707 0.040522 28.848462 0.234944 0.086387 0.887765 0.022442 10.113698 0.003093 2.906100 0.130348 3.969079 20.530118 0.169565 8.097780 0.473844 0.015356 0.007126 0.003938 0.054649 0.152044 
6.233042 0.263479 2.441593 24.050321 0.130991 0.076825 0.149854 0.152644 14.193690 0.147186 0.308921 0.751558 2.514897 0.070199 3.935982 9.848778 1.101121 0.047030 
0.045050 0.010641 4.959622 24.766198 0.044132 1.885548 3.199489 0.254948 0.022376 11.777810 0.753917 0.341127 1.096853 0.016269 
3.483550 0.427328 0.333146 14.767761 0.048261 0.005259 4.978632 19.341145 0.667194 0.013401 
0.335421 1.308197 0.923318 0.599246 3.244719 0.025071 0.379349 0.025965 0.020610 0.472931 1.624837 3.035823 20.025423 0.209129 0.586695 0.544193 6.660291 1.795025 0.138818 0.097069 
1.128812 5.020202 1.444402 0.215778 0.181722 1.230394 1.285091 9.786767 0.104097 1.523783 2.430347 57.455583 0.049781 11.368629 4.074838 0.041892 0.011496 4.697539 4.009560 
1.194843 0.208301 27.972774 0.818521 0.833652 0.686764 0.757743 17.629779 4.977383 11.841376 6.280866 15.480772 2.088801 3.041291 0.380252 2.248788 0.202567 2.077842 0.351619 0.458562 23.991852 0.112921 40.376913 0.405840 0.024464 
18.261565 7.693575 0.362784 0.129187 0.573480 0.179971 5.045469 15.453031 0.390564 2.303895 0.064328 7.905690 0.123805 0.022965 
18.114396 0.051574 1.060442 0.015509 2.930235 123.751979 0.621192 0.169109 4.006438 13.337458 0.099346 0.113196 
20.665947 72.512043 0.140141 46.719285 1.075371 0.838973 13.111665 0.401656 1.008176 0.139471 1.046866 2.745906 34.049606 3.250086 1.639675 0.261412 0.325690 0.212337 0.088498 0.455001 1.056021 1.198075 0.348924 
0.101385 61.336454 10.112983 1.037849 10.133845 4.165959 0.113572 0.181440 4.292373 0.007256 5.017174 0.009130 0.017903 2.170269 0.910978 0.102118 0.093019 0.327798 11.577976 1.151462 3.341978 6.517635 0.254693 0.059871 0.905917 2.868120 0.266460 0.326270 1.117511 0.540281 0.228876 
8.562768 1.306491 7.340779 23.561338 0.012494 0.154284 0.215578 0.315465 1.949812 0.026929 0.248258 0.626660 0.907333 0.146365 0.355146 3.543972 
0.082408 14.497459 2.650391 0.569634 0.310894 41.859518 1.229703 0.084057 0.368237 0.180819 1.508331 0.118258 0.035713 1.107046 14.422146 1.463826 0.446522 0.087691 0.215384 7.727607 0.231965 0.102649 0.590215 11.579493 0.628778 0.019407 0.037300 0.307164 0.161480 0.083257 0.075029 8.362340 0.439019 1.330960 0.053603 
0.554307 0.179861 3.618395 0.149712 3.696891 2.595887 0.103509 3.339352 2.394257 23.270845 1.245078 0.244343 0.140328 0.013953 0.076638 1.440273 29.595892 0.557549 0.333947 0.982884 25.329341 0.060366 
0.769497 0.534819 0.034520 0.106381 1.000755 0.008312 0.164443 40.929462 0.264821 2.500862 0.109705 0.147326 0.400133 2.377278 0.578228 1.722643 0.261607 23.172025 2.397991 0.004493 0.565051 
4.506512 0.282047 32.230527 0.364277 0.888869 0.811987 18.001269 1.335078 0.215582 0.062881 0.263735 3.080553 0.955985 18.569197 2.437566 11.808550 1.791604 12.940256 0.162381 0.309916 
0.053778 0.091771 3.032558 8.865363 57.129813 0.032072 5.567214 
1.476339 4.082012 14.050967 6.709935 4.652947 0.109934 2.277695 0.820489 0.133884 0.839714 0.232564 0.476089 145.488121 16.413585 
0.864015 0.184845 17.390945 0.018637 0.053057 2.925368 19.768355 0.168245 4.126098 0.246996 17.629993 0.702378 0.052609 3.693535 28.163136 1.117139 2.229064 2.843583 
0.607092 98.044200 0.327761 27.845930 3.825623 0.282823 0.035226 0.563218 3.124595 0.020626 0.116159 19.531507 0.169329 0.108859 3.116149 0.078915 1.269559 4.057715 
3.235878 9.044464 12.387496 0.509265 0.125954 62.580830 0.522367 2.624927 0.057548 0.988202 0.142321 0.379506 30.311245 1.009038 0.306525 0.118165 
17.536898 0.102540 0.161430 2.395574 2.981590 0.368626 0.018559 0.037530 0.149663 0.161673 38.009775 1.211141 0.069822 4.504986 0.039709 0.292765 1.460528 0.121591 2.073969 0.020849 4.188991 
0.506161 0.028271 26.542244 0.053132 1.683512 3.015762 21.636788 5.473806 0.415888 
5.586236 1.524608 52.261336 1.822925 38.810108 1.820823 0.804659 0.885263 5.493520 6.490992 0.230305 3.116810 0.045113 0.018182 0.059090 0.724503 2.398121 0.093931 0.047047 8.558729 0.453411 7.111418 0.144878 0.026090 
0.129152 0.037671 2.709728 1.557227 11.728407 3.776658 8.530316 0.198473 0.776708 0.054913 0.191264 1.214038 119.904359 0.040253 0.087999 0.568638 0.066985 
3.455661 0.234707 0.410106 0.507546 1.274554 8.926706 0.033052 1.049836 0.585033 0.545474 1.344308 51.779819 0.045521 0.122948 1.654049 1.524134 1.426368 0.224792 0.329378 0.370355 1.055725 
0.036740 0.103795 1.494457 0.297160 28.093424 0.409928 0.135595 0.233493 0.224364 40.720085 1.798227 24.730459 3.266992 0.447902 1.389166 0.224670 4.359661 1.650851 0.272778 21.320838 0.051629 0.289468 1.537174 8.759762 0.044732 0.231752 0.772441 3.034652 
0.254309 32.970835 0.151092 1.164636 0.713918 0.605801 0.187280 0.166267 0.133242 2.567533 0.444843 0.804321 49.461029 3.414908 1.529804 1.117100 5.313166 9.595456 14.609085 0.071880 0.481170 2.352600 2.384458 0.022571 6.729428 0.369259 14.924309 0.849610 3.111841 
0.309527 7.558665 3.586594 0.924331 29.102617 16.013282 2.146480 0.127333 0.016419 0.096601 0.034192 0.754266 2.451877 0.766865 3.380429 
0.028066 43.147665 8.232277 0.167036 0.012035 0.052855 4.897834 7.195593 0.055132 0.602724 0.256766 0.006067 0.545889 3.557910 0.776784 2.264505 0.238542 0.254226 0.162267 
0.048568 106.455519 1.055814 0.098071 1.747810 0.185913 1.041211 0.117347 0.240338 1.581802 1.435158 8.788567 3.357325 0.045278 1.074095 0.442343 3.532511 0.075966 1.519071 0.092118 2.818893 1.130371 0.070351 0.021746 4.268931 
6.723124 0.102308 0.263782 55.208439 0.992343 2.368742 1.246676 3.995621 0.276842 0.156648 0.574023 13.918945 4.840920 1.170727 0.074143 1.868522 0.064908 3.192080 
0.074530 0.458892 2.867426 4.999996 3.152477 23.812643 0.477510 0.013961 0.961339 0.034122 0.963555 0.354087 0.015186 3.487040 5.776025 8.363385 0.548707 0.718481 0.073515 0.079998 0.348823 0.603448 0.038729 2.728319 0.692300 
0.375136 4.160402 2.268438 0.016181 0.033805 0.059560 7.230485 0.152541 5.005802 5.712528 4.039917 0.111910 3.661351 0.077913 59.421856 0.187192 
5.136768 0.260830 0.979244 46.101583 0.576293 0.449940 1.172243 0.095621 0.116880 0.018501 1.220235 0.447779 55.045539 0.054717 11.801876 0.620200 0.076593 1.859714 0.028300 5.013191 0.052514 0.910462 
3.320382 4.502382 0.083947 0.392074 3.385153 0.574009 30.491337 0.021845 0.096130 0.031000 0.177697 2.156475 2.565982 0.457780 0.004672 9.543720 0.187390 21.594541 0.023959 
0.072404 0.141589 0.502374 2.762960 2.206492 35.907910 1.144690 3.589426 0.851979 0.032874 0.065788 0.076642 0.105292 1.528459 7.875210 0.544075 9.283540 0.262593 0.012120 0.123803 0.468030 0.066180 0.477514 0.008330 4.611054 0.128563 0.447419 0.028752 
3.994622 1.081309 8.395939 21.571375 0.027227 0.008247 0.163596 9.227994 18.287473 0.362833 0.014217 0.016312 0.020373 0.244768 0.048390 0.018047 0.079029 5.587777 0.644329 0.358964 3.414153 0.170180 0.095016 0.021498 0.287550 0.175527 0.609316 5.379393 0.054817 0.015020 0.072252 0.662365 0.015325 3.061342 2.723881 
4.261448 1.072192 54.388875 10.115628 16.404877 0.298899 4.103389 3.814274 0.028838 2.810842 0.021176 3.858671 0.134605 3.626121 0.022019 0.012471 1.540428 0.169554 0.054428 0.934035 0.225018 2.522323 0.229092 0.277978 1.557755 3.114600 
2.651549 0.038309 0.780055 4.575458 0.200281 0.060887 0.124092 40.126419 0.276650 1.426250 2.097624 0.032039 
10.648676 65.336542 0.057049 0.842038 0.627600 0.569374 0.340303 4.422806 0.056130 9.480364 3.863158 4.156137 0.026272 0.039686 0.754354 
0.061851 0.651844 0.068072 0.082360 0.606348 0.450432 10.253443 56.409990 38.883903 5.809530 2.094780 0.684971 12.151025 159.026453 215.189651 0.522252 
2.144172 0.744487 1.482307 0.378775 62.061510 0.173319 4.027806 1.092394 0.209227 0.797594 1.174407 0.547154 0.040022 1.979963 
3.196460 29.785514 0.825057 0.618559 3.432527 0.135142 91.822124 0.106759 0.066431 0.021874 0.695966 1.900682 42.651575 0.102257 34.792642 0.559901 0.506070 0.198422 0.020532 
0.120135 24.971030 1.163350 0.202379 197.370088 83.882257 24.822075 2.503367 6.650721 0.263137 14.219270 2.284840 
0.100487 0.915185 0.135979 2.124141 5.531192 0.039191 1.615911 76.134995 5.603535 4.656116 0.090291 0.250169 4.676728 0.111505 0.786033 0.157240 2.157103 0.050869 0.342730 1.862195 11.988329 0.145945 0.909174 2.306714 0.389506 
80.747743 0.078207 0.136550 0.032163 2.063923 13.944326 2.746654 1.282534 4.160757 5.775265 0.209934 2.848441 0.533095 0.198058 0.031537 2.883447 
0.187642 3.443668 0.115731 7.275896 7.004544 0.094680 0.295659 1.346158 4.152332 0.150451 56.946571 1.578514 0.075203 0.271041 0.239000 1.250582 
0.036198 1.560596 3.056762 0.989370 0.077606 0.500048 17.704194 0.762724 27.520469 0.690119 0.025054 0.014706 4.090779 4.087181 3.693197 0.252501 0.561580 0.762607 9.136202 0.009552 0.039000 2.103882 4.392802 0.254867 0.111581 0.479962 0.397251 0.340124 2.255471 0.938646 0.652109 0.190644 0.167382 0.009848 0.061845 1.231909 31.274149 3.689701 
1.036584 0.394402 3.785636 0.013661 0.114658 2.388949 0.538558 8.937500 0.063354 3.212501 0.124411 2.617813 14.070132 0.227724 0.702775 
0.292740 2.416522 0.046708 0.666606 31.552275 3.773849 1.409873 0.307642 0.101276 0.373061 4.342183 15.882475 2.980072 4.797774 0.866105 0.434168 
0.284445 0.065161 5.229735 0.377583 0.153204 75.609307 2.114458 0.088236 207.738182 3.804627 0.652566 2.251132 1.666827 0.164805 
105.135810 0.204420 1.494161 0.071926 22.671179 0.932259 4.057625 18.643512 0.485929 4.003719 0.605510 7.381758 0.076051 111.030964 1.491870 5.466881 1.175116 0.966556 6.938463 287.650976 3.466762 10.707590 199.900153 
0.095056 1.718869 155.559362 6.767669 1.235735 0.063683 65.449612 0.422566 38.834519 0.113111 0.787720 4.080486 10.686894 59.249421 2.675573 1.484223 0.065740 0.130174 0.186089 
0.163516 1.279151 2.648128 0.190089 1.958585 0.439857 0.160039 0.083090 0.806031 2.839470 17.790744 47.150242 2.722655 0.839729 0.827117 1.599151 0.157231 0.097054 0.088195 26.529505 0.366862 0.643923 
48.764535 0.053074 0.030201 0.937654 0.956255 0.022542 3.211530 0.047754 0.450832 0.034136 8.632477 0.590954 0.009186 0.243147 12.877160 0.475687 0.085396 0.201795 0.387697 11.599747 1.009909 1.498250 0.897391 0.103060 0.033863 3.372079 
32.301727 0.321176 0.771128 6.711651 0.010920 12.455487 0.083925 2.558476 0.011491 5.454014 0.089742 0.025329 2.431585 1.982408 0.024169 3.887617 0.118799 1.024156 0.175265 
41.508645 0.056653 0.172616 0.008907 9.198865 0.748292 4.073370 0.008454 0.067770 10.835833 13.197851 0.624759 0.493858 
35.272676 0.022074 0.700732 5.598575 0.140154 0.284853 0.120860 3.242213 2.579970 0.065379 0.380216 0.361548 1.188291 0.549873 6.021891 0.279078 0.043400 0.106224 0.179664 4.969598 1.971817 1.335527 0.220754 0.099135 11.750608 1.138654 0.113954 0.042032 0.326456 0.061107 
85.129449 4.663444 1.411379 0.322205 1.372753 0.559218 6.313399 0.206900 9.463912 0.188749 0.164484 1.119514 1.126643 
0.428414 0.570324 2.914797 0.189199 1.205692 9.870058 0.348420 0.011735 25.408304 0.119216 0.481800 7.285472 0.162677 72.205882 0.249607 0.155059 2.940261 0.174303 0.049476 5.583927 0.115494 31.698512 8.768891 0.038556 0.057223 
6.621038 4.516870 1.078065 123.004284 23.326132 0.015220 0.036595 0.180941 3.644652 0.026554 0.045061 0.324727 8.711313 0.213602 0.034076 0.035932 30.554196 0.648911 8.951989 9.700615 0.213709 0.035919 0.183308 
0.178659 0.435719 1.962451 6.559025 0.401149 0.917938 0.748032 0.019937 0.922506 2.699382 0.571088 10.723864 0.212977 0.106133 0.080812 0.609006 0.848077 1.740731 16.317928 2.215521 0.456348 0.035428 0.633530 0.375842 0.062360 1.078740 0.214750 0.267304 0.183205 1.673394 0.128652 4.309350 
2.778124 0.099405 0.055637 1.874019 3.378667 2.772451 52.606703 0.565445 0.095972 6.750465 0.072359 2.203201 1.102721 0.029551 0.401267 0.246199 0.173749 3.037572 0.544488 0.200731 1.772440 3.868043 0.030550 
1.201770 0.935469 0.260393 0.843612 18.649047 0.761319 70.381434 0.167129 0.250567 8.792947 19.565686 0.252706 0.131928 0.599953 0.016294 1.963962 0.033129 2.670379 5.791838 1.845978 0.024635 71.784501 1.428895 61.455829 2.485551 0.102979 21.594700 0.802596 1.279674 0.159938 
0.119827 20.824106 4.310772 0.988469 25.230697 0.182397 7.085071 0.041718 0.639737 0.843719 5.620562 0.596513 1.856393 0.041535 0.695853 1.496695 0.250631 3.173058 3.940308 1.052463 1.193986 2.487474 4.790265 5.442070 0.193181 1.592780 0.682503 0.024268 0.512095 12.421199 
6.429338 2.940171 104.211200 6.652227 3.988547 24.160887 0.074184 0.055893 6.310250 0.833079 0.617423 8.969139 1.634320 0.102743 1.083641 0.473049 0.453274 28.364562 
0.244064 1.959043 7.936952 0.566296 0.216787 126.882031 3.393224 0.203583 1.695360 1.622482 0.469890 0.510881 1.473160 1.310894 0.176911 14.759853 31.016841 
2.531189 0.019059 0.731146 0.879271 41.277851 0.054506 0.164305 0.116196 1.915495 3.220294 5.235961 1.470815 4.659920 0.218953 0.240374 2.515243 0.115542 1.020489 0.739319 48.187840 0.694458 
29.171484 0.838816 0.072866 4.747630 0.078286 6.604476 5.589629 2.003842 9.277651 0.865859 0.059624 1.257603 8.548681 0.346671 0.690610 1.076907 2.339973 0.218322 0.661241 0.936917 0.099182 3.401475 0.413902 3.706300 2.654720 2.687604 0.036928 0.020719 1.322956 
0.146891 2.762349 8.788477 2.395217 0.354714 6.894485 0.193890 1.957703 8.647062 9.688083 0.441673 71.195816 0.068211 0.202726 0.052800 3.276484 0.486235 0.317977 0.320733 4.576959 1.201644 5.587571 0.360961 0.976092 0.369161 0.163405 1.390435 0.125138 0.087362 19.975773 0.102717 
2.901521 0.220782 0.282276 3.295065 0.466972 11.060303 0.524530 0.782197 4.188001 33.918951 1.676524 2.014850 0.087685 0.669697 0.499822 
0.113147 0.053912 0.010023 0.003810 24.516466 17.764790 0.017217 2.992876 0.208478 0.044350 1.152540 0.069244 0.153905 0.633109 0.143143 0.513449 19.759896 0.050578 0.158255 0.050884 4.722959 2.237927 5.174575 0.165238 0.042648 0.004819 3.656918 0.176289 0.175919 
0.367631 3.316285 0.042773 5.258206 18.091850 1.150570 0.076318 2.716400 16.239484 0.011281 0.131299 
9.885459 0.084348 9.644941 0.013188 0.027312 0.122684 0.813582 13.662281 0.659827 3.771716 8.773904 0.040970 14.668700 0.040416 0.059318 0.146040 7.990747 39.736904 2.317198 10.785828 0.031311 0.425983 0.008587 0.203816 0.245605 0.358716 0.261456 1.577196 0.122717 
2.255514 3.591645 0.668476 2.448409 3.483237 63.983729 3.256880 0.442713 0.111033 0.059455 0.358912 8.789432 16.372938 0.636725 0.015381 1.999029 33.516329 0.058120 0.212498 0.068128 0.622519 0.058515 
4.008947 1.527909 1.192886 2.169168 0.225307 46.080778 0.195531 6.132606 0.207999 0.235404 0.017576 14.106715 1.413543 0.007850 3.156154 16.837243 
0.037401 1.777117 5.819890 2.634440 0.557346 0.058853 145.086122 1.642655 3.288874 0.122756 16.236422 0.093591 0.090746 0.988800 8.668534 3.106968 0.064101 0.079764 
0.286117 0.067413 0.888452 2.346313 58.232276 3.630722 0.149750 0.286996 0.032880 0.124783 54.682978 0.513512 0.328472 6.773738 50.102198 5.425960 0.035565 1.799623 0.238206 19.005388 0.103479 
14.922300 0.457605 0.776014 0.108026 1.885473 3.274807 0.169977 0.635716 8.388507 2.795398 0.057054 0.485762 1.740774 2.835625 0.248835 12.116314 6.241264 0.098403 0.159082 0.023936 5.501371 0.055247 0.960096 0.043756 0.762147 
0.359826 2.412097 1.399198 3.708119 0.342407 2.322945 80.757882 83.174995 4.250832 11.646931 0.189982 0.601236 0.163762 1.361996 0.052907 0.120360 12.211274 0.119058 0.408184 0.509512 
15.899449 2.453184 0.028056 45.677600 5.129680 0.047918 0.177072 0.142872 0.239053 0.085552 3.866326 30.794403 0.680881 
12.981022 12.200108 1.993278 20.556110 0.167963 0.190852 7.403332 3.274086 0.246337 0.582809 0.221121 4.145496 1.203217 6.152424 0.831907 2.819434 2.928848 0.044494 0.301135 3.142774 1.944423 0.194450 23.626336 
7.195096 0.683928 1.143066 54.228054 1.050640 1.066921 0.486169 0.254222 0.130083 0.024986 1.683569 0.256906 6.826966 1.363467 1.655291 0.136003 61.192668 2.494496 0.413608 1.086798 2.601014 0.979628 1.024460 0.071336 0.229995 0.155553 0.076351 12.253137 0.333548 0.402444 1.130417 0.809434 1.947814 0.678326 0.067105 1.138315 
0.048565 0.690744 2.439664 0.701242 0.102854 0.145882 0.735677 162.917506 0.377470 0.823396 0.215834 11.517680 13.082282 23.828158 0.856723 
144.689022 13.158878 0.187770 0.071330 180.266240 1.086727 2.981031 6.753413 2.631618 14.455356 0.529109 0.599270 
1.835449 0.455647 31.836518 10.080523 1.643661 7.463384 2.728718 0.835019 1.992793 0.178711 0.281721 0.074707 11.407673 1.346728 1.295559 2.834072 2.168393 36.439619 1.896199 21.868099 0.357069 1.744533 25.728874 8.072356 0.135235 
2.619975 0.019483 0.239535 8.182621 0.524865 0.859863 23.742270 1.859142 0.107825 0.109996 0.033704 2.480116 0.136934 1.851436 3.086112 0.091612 0.413097 5.844251 0.131091 1.247371 2.534564 0.153388 5.307120 12.455467 5.147208 0.400001 0.085300 0.491316 0.281934 
0.024776 0.093875 1.751637 1.621944 0.069274 0.321356 0.219498 0.697475 0.052156 0.667962 1.783368 0.142546 0.236141 19.335569 6.249722 2.243089 2.740581 24.740737 19.453569 2.641520 0.093277 5.253958 
