-116.246029 -116.225343 -116.229295 -116.251187 -116.231240 -116.209110 -116.238109 -116.227660 -116.211336 -116.260153 -116.258249 -116.244819 -116.252790 -116.205271 -116.233165 -116.222124 -116.236791 -116.238843 -116.249088 -116.237833 -116.226567 -116.257201 -116.220878 -116.246180 -116.204756 -116.250196 -116.209746 -116.247853 -116.259678 -116.245765 -116.252004 -116.208529 -116.207343 -116.257586 
-116.206005 -116.212512 -116.258911 -116.244085 -116.219629 -116.248997 -116.222571 -116.229305 -116.237618 -116.229809 -116.215438 -116.239371 -116.223124 -116.219336 -116.253563 -116.238336 -116.215856 -116.247802 -116.207689 -116.217385 -116.240154 -116.203928 -116.223293 
-116.204422 -116.252459 -116.231163 -116.248130 -116.234740 -116.235467 -116.248767 -116.245422 -116.210626 -116.245006 -116.225882 -116.228605 -116.208060 -116.254975 -116.223987 -116.258476 -116.210359 -116.211622 -116.215474 -116.221312 -116.235020 -116.207125 -116.260078 -116.206478 -116.231656 -116.220752 -116.252928 -116.250439 -116.211870 -116.243300 -116.225483 -116.221741 -116.247632 -116.246064 -116.212463 -116.233892 
-116.217633 -116.255227 -116.217798 -116.208766 -116.222548 -116.216046 -116.217060 -116.225695 -116.233366 -116.240000 -116.241926 -116.220675 -116.259907 -116.215611 -116.237072 -116.244481 -116.222723 -116.252771 
-116.225829 -116.224016 -116.246620 -116.205987 -116.242555 -116.239647 -116.244426 -116.202621 -116.235858 -116.220272 -116.259683 -116.225058 -116.210460 -116.247462 -116.217022 -116.255120 -116.222099 -116.218315 -116.250995 -116.245258 -116.214297 -116.213760 -116.213697 -116.217998 -116.231217 -116.232898 -116.242182 -116.226563 -116.230721 -116.248140 -116.218642 -116.213318 -116.260068 -116.242550 
-116.228396 -116.232863 -116.258171 -116.245873 -116.231752 -116.228897 -116.217952 -116.251874 -116.209443 -116.218972 -116.208590 -116.214435 -116.217137 -116.255825 -116.253236 
-116.209493 -116.231376 -116.222000 -116.222974 -116.231954 -116.255160 -116.208438 -116.230866 -116.244804 -116.239360 -116.208262 -116.241890 -116.244060 -116.239049 -116.210752 -116.206154 -116.237108 -116.244546 -116.241098 -116.248824 -116.258418 -116.224102 -116.259975 -116.203652 -116.257561 -116.248216 -116.253729 -116.217431 -116.252379 -116.254127 
-116.203185 -116.205364 -116.218181 -116.240923 -116.243167 -116.248636 -116.234504 -116.205410 -116.218603 -116.229706 -116.205046 -116.223149 -116.240655 -116.244883 -116.242641 -116.254449 -116.253071 -116.248772 -116.216998 -116.233319 
-116.228548 -116.203459 -116.221276 -116.252266 -116.212985 -116.215784 -116.246677 -116.233543 -116.231523 -116.231994 -116.216744 -116.213812 -116.210771 -116.239003 -116.207208 -116.238598 -116.251322 -116.253547 -116.259790 -116.219766 -116.222657 
-116.256060 -116.227929 -116.255328 -116.224254 -116.208212 -116.237331 -116.210442 -116.225776 -116.249886 -116.230893 -116.237456 -116.254089 -116.209368 -116.206154 -116.206536 -116.248867 -116.205641 -116.202556 -116.204033 -116.214136 -116.230830 -116.203677 -116.256380 -116.223271 
-116.232151 -116.253837 -116.249229 -116.247912 -116.223489 -116.219683 -116.212371 -116.211032 -116.225876 -116.251883 -116.240689 -116.204357 -116.222051 -116.231377 -116.258916 -116.219587 
-116.211732 -116.237131 -116.258154 -116.241504 -116.217621 -116.214233 -116.257171 -116.258576 -116.218790 -116.244912 -116.253519 -116.241196 -116.228693 -116.206877 -116.232070 -116.256041 -116.207128 -116.253154 -116.206293 -116.221497 -116.242121 -116.254752 
-116.245431 -116.248492 -116.222930 -116.244332 -116.230140 -116.239992 -116.202480 -116.238210 -116.204120 -116.235155 -116.251299 -116.245955 -116.232293 -116.235021 -116.221315 -116.235363 -116.255553 -116.224383 
-116.237923 -116.244173 -116.216578 -116.249829 -116.240459 -116.259861 -116.221026 -116.232920 -116.246540 -116.246565 -116.202410 -116.217096 -116.211220 -116.232785 
-116.229577 -116.209596 -116.236770 -116.210678 -116.204427 -116.231454 -116.231181 -116.257724 -116.205464 -116.234359 
-116.252482 -116.215076 -116.211581 -116.243829 -116.219949 -116.239392 -116.240865 -116.250433 -116.219283 -116.235269 -116.221794 -116.220234 -116.247485 -116.227732 -116.250224 -116.256594 -116.228439 -116.256648 -116.231361 -116.240814 
-116.249320 -116.214121 -116.244453 -116.221598 -116.206193 -116.258094 -116.244119 -116.227724 -116.227646 -116.211025 -116.228364 -116.250358 -116.213055 -116.208398 -116.243069 -116.249341 -116.232033 -116.215066 -116.222754 
-116.204927 -116.232148 -116.241525 -116.244336 -116.204078 -116.232350 -116.222869 -116.254095 -116.236665 -116.254942 -116.220562 -116.228993 -116.257977 -116.208842 -116.229167 -116.219887 -116.240414 -116.215181 -116.220825 -116.246982 -116.202343 -116.249657 -116.239545 -116.225644 -116.235984 
-116.256626 -116.257785 -116.242960 -116.233517 -116.223561 -116.241869 -116.253614 -116.226225 -116.249181 -116.224997 -116.230913 -116.203725 -116.203270 -116.236656 
-116.225688 -116.239092 -116.223581 -116.232806 -116.207942 -116.253567 -116.219239 -116.216745 -116.227401 -116.225253 -116.237703 -116.223837 
-116.213210 -116.248386 -116.207861 -116.202766 -116.207268 -116.259243 -116.209238 -116.257963 -116.214202 -116.208188 -116.245109 -116.224390 -116.229775 -116.212882 -116.254893 -116.216930 -116.245507 -116.246958 -116.234531 -116.230501 -116.239550 -116.206803 -116.203807 
-116.218895 -116.245256 -116.213090 -116.258894 -116.226058 -116.231037 -116.221247 -116.206375 -116.216281 -116.245196 -116.221666 -116.239392 -116.203467 -116.209769 -116.205659 -116.235901 -116.205965 -116.220880 -116.247691 -116.247974 -116.216704 -116.250421 -116.218417 -116.235795 -116.206107 -116.236984 -116.220808 -116.242265 -116.251485 -116.246250 -116.223021 
-116.250104 -116.222510 -116.226437 -116.259326 -116.241649 -116.230879 -116.227750 -116.217326 -116.239005 -116.245010 -116.257544 -116.254134 -116.231618 -116.227598 -116.208285 -116.224446 
-116.246187 -116.225683 -116.228556 -116.225352 -116.234786 -116.244511 -116.244739 -116.231650 -116.221877 -116.235006 -116.205106 -116.202451 -116.238738 -116.206761 -116.235035 -116.259533 -116.210825 -116.231198 -116.235079 -116.233129 -116.235371 -116.241157 -116.235944 -116.215640 -116.227756 -116.219131 -116.231759 -116.215311 -116.232808 -116.223544 -116.231178 -116.257959 -116.233521 -116.247180 -116.210010 
-116.235591 -116.242444 -116.207410 -116.255633 -116.240370 -116.218021 -116.215452 -116.217300 -116.241344 -116.238505 -116.257867 -116.246877 -116.235894 -116.211985 -116.255983 -116.227119 -116.239373 -116.259222 -116.260097 -116.242949 -116.246832 -116.255636 
-116.248932 -116.223145 -116.205026 -116.229368 -116.249380 -116.204309 -116.235575 -116.202456 -116.216029 -116.230194 -116.204311 -116.246206 -116.206099 -116.224598 -116.216755 -116.209720 -116.254541 -116.252695 -116.226252 -116.207288 -116.206486 
-116.220707 -116.233699 -116.247722 -116.238366 -116.248360 -116.217100 -116.225435 -116.215595 -116.245563 -116.240003 -116.244842 -116.226411 -116.222338 -116.206840 -116.230487 -116.206892 -116.217645 -116.248441 -116.207122 -116.240288 
-116.245712 -116.235600 -116.221813 -116.238832 -116.254028 -116.237679 -116.251898 
-116.205591 -116.211500 -116.250920 -116.210509 -116.233304 -116.241827 -116.209481 -116.235654 -116.216133 -116.247176 -116.248766 -116.204260 -116.248767 -116.236142 
-116.236357 -116.223621 -116.257011 -116.249213 -116.223245 -116.226276 -116.244547 -116.239899 -116.247105 -116.223793 -116.229494 -116.259183 -116.253822 -116.207211 -116.255505 -116.237477 -116.202367 -116.236047 
-116.214682 -116.204926 -116.224756 -116.218122 -116.252973 -116.250536 -116.232712 -116.206190 -116.224392 -116.225303 -116.216384 -116.250421 -116.253153 -116.215922 -116.229184 -116.216819 -116.212609 -116.205072 
-116.207354 -116.230323 -116.230839 -116.237340 -116.235507 -116.253259 -116.202467 -116.229178 -116.237569 -116.219985 -116.252672 -116.217469 -116.211090 -116.209025 -116.238578 -116.254524 
-116.247050 -116.229797 -116.241048 -116.225106 -116.206208 -116.236647 -116.224627 -116.257307 -116.230583 -116.220345 -116.230274 -116.249487 -116.206094 -116.254208 -116.238157 -116.238199 -116.208433 -116.254183 -116.207733 -116.214580 -116.212288 
-116.244222 -116.227476 -116.241649 -116.238574 -116.253452 -116.225143 -116.215365 -116.254336 -116.203312 
-116.229479 -116.226747 -116.252858 -116.211873 -116.209632 -116.232360 -116.248553 -116.220570 -116.219910 -116.205926 -116.233696 -116.254296 -116.238205 -116.252705 -116.248919 -116.254543 -116.228031 -116.221205 -116.258195 -116.222612 -116.229834 -116.258251 -116.216283 -116.209396 
-116.235847 -116.234195 -116.221018 -116.248191 -116.248977 -116.225818 -116.228048 -116.219366 -116.210896 -116.230608 -116.228374 -116.205605 -116.258512 -116.235373 -116.203670 -116.230900 -116.229817 
-116.257153 -116.240028 -116.214148 -116.232675 -116.208715 -116.217470 -116.241103 -116.222148 -116.209425 -116.256541 -116.231534 -116.249398 -116.232929 -116.254961 -116.250375 -116.215177 -116.208656 -116.237596 -116.213865 -116.254780 -116.232009 
-116.244994 -116.242483 -116.215715 -116.227525 -116.229565 -116.204749 -116.203554 -116.232591 -116.222940 -116.204728 -116.235665 -116.244274 -116.220054 -116.234247 -116.228325 -116.210844 -116.229282 -116.217174 -116.233454 -116.213230 -116.230633 -116.216311 -116.234064 -116.217738 -116.251083 -116.243276 -116.220320 -116.220844 
-116.233286 -116.259821 -116.220840 -116.203543 -116.245927 -116.221095 -116.237086 -116.250514 -116.222893 -116.248515 -116.203706 -116.241108 -116.248975 -116.255483 -116.221829 -116.247631 -116.221554 -116.221485 -116.252784 -116.237650 -116.257757 -116.211244 -116.226908 -116.217394 -116.242591 -116.244681 -116.227327 -116.207777 -116.252730 
-116.208430 -116.221881 -116.238205 -116.246108 -116.247017 -116.244254 -116.217573 -116.228842 -116.244458 -116.247676 -116.202822 -116.207961 -116.226443 -116.202333 -116.233191 
-116.241294 -116.250339 -116.217102 -116.236039 -116.209105 -116.231220 -116.227438 -116.212552 -116.207140 -116.256096 -116.258852 -116.245935 -116.203540 -116.204190 -116.253542 -116.213454 -116.241503 -116.251642 -116.207011 
-116.238706 -116.240949 -116.242528 -116.216577 -116.258762 -116.213704 -116.216837 -116.213777 -116.207014 -116.219538 -116.259945 -116.226330 -116.207421 -116.203803 -116.209721 -116.234364 -116.212924 -116.208846 -116.213910 -116.225718 -116.220514 -116.208274 -116.214195 -116.248180 -116.220141 
-116.210433 -116.243320 -116.225979 -116.250412 -116.231306 -116.210218 -116.206424 -116.216202 -116.237212 -116.209697 -116.218600 -116.203811 -116.227900 -116.231614 -116.213243 -116.219733 -116.237068 -116.224136 
-116.213745 -116.207697 -116.203845 -116.230535 -116.232403 -116.245038 -116.204562 -116.231451 -116.203240 -116.230171 -116.222706 -116.235354 -116.247827 -116.219162 -116.219229 -116.228985 -116.206062 -116.250872 -116.204642 -116.219123 -116.254959 -116.254074 -116.209211 -116.209787 -116.222930 
-116.257375 -116.228518 -116.202840 -116.253714 -116.227719 -116.251071 -116.210024 -116.208833 -116.207021 -116.227668 -116.257562 -116.238788 -116.257162 -116.237363 -116.253394 -116.205868 
-116.222801 -116.252920 -116.221214 -116.206900 -116.213854 -116.203508 -116.250286 -116.234230 -116.249929 -116.238181 -116.221196 -116.245384 -116.251982 -116.228968 -116.232826 -116.235272 -116.238244 -116.218048 -116.258182 -116.220285 -116.208317 -116.207184 
-116.220847 -116.219702 -116.214913 -116.219719 -116.204066 -116.246148 -116.249255 -116.214642 -116.237542 -116.233119 -116.227669 -116.227346 -116.205381 -116.245769 -116.241931 -116.248773 -116.222155 -116.215489 -116.251080 
-116.248768 -116.225819 -116.220197 -116.244995 -116.223983 -116.241631 -116.219834 -116.240147 -116.243563 -116.241003 -116.215480 -116.253446 -116.237189 -116.254478 -116.206575 -116.216153 -116.220843 -116.259596 -116.245226 -116.236503 -116.213626 -116.224354 -116.255315 -116.226972 -116.225138 -116.238697 -116.238169 -116.226880 
-116.231581 -116.241630 -116.225745 -116.243930 -116.258069 -116.237872 -116.233982 -116.256021 -116.212266 -116.208775 -116.239143 -116.255132 -116.237472 -116.205197 -116.228299 -116.245201 -116.256013 -116.242895 -116.224075 -116.218101 -116.253852 -116.203298 -116.241152 -116.244492 -116.246774 -116.226304 -116.232942 -116.210718 -116.203739 -116.253538 -116.242044 -116.203748 -116.257379 -116.244964 -116.253091 
-116.229235 -116.217517 -116.251917 -116.237401 -116.245831 -116.235791 -116.210989 -116.209764 -116.240464 -116.246983 -116.244326 -116.222235 -116.231699 -116.255713 -116.237545 -116.238364 -116.208749 -116.209712 -116.232573 -116.223537 -116.231905 -116.213628 -116.251275 -116.204613 -116.210160 -116.214138 
-116.217229 -116.244509 -116.238556 -116.217660 -116.232621 -116.253274 -116.238214 -116.246318 -116.207007 -116.247369 -116.256397 -116.206656 
-116.216243 -116.251317 -116.222037 -116.209456 -116.206532 -116.239316 -116.231263 -116.251820 -116.247142 -116.213822 -116.225896 -116.217985 -116.213669 -116.240988 -116.221263 
-116.244715 -116.225779 -116.246985 -116.223022 -116.234562 -116.221100 -116.222882 -116.248261 -116.208550 -116.225440 -116.244519 -116.237679 -116.229091 -116.216199 -116.212672 -116.249439 
-116.214203 -116.211876 -116.233896 -116.246487 -116.251218 -116.249208 -116.230155 -116.247403 -116.232684 -116.232823 -116.230013 -116.257418 -116.243397 -116.212748 
-116.226439 -116.252281 -116.251938 -116.235307 -116.221970 -116.244849 -116.259260 -116.247846 -116.229517 -116.214483 -116.216331 -116.219167 -116.217146 -116.218256 -116.218194 -116.242891 -116.214514 -116.223357 -116.205296 
-116.243344 -116.249800 -116.255596 -116.227384 -116.248368 -116.252080 -116.214218 -116.218729 -116.220037 -116.240427 -116.203207 -116.211884 
-116.251749 -116.222674 -116.256158 -116.256663 -116.209490 -116.229932 -116.246410 -116.240812 -116.227257 -116.253657 -116.210077 -116.232534 -116.234588 -116.252123 -116.229791 -116.254735 -116.252316 -116.254066 -116.255395 -116.229965 -116.207571 -116.228652 -116.209705 -116.253246 -116.254505 
-116.249591 -116.250483 -116.202560 -116.243869 -116.204604 -116.249546 -116.217418 -116.239477 -116.208683 -116.205110 -116.236234 -116.233328 -116.229202 -116.260134 -116.259574 -116.217931 
-116.205905 -116.207947 -116.216203 -116.205532 -116.220498 -116.203603 -116.232020 -116.239169 -116.232658 -116.237729 -116.243653 -116.231422 -116.243922 -116.253601 -116.253714 -116.217322 
-116.229585 -116.212019 -116.218208 -116.221057 -116.233234 -116.242425 -116.227100 -116.250346 -116.246633 -116.238220 -116.239035 -116.227424 -116.247178 -116.226739 -116.225505 -116.235830 -116.222185 -116.204956 -116.259005 -116.245349 -116.205680 -116.206711 -116.219695 -116.207016 -116.251180 -116.208017 -116.212707 -116.241131 -116.213619 -116.255805 -116.232528 -116.214584 -116.239967 -116.236199 -116.204728 -116.229071 -116.206263 -116.218504 
-116.256592 -116.214061 -116.218595 -116.223236 -116.253635 -116.236590 -116.248399 -116.208464 -116.255282 -116.218305 -116.202676 -116.248310 -116.247868 -116.245340 -116.212776 
-116.233114 -116.216838 -116.242868 -116.211008 -116.241724 -116.218354 -116.215908 -116.239436 -116.214843 -116.238051 -116.256029 -116.220891 -116.254819 -116.234290 -116.206935 -116.260045 
-116.206630 -116.231081 -116.225093 -116.232252 -116.249734 -116.205518 -116.231432 -116.235353 -116.254255 -116.256718 -116.207869 -116.216565 -116.234447 -116.252670 
-116.245298 -116.218486 -116.241424 -116.228261 -116.247255 -116.246461 -116.228578 -116.223408 -116.231026 -116.208266 -116.250217 -116.243279 -116.241077 -116.211688 -116.220204 -116.257759 -116.217649 -116.210170 -116.211176 -116.215570 -116.204482 -116.258412 -116.252438 
-116.248047 -116.221472 -116.250638 -116.220230 -116.242072 -116.217675 -116.252492 -116.218049 -116.224809 -116.233278 -116.231764 -116.227562 -116.209552 -116.210759 -116.228363 -116.224471 -116.248801 -116.217163 -116.237933 
-116.224038 -116.216240 -116.214252 -116.248907 -116.254536 -116.235406 -116.246208 -116.236060 -116.240888 -116.229777 -116.230564 -116.247789 -116.214733 -116.224764 -116.203099 -116.222947 -116.213217 -116.209117 -116.212390 -116.214746 -116.241267 -116.236152 
-116.245522 -116.225918 -116.238149 -116.254528 -116.205658 -116.253501 -116.223428 -116.235465 -116.248955 -116.257428 -116.217695 -116.216370 -116.254486 -116.220550 -116.220944 -116.225978 -116.225795 -116.238148 -116.253509 -116.250519 -116.221851 -116.252142 -116.209818 -116.223280 -116.256236 -116.207896 
-116.240393 -116.233431 -116.239366 -116.258338 -116.203827 -116.257372 -116.248392 -116.203040 -116.236645 -116.215867 -116.241736 -116.209583 -116.203478 -116.230129 -116.249085 -116.221519 -116.247508 -116.217915 -116.256809 
-116.244952 -116.239869 -116.235216 -116.244848 -116.207379 -116.207828 -116.219742 -116.206448 -116.244080 -116.213436 -116.257197 -116.208715 -116.259005 
-116.247957 -116.234930 -116.238873 -116.236580 -116.238837 -116.233363 -116.252015 -116.226632 -116.235825 -116.231639 -116.229413 -116.228806 -116.258000 -116.248680 -116.214231 -116.235159 -116.240421 -116.249127 -116.223031 -116.251633 -116.212601 -116.245954 -116.253777 -116.219647 -116.224027 -116.220997 -116.223635 -116.244340 -116.247712 -116.249301 
-116.241567 -116.212955 -116.212632 -116.245656 -116.246135 -116.236910 -116.225463 -116.252760 -116.225484 -116.236312 -116.243062 -116.212399 -116.208576 
-116.247540 -116.228976 -116.224099 -116.253475 -116.226397 -116.249719 -116.236320 -116.223371 -116.250428 -116.241382 -116.254219 -116.226516 -116.256282 -116.249754 -116.218706 -116.224644 -116.216120 -116.233946 -116.252892 -116.248889 -116.258447 -116.203605 -116.227933 -116.205858 -116.219842 
-116.255595 -116.213222 -116.212386 -116.246303 -116.221476 -116.246723 -116.237713 -116.242500 -116.241452 -116.214204 -116.212504 -116.225012 -116.216507 -116.249774 -116.232926 -116.220739 -116.216987 -116.257591 -116.231790 -116.202879 -116.253674 -116.255334 -116.203748 
-116.257656 -116.245104 -116.257334 -116.225031 -116.258239 -116.255990 -116.215118 -116.230845 -116.238507 -116.223575 -116.253722 -116.203727 -116.231626 -116.237985 -116.216569 -116.249127 -116.209955 -116.220078 -116.255380 -116.211423 -116.211368 -116.232667 -116.244466 -116.213924 -116.207445 -116.238581 -116.203350 -116.215964 -116.204220 -116.211770 -116.240849 -116.245050 
-116.254265 -116.241290 -116.234274 -116.217033 -116.232584 -116.203374 -116.242705 -116.258076 -116.257066 -116.219719 -116.230767 -116.210313 -116.236830 -116.230323 -116.240778 -116.251723 -116.220220 -116.256189 -116.211332 -116.205258 -116.249453 -116.231285 -116.206321 
-116.246777 -116.234367 -116.258496 -116.233070 -116.221606 -116.234837 -116.242705 -116.213117 -116.243140 -116.251069 -116.250956 -116.229454 -116.226095 -116.259002 -116.237648 -116.252661 -116.205976 -116.215375 -116.225328 -116.208919 -116.208027 -116.225693 -116.249174 -116.251427 -116.244011 -116.236223 -116.214379 -116.235726 -116.258725 -116.213957 
-116.256326 -116.240402 -116.240616 -116.213283 -116.259718 -116.234790 -116.205648 -116.208546 -116.246663 -116.232619 -116.240858 -116.258167 -116.226861 -116.209501 -116.240696 -116.223381 -116.211215 -116.253743 -116.219134 -116.221629 -116.222900 -116.229635 -116.214514 -116.219815 -116.230609 -116.207477 -116.202943 -116.256056 -116.212693 -116.220380 
-116.208394 -116.210544 -116.227428 -116.254110 -116.226152 -116.244931 -116.213355 -116.239606 -116.210427 -116.215153 -116.227539 -116.256049 -116.212681 -116.237639 -116.233862 -116.227420 -116.250087 -116.254647 
-116.231666 -116.237209 -116.227300 -116.256548 -116.244988 -116.246090 -116.215167 -116.243973 -116.255973 -116.250830 -116.235289 -116.210706 -116.259533 -116.232540 -116.237637 -116.203409 -116.210037 
-116.213971 -116.251370 -116.204941 -116.249263 -116.236883 -116.215351 -116.203013 -116.226232 -116.248381 -116.210327 -116.232198 -116.205828 -116.247123 -116.242253 -116.237891 -116.238766 -116.233797 -116.255016 -116.233366 -116.220734 -116.258251 
-116.234338 -116.251452 -116.231706 -116.245993 -116.249468 -116.211447 -116.258482 -116.209217 -116.245109 -116.230174 -116.219625 -116.215357 -116.220162 -116.225550 -116.219866 -116.258626 -116.222134 -116.233974 -116.217352 -116.257406 -116.241645 -116.238292 -116.239839 -116.246106 -116.220805 -116.222058 -116.220481 -116.241026 -116.207577 
-116.259897 -116.225407 -116.225776 -116.207727 -116.224054 -116.256014 -116.244710 -116.258975 -116.211121 -116.205107 -116.203930 -116.243544 -116.251275 -116.248313 -116.238917 -116.257377 -116.226821 -116.247790 -116.257010 -116.210218 -116.242458 -116.213828 -116.232531 -116.206711 -116.233502 -116.204026 -116.256549 -116.248090 -116.251260 -116.217458 -116.222210 
-116.209157 -116.229891 -116.222621 -116.243159 -116.247420 -116.221798 -116.223317 -116.212220 -116.225604 -116.247602 -116.240928 -116.227229 -116.243308 -116.225970 -116.206750 
-116.241789 -116.204934 -116.225146 -116.233848 -116.244466 -116.213463 -116.240207 -116.223572 -116.239782 -116.253656 -116.254061 -116.242838 -116.209390 -116.257385 -116.211784 -116.234015 -116.247979 -116.246600 -116.211433 -116.244398 -116.254921 -116.251426 -116.240298 -116.245348 -116.206734 -116.203203 -116.204511 -116.250962 -116.210848 
-116.246160 -116.223975 -116.225847 -116.226758 -116.253382 -116.222091 -116.212204 -116.254888 -116.204954 -116.232331 -116.212757 
-116.207959 -116.211393 -116.219960 -116.246285 -116.236398 -116.234144 -116.203482 -116.251354 -116.216700 -116.225127 -116.259622 -116.203195 -116.256759 -116.218431 -116.250242 -116.226829 -116.215557 -116.251965 -116.258108 -116.203487 -116.253489 -116.259213 -116.219809 -116.236084 -116.203863 -116.247909 -116.203519 -116.213459 -116.204664 
-116.202714 -116.233363 -116.259800 -116.219698 -116.223196 -116.252379 -116.236787 -116.232157 -116.232088 -116.231082 -116.210590 -116.203830 -116.209940 -116.246128 -116.237199 -116.230080 -116.237199 -116.257789 -116.204015 -116.258734 -116.246814 -116.247232 
-116.217837 -116.219125 -116.240152 -116.240858 -116.252076 -116.244657 -116.246906 -116.259413 -116.241892 -116.232380 -116.207108 -116.202715 -116.209492 -116.209388 -116.257048 -116.223772 
-116.233402 -116.246166 -116.213607 -116.218284 -116.203956 -116.247299 -116.245294 -116.244455 -116.206600 -116.243382 -116.256855 -116.247373 -116.246311 -116.206977 -116.248752 -116.224021 -116.259942 -116.239506 
-116.243827 -116.226982 -116.253503 -116.255584 -116.243894 -116.248886 -116.242635 -116.213153 -116.215211 -116.238665 -116.222300 -116.224150 -116.205651 -116.222539 -116.222787 -116.247849 -116.240720 -116.226546 -116.254876 -116.219828 -116.217635 
-116.256975 -116.242479 -116.242694 -116.230382 -116.238508 -116.235681 -116.238185 -116.252399 -116.217336 -116.240807 -116.223092 -116.246296 -116.220272 -116.215861 -116.211085 -116.247471 -116.219890 -116.227711 -116.228753 -116.249929 -116.250411 -116.208445 -116.222730 -116.255705 -116.258487 
-116.250096 -116.237665 -116.239667 -116.224323 -116.224747 -116.205696 -116.203664 -116.247823 -116.220483 -116.206246 -116.223514 -116.224682 -116.253405 -116.256027 -116.238701 -116.239441 -116.257813 -116.256691 -116.212170 -116.221323 
-116.258358 -116.214220 -116.216983 -116.215366 -116.242526 -116.203770 -116.240890 -116.222671 -116.243677 -116.257452 -116.224132 -116.251637 -116.206085 
-116.255389 -116.215523 -116.207843 -116.247834 -116.237486 -116.222319 -116.253948 -116.252309 -116.259400 -116.206063 -116.209348 -116.215860 -116.209803 -116.207524 -116.251313 -116.232821 -116.242693 -116.245986 -116.257670 -116.213535 -116.234771 -116.214569 -116.205975 
-116.218845 -116.203524 -116.206858 -116.217462 -116.251872 -116.242994 -116.248057 -116.234903 -116.219661 -116.202956 -116.239786 -116.245040 -116.253364 -116.207192 -116.212594 -116.252821 -116.243054 -116.203625 -116.223379 -116.222672 -116.205143 -116.247464 -116.250493 -116.219730 -116.228253 -116.258591 -116.254850 -116.250948 -116.213555 -116.258041 -116.241623 -116.251914 -116.211068 -116.202966 -116.226919 -116.222660 
-116.244278 -116.257803 -116.220907 -116.255933 -116.241564 -116.245463 -116.233403 -116.249839 -116.205201 -116.222023 -116.243175 -116.226188 -116.258332 -116.215874 -116.202357 
-116.215852 -116.253960 -116.246170 -116.239837 -116.244415 -116.216122 -116.215262 -116.214606 -116.254492 -116.227631 -116.206894 -116.213860 
-116.237254 -116.237964 -116.215948 -116.209520 -116.230467 -116.239891 -116.231711 -116.256100 -116.229226 -116.209907 -116.229443 -116.231882 -116.256684 -116.248847 -116.205811 -116.240886 -116.240734 -116.247796 -116.211134 -116.246925 -116.246027 -116.255414 -116.259457 -116.242744 -116.205708 
-116.215480 -116.213780 -116.241392 -116.224988 -116.255957 -116.220808 -116.242785 -116.204351 -116.236434 -116.253288 -116.254851 -116.240114 -116.214085 -116.209572 -116.219000 -116.248699 -116.214012 -116.203419 -116.242214 -116.248332 -116.223527 -116.209817 -116.239216 -116.240747 -116.253881 -116.242095 -116.220756 -116.232378 -116.258952 
-116.258117 -116.213480 -116.251837 -116.209587 -116.237656 -116.210124 -116.235909 -116.250908 -116.234554 -116.247244 -116.259409 -116.244907 -116.236217 -116.237777 -116.215138 -116.233166 -116.224251 -116.249409 -116.211539 -116.218138 -116.215494 -116.215826 
