0.906408 0.994198 1.033694 1.256174 1.171489 0.808826 0.988256 1.062509 0.978256 1.238459 0.975451 0.944607 1.231422 1.086384 1.170000 1.218610 1.102224 0.796731 0.858604 1.199493 1.084708 1.130162 0.844699 0.880932 1.012799 
0.925523 1.083314 1.128149 1.208642 0.795809 0.944980 0.955583 1.125897 0.895172 0.834104 1.033492 1.080769 1.118585 0.866572 1.161562 0.991799 0.953605 0.984716 0.830301 1.079164 
0.974528 0.977965 1.113766 1.059802 0.803150 1.024411 0.919505 0.802703 0.946405 1.113572 1.058166 1.183973 1.254917 0.924398 1.161207 0.804331 1.238455 0.942274 1.105668 0.801347 0.965057 1.182317 1.008348 1.088039 0.979031 1.110110 1.019121 
0.796571 1.165107 1.073264 0.981747 1.005101 1.235972 0.796086 1.220745 0.890104 1.038959 1.193007 1.043021 0.940869 0.899764 1.084301 0.943296 0.828668 0.886808 0.825265 0.808000 1.166461 1.219036 
1.060307 0.911129 0.794383 1.194862 0.893843 1.235972 0.911324 0.931072 0.895782 0.815723 0.912486 1.066251 0.848491 0.903892 1.123671 1.172608 1.070573 1.158594 1.158015 1.167306 1.200921 0.920461 1.037655 0.867263 0.948573 0.867622 0.936227 
0.800011 1.025957 1.152099 0.862808 0.971265 0.941309 0.878347 0.994436 0.901145 0.847855 1.209868 0.851977 1.139981 1.165422 1.036072 1.229607 1.249459 0.796533 1.253253 1.019841 1.058979 1.185040 
0.912751 0.909927 1.248593 1.164110 0.969553 0.839937 0.873095 0.942558 1.110211 0.857136 0.851559 1.186136 1.072085 1.109418 1.033098 1.163214 1.076605 1.003089 1.048494 
1.026439 0.819372 0.848049 0.820700 1.177642 0.845853 1.248385 0.824592 1.166640 1.083049 0.916461 0.864431 0.923912 1.060438 1.225510 1.014539 0.838986 0.839479 
1.212683 1.081682 1.025006 0.876527 1.020351 1.111131 1.238094 1.253441 0.874249 1.092756 0.898684 1.093875 0.807516 0.884077 1.057579 0.982914 0.906326 0.927518 1.020985 1.158739 1.209776 0.927370 0.977101 1.062958 0.835970 
1.257639 1.242194 0.858939 1.015360 0.811513 0.836195 1.114412 0.897597 0.859563 0.822833 1.009275 1.150679 0.917064 0.891873 1.216772 0.812070 0.843567 1.023991 0.946646 
0.805050 1.242194 1.001490 1.205878 0.815839 0.922716 1.051988 0.949418 1.157586 0.963656 1.197989 0.998065 1.006282 0.976308 1.198312 0.798042 
1.250351 0.852196 1.205665 1.003443 0.836731 0.866358 0.973001 0.796587 0.817801 0.901498 1.158851 0.898551 1.085966 
0.863806 1.044668 0.988349 1.234076 1.249060 1.245703 0.802482 1.029836 0.824808 0.918040 0.831755 1.079335 1.069933 0.896383 1.002787 1.027639 0.866371 0.907787 
0.796691 1.034006 1.010582 1.231220 1.076174 1.031689 0.842866 0.889785 0.812113 1.145213 0.919792 1.222919 1.152115 0.869281 1.154262 1.109522 0.948243 0.958704 0.905795 0.984192 1.004228 1.188773 1.143010 0.926393 1.073015 0.875702 1.182327 1.094180 0.848565 0.938501 1.224209 0.826990 1.052801 0.899479 1.081937 0.901383 1.222436 
0.800000 1.220549 0.834166 0.895270 1.107949 0.894375 1.247268 1.063151 1.098911 0.986427 1.177433 1.136993 1.114738 1.220985 1.096365 1.179377 1.256352 1.106697 0.869689 1.064473 1.095539 0.841822 0.885059 1.148114 0.983115 
1.206930 1.116890 0.892454 0.800700 1.250080 1.002850 1.035036 0.892346 1.003959 0.807772 1.171119 1.257171 0.951524 0.827541 1.215633 0.955074 
1.093166 0.863617 1.072551 1.244921 0.824585 0.813378 1.087709 0.906129 0.897514 0.922011 0.940250 1.000278 1.147564 0.959604 0.965059 1.248902 1.071816 0.856218 
1.169672 1.101188 1.033639 1.173373 0.823061 0.826878 0.976284 0.981478 0.903993 1.051621 0.989441 1.134021 0.834246 1.064159 1.158843 
0.921295 0.895298 0.997697 1.033444 1.247320 1.212416 0.918317 0.944659 1.168462 0.974754 1.080978 1.162166 0.875514 0.912164 1.153796 1.054024 0.871135 1.085774 1.243999 1.200587 0.842382 0.800919 0.972265 0.914893 0.817464 1.145049 
1.117383 1.244211 1.006591 1.037752 1.247320 0.900429 1.198498 0.986549 1.166966 0.966443 1.249086 0.813097 1.134688 1.177118 1.132670 1.110123 1.130385 0.951497 0.910043 1.064237 1.211603 1.044800 0.858141 1.173102 1.221838 0.802897 1.113277 1.169500 1.104880 1.078306 0.844635 
1.134656 0.950255 0.804438 0.961205 1.257680 0.950912 1.244540 1.068217 1.132315 1.004523 1.015174 0.894806 1.258853 1.227669 1.091474 0.795321 0.817064 1.122009 1.247939 1.052899 1.171288 0.959041 1.061982 0.918823 1.056112 0.857002 1.212142 0.853545 0.821991 0.946263 
0.891598 1.106719 0.998035 1.254716 0.862298 1.100775 0.797015 0.868098 0.864788 1.253594 0.886664 0.995232 1.202875 0.841357 1.143102 1.059293 0.878138 1.083093 1.169229 0.968847 
1.256434 1.067655 0.834849 0.861004 1.051058 0.877612 0.811247 1.177987 1.028597 0.936137 1.246219 
0.962447 0.889386 1.013470 0.854837 0.831400 1.215123 1.006291 0.939780 1.031582 1.209575 1.244399 1.209091 0.794394 1.022756 0.922371 0.826977 0.990182 1.132794 0.866031 1.100178 0.920545 1.063427 1.199345 0.859375 0.812404 
0.801061 1.134238 1.028120 1.012307 0.892959 0.883572 1.129507 0.871310 1.189603 0.962766 0.961429 0.961335 
0.865175 1.211826 1.117274 0.839258 0.820681 1.087927 1.145065 1.001084 0.993283 1.205959 0.954309 0.891371 0.911300 0.890875 0.962612 1.211073 0.795639 0.852613 1.004492 1.251115 
1.070981 1.219830 1.006655 0.839590 1.249839 0.839669 0.827306 0.999282 1.156035 0.879061 1.227731 0.879913 1.067237 1.084412 1.240867 1.164383 0.795464 
1.018054 1.096167 0.866829 0.951674 0.916958 1.117892 0.873025 0.865762 0.805727 1.172742 1.188167 0.817630 1.063427 0.852272 0.902767 1.115491 0.836179 1.027953 1.001177 1.008998 
1.159652 1.029390 1.252629 0.826542 0.860892 1.249173 0.854104 1.020124 1.249923 1.133575 0.992702 1.054010 0.914604 0.949542 1.061587 0.802484 
1.143543 1.094749 1.217027 0.817054 1.134479 1.163115 1.256606 0.926420 0.992694 0.960423 0.898878 1.177778 0.827058 1.204243 0.815201 1.246359 1.081565 
0.901694 1.145979 1.251778 1.248655 0.921352 0.949570 1.101867 0.799278 0.891990 0.961788 0.824181 1.019318 0.910811 1.127060 0.842508 0.800181 1.240970 1.049299 1.039070 
1.212418 0.855281 0.812333 1.058804 1.008224 1.124611 0.905774 1.177236 1.037024 1.124426 1.223549 0.948018 0.917925 
1.249443 0.842410 1.209889 0.924866 0.901745 1.035585 1.001007 0.969643 1.231411 1.023483 0.896281 0.995390 1.232773 1.004231 1.220260 0.913559 1.137733 1.140150 1.066936 0.877333 1.038907 0.990773 
0.800166 0.808130 1.207125 0.813182 0.946956 0.845886 0.948016 0.997844 0.882751 1.214939 1.214169 1.188577 
1.017834 0.938211 1.167151 0.858153 0.870803 1.243811 1.123762 0.844886 0.886337 0.947030 1.082430 0.861564 
1.033660 1.149413 1.206124 0.881724 0.957001 0.804669 1.033550 0.908338 1.115089 1.248295 0.971850 1.200503 1.079703 0.853084 0.991785 1.036614 0.981145 0.910032 1.061649 0.931868 
1.080979 0.836980 0.918485 0.827516 1.050320 1.069654 1.180424 0.894305 1.102293 0.978657 1.143145 1.015223 0.845942 0.932009 1.002599 1.046145 1.181592 0.897119 1.011890 1.242496 1.204265 0.897030 1.016998 0.988771 1.247113 0.971344 0.970409 0.912856 0.821078 1.083872 0.833650 1.004451 1.228419 
0.844853 0.970968 1.203273 0.863599 1.068348 1.015258 0.852757 1.162960 1.112558 1.068943 1.220766 1.222530 1.015849 1.040016 1.042680 0.944704 0.922644 0.922622 1.078483 1.158644 0.855372 0.986522 1.256554 0.907782 1.232264 0.950734 
0.908212 0.995579 1.027900 1.152259 1.016204 1.056242 0.909576 0.998703 1.049209 1.229950 0.797121 1.018552 1.015320 1.191155 0.930876 1.211248 1.156534 0.841180 1.229313 1.019812 1.125973 1.065646 0.992435 
0.801919 0.855717 1.064479 1.200059 1.136551 1.103826 1.192024 1.038791 0.819566 1.244654 0.920190 1.205292 0.843000 0.943426 1.053790 1.056171 0.807992 0.963932 
0.866428 0.812011 0.889504 1.142180 1.214384 1.075097 0.826256 1.254803 1.041814 1.249279 0.825075 0.930410 1.216646 0.818906 0.810559 0.971689 1.130892 1.041731 1.072843 0.917439 1.071093 0.936406 
1.189773 1.140860 1.059828 1.045436 1.111523 1.246380 0.824041 1.254803 0.895867 0.856096 1.111952 1.238241 0.928790 0.844484 0.983408 1.010636 0.839855 0.997367 1.159397 0.944151 1.209546 1.074666 1.000389 1.141966 1.094695 1.098840 1.081617 1.171514 1.002659 
1.064084 0.917509 0.950907 1.052433 0.805731 1.132564 1.081817 1.258340 1.142239 1.120215 0.979385 1.246436 1.021233 0.972786 1.235769 0.964884 0.810544 0.868009 0.987940 1.175474 0.933328 0.860611 0.845223 1.109121 1.135727 1.084306 0.863562 0.963740 
1.009147 1.161228 0.954798 1.233765 1.024890 1.114502 0.932606 0.933074 0.987415 1.244737 0.925149 1.147789 0.896379 0.856201 0.803343 0.838919 1.002349 0.972797 1.188831 1.055107 0.856044 1.231386 0.997056 1.208441 
0.810692 0.890689 0.930736 1.232768 0.886160 0.842526 0.868290 1.195512 0.840301 0.880943 1.210782 1.016100 0.971422 0.889978 1.134077 1.140702 0.816953 0.890774 1.141700 1.029919 
1.130204 1.220201 1.140627 0.833114 0.919811 1.240478 0.818578 0.803631 0.822594 0.881425 0.920141 0.817691 
1.212599 1.193131 1.199254 0.877920 0.947103 0.864090 1.121895 1.156573 1.186047 1.110209 1.072908 0.950682 1.243878 1.130133 0.935971 0.980278 0.928443 1.237867 1.046353 
0.996661 0.968912 0.835276 1.160978 1.236579 0.833352 0.804343 0.948084 1.203308 
1.253815 1.064663 1.051793 0.989844 0.849035 1.144787 1.103289 0.816162 0.870156 1.154183 0.798790 0.881871 1.187866 1.093015 
1.020735 0.864569 0.880549 1.105598 0.812485 0.927915 1.089761 0.907542 1.009554 1.011851 1.200776 1.210427 1.204962 1.074107 1.033480 1.101965 0.876442 0.818409 0.916547 0.863544 0.937888 0.906857 0.867593 1.021876 0.892810 1.202506 0.999694 
0.835092 1.224389 0.814367 0.802125 1.060465 1.247551 1.184182 0.962284 0.935769 1.165227 0.922775 0.904802 1.136709 0.809556 1.245047 1.036039 0.834792 1.057297 1.226768 1.003897 1.142494 0.797080 0.908899 1.024639 0.958573 1.038198 
1.135836 0.985005 0.844390 1.048258 0.995166 0.862018 1.039455 0.904067 1.034294 1.163043 0.816716 1.096846 0.812458 0.905293 0.993835 0.930656 0.930571 0.807033 1.210223 1.106477 0.981131 0.904702 0.926595 1.052762 0.947799 1.210257 0.941648 
1.196768 1.225559 0.864576 1.241723 1.164644 0.816682 1.015771 1.173892 0.862620 0.832777 1.108311 1.062618 0.953394 0.985696 0.934627 0.806496 0.929842 0.970312 0.928691 1.043074 0.918135 1.220379 1.074490 0.823219 
0.847986 0.828543 0.871140 1.165994 0.988955 1.235829 0.811612 0.895744 1.160979 1.030607 0.998468 1.023015 0.859385 1.052844 0.884862 1.186087 1.006482 1.046360 0.801448 0.813863 0.868983 1.083537 1.116063 0.840032 
0.963665 1.123866 0.902792 0.997700 0.831584 0.899303 0.954411 0.825462 1.019442 1.008335 0.911677 0.887347 1.216561 1.184717 1.136999 1.001904 0.977951 1.220525 1.249367 0.804939 
1.108352 1.248940 1.035085 1.254888 0.936506 0.930237 0.877892 0.821050 1.029331 0.986951 0.919011 1.213811 0.940518 0.802010 0.819035 1.088329 0.870046 1.076161 0.877611 0.828421 0.811202 1.197214 1.183505 1.124422 1.204071 1.045994 1.060707 
1.005469 1.248940 1.017846 1.120494 0.872064 0.977265 0.892353 0.948106 1.069746 1.225009 0.811513 0.965335 1.224261 0.901325 0.845147 1.030737 0.870094 0.834728 0.969941 0.836144 1.009532 0.962919 0.866548 
1.036312 0.818540 0.865403 1.200784 0.859105 1.045797 0.878868 1.080777 1.216167 0.798534 0.945553 1.163362 1.016625 0.796482 1.094495 0.810500 1.199092 0.819343 0.804749 0.922702 1.048479 1.240290 1.239871 1.157803 1.012085 0.883808 0.921822 0.888884 0.842834 0.858102 0.959157 0.991157 0.980271 1.000927 1.000265 0.878602 1.138162 0.934376 
1.043665 0.884106 0.833707 1.066156 1.114680 0.935164 0.811238 0.848239 0.799052 0.798534 0.953352 0.925916 1.114021 1.158267 1.230987 0.901886 1.036073 0.921188 1.190525 0.970498 1.171763 1.024296 
1.236038 0.811149 1.056531 1.032199 0.883914 1.162381 1.163335 0.963683 1.081054 1.258101 1.108961 1.170277 1.168086 0.824808 1.066814 1.143868 0.796968 
0.917724 0.797262 1.108473 1.102552 1.241430 1.027240 0.967031 1.065255 0.912811 0.803131 0.890812 1.220084 0.873871 0.999840 0.959879 1.187776 0.980324 1.195419 
0.803575 1.216366 0.891919 0.832512 0.953364 1.064318 1.238282 1.043529 1.171295 1.012987 1.098121 0.918238 0.813261 1.141644 0.927121 1.044641 1.020838 1.246961 0.990289 1.061547 0.802813 0.830029 1.030679 
1.138120 1.032501 1.249983 0.886118 1.176838 0.960208 1.056984 0.867674 0.966677 0.825067 0.818187 1.014735 0.841425 1.077930 
1.251079 0.888263 1.236597 0.803303 1.086756 0.847420 0.988394 0.887886 1.087697 1.019903 1.130028 0.919433 0.888719 0.813927 0.897351 1.206693 0.867815 0.821371 
0.868610 0.978788 1.098702 0.806815 0.932892 1.057864 1.104895 1.000549 0.947521 0.845962 1.203743 1.225026 0.876722 1.213816 0.959896 1.198819 0.823746 1.168925 0.838212 0.926233 1.212060 
1.176038 0.935239 0.937046 1.158271 0.906138 0.796519 1.238464 1.175122 1.117933 1.065917 0.812272 0.918346 0.859060 1.007473 0.871372 0.899467 
1.061163 1.061348 0.801084 0.932052 1.189103 0.887930 1.218451 0.933928 1.214948 0.836839 1.097996 0.930879 1.183167 0.805334 0.915536 1.000028 1.148346 0.979082 
0.813350 1.095811 1.252501 0.836430 1.222978 0.954049 0.802939 1.002782 1.138622 1.071652 1.074437 0.806555 0.947094 0.997493 1.097627 0.876269 0.898535 1.020300 1.024771 1.116412 0.871929 1.194882 1.006644 0.827617 1.115008 0.934738 1.103708 
1.099155 0.989907 0.928288 0.851200 0.911535 0.800719 0.989707 1.110241 1.016486 1.236957 1.114223 0.813094 1.036137 0.905072 1.034421 0.887644 1.099416 0.868719 1.083370 1.144233 0.908750 0.877677 0.972026 0.992992 1.186770 0.849633 0.870989 1.150479 0.831882 0.902005 0.870713 1.079960 
1.078511 1.223647 0.812970 0.908496 0.913044 1.202505 1.170078 1.257969 0.960250 1.066982 1.144381 1.090835 1.244359 0.880235 0.951855 0.976141 1.101143 0.795973 0.805755 1.178191 1.007522 1.213736 0.910358 1.018723 1.096300 0.844136 0.891419 1.194951 1.115001 1.022760 1.119272 1.118589 0.811369 0.893367 1.160521 0.974804 1.191743 0.903760 0.801443 0.899786 1.079352 
1.095594 1.249154 1.073323 1.026712 0.863935 0.863705 0.809636 0.864270 1.042966 1.231998 1.239731 0.931660 0.880022 0.879631 1.179633 
1.248628 1.107943 0.986276 1.208559 0.833204 0.897566 1.256644 0.924922 0.907926 0.932826 0.962877 0.865389 0.874731 1.253533 0.941035 1.171830 1.087311 0.795080 1.064772 0.879474 1.095057 0.949615 1.170444 0.879679 1.100567 1.238860 0.853240 1.044942 1.061019 1.132538 1.233900 
1.098963 0.900180 1.074601 1.233507 1.203295 1.094758 1.117055 0.820136 0.949484 0.914743 1.090975 1.194371 1.008320 0.965774 0.932971 1.031922 0.994317 1.104269 1.045980 1.137859 1.087680 
1.187362 0.989294 1.037825 0.999578 0.925232 0.977058 1.087167 0.820136 0.977348 1.203988 1.104251 1.225957 0.958931 0.872482 0.851926 0.852489 1.185753 0.930155 0.918582 1.082118 0.988499 0.879280 1.015289 1.003112 0.863335 0.814859 
0.838293 0.867248 1.058347 1.052210 0.883449 1.178467 0.881697 1.177673 1.144546 0.990056 0.858584 0.965806 1.211248 
0.955518 0.971468 1.013795 1.129074 0.820784 1.147157 0.953848 0.837590 1.017759 0.874372 1.015881 1.097160 1.104424 1.049229 0.879102 1.137761 1.124050 0.828531 1.105008 0.990111 0.795227 
1.211999 0.976878 1.157964 0.915033 0.806804 1.167420 0.915610 1.024132 1.120949 1.145984 1.161882 1.049468 0.872768 0.881423 1.208451 1.110060 1.129670 0.882727 0.808288 1.133467 0.824345 1.136074 1.119333 1.150102 1.053878 0.989308 1.247561 0.824850 0.870384 1.161558 1.041963 0.999439 
0.809814 1.141920 1.034792 0.878719 1.075111 0.916938 0.851717 1.061835 1.004845 0.938033 1.116511 1.007912 0.814520 0.889527 0.884967 0.813688 1.246458 0.874361 
1.066603 0.918486 0.822120 1.007650 1.092873 0.879262 1.133490 1.020243 1.065352 1.200299 1.173109 0.963517 0.946948 1.006428 0.798926 0.902761 0.853614 0.800713 
1.204981 0.898422 0.839172 1.021175 0.829830 0.993300 0.937765 1.062598 0.871454 0.826696 0.809215 0.812885 1.150525 0.827118 0.919433 1.068381 1.019620 
0.943968 0.823410 0.923528 0.879554 1.086772 1.080135 1.006707 1.238374 1.019523 0.873013 1.189579 0.950599 0.911404 
1.120718 1.111847 0.857971 1.188156 0.969825 1.115057 0.851703 1.025902 0.839802 0.851955 1.255043 1.092063 1.141697 0.961601 1.187757 1.100208 1.081351 1.130153 1.012565 
0.901423 1.222140 0.891945 0.846391 0.914767 1.077633 1.201746 0.823093 0.801315 0.930737 0.814232 1.145610 0.892864 0.845261 0.815220 1.018293 1.035018 1.000739 
1.241064 1.246402 1.024892 0.896093 1.046422 0.810251 1.033675 1.169048 0.989827 0.964221 1.048159 1.090600 0.873236 1.102838 1.076114 0.828211 1.109690 1.121914 1.145815 0.987513 0.995023 1.251383 0.915371 0.991546 1.032278 0.984967 
0.924972 1.074012 1.191462 0.849182 1.040794 0.832531 0.932619 1.138799 1.012082 0.988540 1.172154 1.184208 
1.018070 0.895537 1.098447 1.196173 0.841369 0.862173 0.836416 0.841244 0.809289 0.808572 1.124502 0.827850 1.028724 0.923649 1.110669 1.207939 1.056143 1.122514 1.045090 0.889074 1.013539 1.037570 1.193020 0.799079 0.998499 0.821276 1.022160 0.930445 0.819832 1.094361 1.024713 1.002939 0.970017 
1.149581 1.136546 1.086118 1.235969 1.222191 0.800038 0.878196 1.105606 0.813907 1.227401 1.052538 0.921678 0.822226 1.059396 0.977270 1.002046 1.160547 
1.036735 0.800563 1.146926 1.097048 0.802596 0.906948 0.822519 1.066067 1.176337 1.025795 1.174852 0.856190 0.838319 
0.843373 0.808063 0.938126 0.833768 0.852114 1.050896 0.842790 0.984355 1.235728 1.055812 0.961986 0.806380 1.137865 0.984319 0.839354 0.803599 1.041885 0.912431 0.973203 1.162358 
1.074772 1.239792 1.169072 1.218739 1.179605 0.805293 0.930651 1.024714 0.924724 0.899815 0.900905 1.103322 0.909207 0.958502 
0.894121 1.138232 0.797684 0.896491 1.242572 1.122824 0.804653 0.888880 0.804530 0.864691 0.832537 0.957269 0.974878 0.894307 1.169485 
1.011079 0.841994 0.832876 0.902639 1.254735 1.099830 1.074706 1.003039 1.104975 1.110863 1.042639 
1.031802 1.222651 1.143689 0.858890 0.853879 1.133432 0.997072 0.842163 0.841329 1.116007 0.864690 1.027073 0.848473 0.945275 1.186255 1.062476 0.990351 
0.809050 1.014853 1.011934 0.932274 0.887184 0.929558 0.813979 0.803434 0.846949 1.117300 1.115440 0.817723 1.178020 1.136287 1.159041 1.245898 1.258790 1.002676 0.830914 1.062390 
0.830985 1.200119 1.030128 0.846543 1.042202 1.207445 0.807402 0.852150 1.026748 1.127962 1.049187 0.829954 0.876811 0.800082 0.798381 0.801834 0.839234 1.246500 1.087330 0.864307 
0.816050 1.223961 1.049026 0.934416 0.828526 1.077752 1.160709 1.183816 1.171184 0.828626 0.803983 1.123685 0.843604 0.873994 1.138815 0.807584 0.879791 0.953246 1.235602 0.922080 0.799197 0.831309 1.110644 0.969582 1.176970 0.902123 0.915931 0.830835 1.211218 1.244327 1.132647 
1.065872 0.813706 1.009796 1.064618 0.826836 1.124962 0.805739 1.169292 1.010482 1.080861 0.839847 1.124167 1.115106 
0.905487 0.884954 0.919981 0.970263 0.878796 0.808607 0.826807 1.238366 1.059281 1.136359 0.842044 1.001691 0.842314 1.185774 1.257067 1.123394 1.076436 1.219062 1.156246 0.896814 1.134123 0.910620 0.965493 0.983338 0.834577 0.849481 
1.037868 0.914840 0.812951 1.126738 0.819604 0.999236 0.954485 1.057241 1.173589 1.029835 1.165072 1.103559 1.073085 0.876995 0.903985 0.864134 1.167646 0.797091 0.934822 1.199449 1.023303 1.079740 0.992725 1.047148 1.187295 1.136589 
1.100397 1.156806 1.009173 1.228298 0.878036 1.051269 0.908863 0.851293 0.953590 0.905774 1.019193 1.039972 1.011962 0.860751 0.863451 0.969998 0.908165 0.924307 1.163901 0.866307 1.104011 1.194035 0.815381 0.851315 0.857778 1.064679 0.954760 1.084714 
