  0.161068 212.689873
  0.177146 195.341140
  0.170024 209.294379
  0.169926 231.069180
  0.171154 213.432048
  0.162326 246.793875
  0.160917 194.567858
  0.164644 212.876994
  0.177387 191.486420
  0.171615 218.663892
  0.173349 216.067328
  0.174672 200.048173
  0.169677 220.587102
  0.170222 201.505349
  0.167246 203.045231
  0.161799 212.681729
  0.164530 187.653871
  0.184943 188.427406
  0.162389 192.432845
  0.166349 205.043897
  0.167746 194.522557
  0.171579 199.115931
  0.166704 187.354683
  0.168769 199.593893
  0.178462 194.399355
  0.177072 214.423404
  0.173715 204.238711
  0.169766 212.828796
  0.162106 180.919916
  0.166060 194.799785
  0.160762 187.641969
  0.176640 203.551069
  0.173412 203.121691
  0.181570 189.199578
  0.164756 222.363929
  0.159052 182.570155
  0.168092 192.913165
  0.173143 195.705685
  0.171453 196.495520
  0.167088 196.473715
  0.162842 219.671278
  0.166648 219.133903
  0.159459 200.771056
  0.163800 189.175012
  0.171522 194.943383
  0.172211 213.847814
  0.173133 189.915951
  0.169767 205.005077
  0.173950 207.466738
  0.175811 205.861092
  0.176102 205.969361
  0.168060 215.204884
  0.180510 207.931986
  0.173315 215.123426
  0.177369 202.492383
  0.164543 207.439771
  0.171363 200.103669
  0.171886 203.360374
  0.181877 211.251597
  0.168391 195.311778
  0.168786 189.000806
  0.180451 187.192298
  0.159575 203.226949
  0.170602 198.577687
  0.174484 186.837753
  0.177947 199.180462
  0.163773 215.800666
  0.171558 215.015405
  0.167940 196.593451
  0.164909 215.397945
  0.177040 201.406612
  0.181483 200.337862
  0.172785 235.687293
  0.171185 197.822068
  0.180785 226.275817
  0.176593 217.505270
  0.167699 200.577861
  0.173962 210.278737
  0.180094 198.960655
  0.170146 190.651230
  0.165371 210.554641
  0.173753 211.126297
  0.177319 189.602999
  0.171881 207.839976
  0.189084 191.230844
  0.173070 222.940210
  0.172204 200.373152
  0.171711 186.955338
  0.157077 203.437888
  0.173081 205.524860
  0.166539 177.980580
  0.169923 193.967560
  0.170245 214.891985
  0.180045 204.431623
  0.174012 200.147283
  0.178038 216.283126
  0.172373 184.871179
  0.170129 186.571684
  0.172966 204.716902
  0.169274 208.593549
