 0.382485  1.093274
 0.342103  1.219348
 0.151457  0.752113
 0.117317  2.168511
-0.206180  0.992155
-0.120937  2.851698
-0.209446  1.205370
 0.094510  1.436276
-0.061459  0.833019
 0.153981  0.933415
-0.439140  0.983941
-0.537823  2.167169
-0.565857  1.032714
-0.581959  1.328243
-0.613174  1.492990
-0.456404  0.678550
-0.235375  0.872222
 0.251523  0.660985
-0.129687  1.294310
 0.186561  1.809076
-0.049269  0.762956
-0.166003  0.865733
-0.397499  0.729618
-0.368495  0.869069
-0.403545  1.462124
-0.361979  1.140007
 0.387143  1.056373
-0.017795  4.324733
 0.376355  0.818838
 0.227714  0.790227
 0.156364  1.540192
 0.207041  0.820495
-0.226692  0.871050
-0.064097  3.150682
 0.139508  0.991343
 0.266250  0.715827
-0.107944  0.826214
-0.296662  1.192044
-0.078190  0.677205
-0.148522  1.215347
-0.290311  0.725441
 0.043384  1.036808
-0.107332  1.122150
-0.517586  0.910829
 0.105506  1.354927
-0.065136  1.258617
-0.513642  1.763861
-0.341336  1.066344
-0.607714  1.080638
-0.147340  1.026925
-0.291260  1.335894
-0.081435  0.840158
 0.485806  1.278110
 0.170742  0.704650
 0.272133  1.498290
 0.933234  1.847923
 0.202116  0.730579
-0.077965  1.154711
-0.148835  1.915798
-0.142603  0.762374
-0.573585  1.738901
 0.072229  0.877136
 0.608410  0.847145
 0.741612  1.173596
 0.769626  2.236371
 0.255214  0.825042
-0.285618  1.136702
-0.396501  1.736352
-0.289450  1.032822
-0.098771  0.794372
 0.140081  0.592394
-0.049607  0.958074
 0.145240  1.370329
-0.251360  0.478166
-0.029467  0.922931
 0.066396  1.264459
 0.109668  0.652804
 0.267738  0.913846
 0.582607  1.130006
 0.112395  1.238903
-0.165680  1.011420
-0.054591  0.599225
-0.072865  0.433390
-0.587818  0.997600
-0.126899  0.759782
-0.260076  1.371227
-0.193791  1.169285
-0.130996  1.222517
 0.172972  1.163645
 0.239537  1.260761
 0.155116  0.713434
 0.363874  1.610417
 0.280688  0.634591
 0.206564  0.678237
-0.136508  0.487819
 0.219728  1.033393
 0.626231  2.271484
 0.169936  0.451443
-0.195655  0.556534
-0.128838  0.731341
