  35.878263 -116.212332
  35.881431 -116.235957
  35.878236 -116.241791
  35.844649 -116.218114
  35.862091 -116.209046
  35.868774 -116.256968
  35.854727 -116.225118
  35.885920 -116.254324
  35.889512 -116.235403
  35.854178 -116.239910
  35.854181 -116.210422
  35.889655 -116.211196
  35.845225 -116.236240
  35.889312 -116.212652
  35.889804 -116.242864
  35.859232 -116.257254
  35.884075 -116.259428
  35.847502 -116.255158
  35.862308 -116.240087
  35.882621 -116.250518
  35.864002 -116.247418
  35.891359 -116.255241
  35.860737 -116.255363
  35.854971 -116.229045
  35.877013 -116.257533
  35.877893 -116.225992
  35.886422 -116.248203
  35.885449 -116.234495
  35.861641 -116.229729
