  35.886667 -116.213300
  35.880699 -116.231530
  35.842252 -116.234339
  35.880205 -116.239167
  35.882632 -116.258715
  35.891853 -116.222634
  35.890100 -116.259040
  35.867830 -116.207672
  35.876985 -116.225838
  35.854195 -116.225712
  35.856036 -116.252661
  35.879265 -116.259853
  35.859832 -116.247971
  35.854565 -116.246970
  35.856714 -116.241209
  35.859993 -116.244338
  35.885457 -116.235778
  35.861981 -116.236371
  35.854128 -116.256010
  35.878299 -116.226806
  35.851379 -116.217887
  35.855287 -116.234428
  35.844545 -116.217306
  35.840494 -116.237708
  35.845907 -116.236169
  35.871795 -116.206873
  35.869666 -116.247466
  35.844288 -116.222943
