35.891189 35.860338 35.881735 35.889357 35.876236 35.870109 35.868403 35.871315 35.888500 35.868504 
35.889409 35.878481 35.864304 35.881305 35.870863 35.852090 35.874306 35.842777 35.865952 35.875877 35.877077 35.852071 35.877554 35.860812 35.852147 
35.844901 35.891348 35.848686 35.866584 35.866623 35.885272 35.855482 35.842178 35.854989 35.861107 
35.891638 35.847459 35.858323 35.882417 35.851391 35.843750 35.860896 35.862140 35.855690 35.848613 35.869780 35.873173 35.847277 35.848246 35.868670 35.843754 
35.864813 35.868620 35.843863 35.850373 35.862759 35.859455 35.857249 35.890180 35.870941 35.843571 35.860982 35.843116 35.846324 35.868092 35.874758 35.886168 35.845936 35.840637 35.852689 35.857781 35.878037 
35.872154 35.855223 35.878533 35.877767 35.888431 35.889718 35.878335 35.860733 35.860759 35.851165 35.853038 35.884081 35.858541 35.892272 35.855167 35.852164 35.883446 35.877802 35.853712 35.868062 35.877251 35.878384 35.841892 35.875946 35.885926 
35.844023 35.883301 35.859926 35.845904 35.879163 35.840612 35.867951 35.887831 35.847188 35.878334 35.889072 35.853924 35.869737 35.875453 35.874964 35.844221 35.847757 35.885425 35.882219 35.878905 35.853420 35.871422 35.856701 35.863606 35.865985 35.888009 35.871665 35.890561 35.862250 35.880837 35.864853 35.846902 35.843500 35.853140 35.887446 35.862555 35.845943 
35.885561 35.851923 35.857655 35.853924 35.843069 35.858691 35.891665 35.860028 35.845462 35.840832 35.854487 35.847255 35.882976 35.851170 35.851338 35.874988 
35.869092 35.883511 35.869182 35.886278 35.844662 35.851037 35.860414 35.848499 
35.841524 35.885284 35.860046 35.881769 35.852044 35.874966 35.859389 35.866312 35.892330 
35.869932 35.847471 35.855890 35.855220 35.860509 35.881730 35.852216 35.876641 35.890152 35.847218 35.873439 35.862556 35.867030 35.872871 35.870015 35.888929 35.877978 35.853085 
35.884124 35.852718 35.854770 35.853281 35.853187 35.842586 35.886027 35.853106 35.879666 35.884954 35.855394 35.891330 
35.845428 35.882142 35.884820 35.852703 35.892339 35.841544 35.880167 35.883960 35.869502 35.857671 35.840699 35.841489 35.866790 35.869525 35.850371 
35.892208 35.889098 35.875402 35.877593 35.870706 35.841091 35.890827 35.884490 35.848110 35.841609 35.870788 35.868282 35.844302 35.888845 
35.849152 35.888005 35.873365 35.854698 35.864814 35.860988 35.883006 35.885298 35.884355 35.843602 35.885941 35.879407 35.872731 35.882923 
35.848472 35.852605 35.880870 35.852839 35.867616 35.846255 35.876714 35.866384 35.864274 35.860628 35.871983 35.857728 35.885896 35.869447 35.879538 35.869291 35.873488 35.842523 35.854874 35.847012 35.876300 35.840985 35.847833 35.870228 35.877967 35.858464 35.853182 35.880779 35.888672 35.842077 35.844842 35.843799 
35.857845 35.858545 35.848544 35.862970 35.884203 35.874238 35.887867 35.845429 35.865238 35.882448 35.876300 35.854613 35.841872 35.869433 35.851931 35.888073 35.844186 35.840804 35.890442 35.888894 35.878925 35.886500 35.875310 35.878776 35.870953 35.882950 35.851470 35.864151 35.887651 35.867546 35.878336 35.858871 35.882001 35.877138 35.891435 
35.848541 35.858726 35.890954 35.874465 35.845491 35.877853 35.879920 35.862753 35.848834 35.879551 35.883699 35.863668 35.878728 35.843844 35.871837 35.848517 35.876749 35.879228 35.876448 35.892370 35.867436 35.891789 35.858159 35.868127 35.870745 35.882272 35.886500 35.848458 35.851707 35.880680 35.873332 35.841947 35.888842 35.882713 35.848082 35.853420 35.858961 35.849258 35.850992 35.885937 
35.877883 35.869095 35.886862 35.865010 35.887515 35.877853 35.855222 35.845548 35.865193 35.875048 35.886111 35.883733 35.842040 35.842167 35.884154 35.866816 35.854008 35.875170 35.857143 35.846776 35.887586 35.887416 35.848021 35.883128 35.867572 35.878519 35.841615 35.870960 35.867343 35.882110 35.888443 35.853954 35.846115 35.888605 35.843030 35.882947 35.848611 35.882347 35.880612 35.884234 35.863023 35.878100 35.845001 35.861101 35.853674 35.882934 
35.856749 35.861860 35.848826 35.886545 35.842148 35.883417 35.867283 35.852150 35.884672 35.874336 35.890573 35.866275 35.849763 35.859725 
35.890536 35.867909 35.881356 35.861785 35.857127 35.840816 35.877266 35.865359 35.842496 35.843962 35.848081 35.859114 35.858341 35.891370 35.855656 35.846068 35.846713 35.842625 35.886117 35.844099 35.843950 35.849355 35.882148 35.844314 35.846434 35.860646 35.863436 35.864205 
35.879461 35.842010 35.868961 35.872083 35.887013 35.876415 35.857226 35.862411 35.872056 35.883510 35.876487 35.843918 35.885177 35.867807 35.865372 35.853316 35.858967 35.886610 35.877310 35.842174 35.887129 35.852080 35.862603 35.879344 35.867023 35.872167 35.858018 35.843869 35.869372 35.856583 35.866722 35.882006 35.869260 35.841027 
35.847984 35.865859 35.874551 35.852402 35.874459 35.847121 35.849415 35.847135 35.886992 35.890874 35.868767 35.861238 35.851496 35.892278 35.882728 35.841110 35.866262 35.888614 35.846629 35.859326 35.874630 35.851553 35.889538 
35.876756 35.852090 35.885160 35.864477 35.854176 35.842842 35.844971 35.853648 35.840793 35.851223 35.873878 35.872860 35.860074 35.846262 35.863581 35.871025 35.885197 35.870747 35.886120 35.875261 35.888862 35.867311 
35.857246 35.857006 35.862049 35.886671 35.882661 35.865591 35.870407 35.855450 35.849134 35.882181 35.892321 35.857067 35.852788 35.860610 35.846135 35.868498 35.866910 35.871727 35.856641 35.863354 35.857911 35.856267 35.875771 35.871592 35.870204 35.875918 35.845476 35.890892 35.872818 35.855692 
35.842307 35.891933 35.868902 35.858663 35.884002 35.876457 35.856579 35.849666 35.867991 35.872876 35.870330 35.863345 35.877596 35.878825 
35.845246 35.866686 35.849143 35.861861 35.879825 35.840492 35.869416 35.855372 35.886548 35.859909 35.885992 
35.888939 35.874046 35.873120 35.851810 35.870924 35.851484 35.861205 35.847428 35.850366 35.841145 35.862934 
35.871135 35.860465 35.879732 35.869530 35.874916 35.857547 35.875594 35.858711 35.853374 35.871273 35.863563 35.892129 35.846946 
35.887243 35.879807 35.862554 35.858684 35.863461 35.863592 35.870985 35.859272 35.842768 35.887147 35.874970 35.844991 35.863367 35.844977 35.876402 35.873461 35.844371 35.871604 35.842805 
35.876836 35.870177 35.890272 35.842358 35.862263 35.859896 35.887673 35.858014 35.883013 35.857169 35.874656 35.888552 35.841110 35.890649 35.864391 
35.857000 35.847883 35.877412 35.844116 35.865022 35.852342 
35.855000 35.852608 35.870163 35.847820 35.866928 35.872386 35.849415 35.874893 35.873276 35.847864 35.887954 35.852315 35.858088 35.875397 35.869963 35.859120 35.853601 35.866952 35.857383 35.875083 35.843493 35.857852 35.868116 35.861616 35.856291 35.881037 35.846359 35.861541 35.848309 35.843374 35.874527 35.844636 
35.884107 35.862757 35.872317 35.861902 35.874891 35.876073 35.860032 35.851233 35.864849 35.883154 35.851164 35.844063 35.868931 35.842741 35.842886 35.885027 35.868382 35.889590 35.857334 35.892139 35.842221 35.866444 35.881017 35.842062 35.846534 35.866263 
35.882202 35.848876 35.888364 35.883924 35.845716 35.878910 35.851992 35.854853 35.849197 35.859956 35.850197 
35.880825 35.868720 35.862385 35.880085 35.868915 35.864859 35.869687 35.857524 35.845347 35.880192 35.889827 35.846058 35.864332 35.889065 35.876110 35.842715 35.880654 35.889081 35.860337 35.871280 35.878765 
35.872585 35.888381 35.867764 35.848403 35.868447 35.865900 35.883545 35.886389 35.877524 35.878316 35.859176 35.882358 35.875265 35.889504 35.889799 35.841860 35.842454 35.842102 35.848169 35.849048 35.861120 35.872639 35.848962 35.849127 35.853151 35.846078 
35.887627 35.864883 35.860817 35.866798 35.857259 35.886055 35.877871 35.845963 35.845134 35.849992 35.860245 35.842854 35.842929 35.844145 35.883694 35.859534 35.852338 35.853528 35.849688 
35.864247 35.865330 35.844491 35.882592 35.872238 35.855796 35.852609 35.859629 35.843975 35.843266 35.884998 35.856188 35.862087 35.848832 35.885498 35.845473 35.853498 
35.871005 35.853521 35.866647 35.859922 35.891041 35.888299 35.868049 35.841303 35.878653 35.858182 35.867843 35.884348 35.883035 35.880598 
35.844298 35.847043 35.853275 35.868693 35.853441 35.857861 35.843164 35.891475 35.856720 35.876782 35.844041 35.878282 35.869115 35.851720 35.889596 35.887697 35.856344 35.849959 35.867168 35.890569 35.841616 35.879252 35.881020 35.844186 35.854289 35.889470 35.845353 35.868893 
35.844387 35.848717 35.864824 35.874321 35.862617 35.846004 35.854549 35.840558 35.868076 35.886391 35.892128 35.885417 35.845555 35.845142 35.864737 35.874620 35.843309 35.855108 
35.874110 35.886870 35.875397 35.872394 35.889261 35.845620 35.880534 35.879546 35.846787 35.863150 35.853658 35.887148 35.889167 35.887541 35.889056 35.860609 35.843607 35.861372 35.844392 35.886443 35.869987 35.858842 35.858204 35.875976 35.861408 
35.846423 35.872253 35.890896 35.881198 35.858940 35.889283 35.858640 35.880020 35.841298 35.889274 35.882107 35.856657 35.871905 35.870490 35.861074 35.867357 35.889219 35.889160 35.841692 35.890336 
35.869786 35.871910 35.849704 35.865213 35.871059 35.877067 35.861050 35.856389 35.858830 35.871685 35.862870 35.849424 35.888638 35.863321 35.861144 35.845545 35.891097 35.869311 35.852424 35.864802 
35.856574 35.851099 35.858221 35.851301 35.864350 35.873232 35.861230 35.866509 35.889483 35.869669 35.870417 35.848971 35.868733 35.850733 35.876092 35.852819 35.863865 35.869024 35.869500 35.863356 35.888793 35.847790 35.871495 35.872772 
35.881994 35.841723 35.891079 35.869803 35.855376 35.862477 35.869260 35.857080 35.855868 
35.862313 35.869744 35.891277 35.852493 35.844145 35.869975 35.845738 35.888922 35.868616 35.852335 35.869927 35.876609 35.846917 
35.892194 35.862789 35.847808 35.844690 35.866614 35.871579 35.843419 35.852994 35.861661 35.868748 35.886110 35.863191 35.877912 35.885357 35.840619 35.846160 
35.860435 35.867332 35.859212 35.856053 35.842510 35.885249 35.874773 35.841014 35.873358 35.881630 35.852898 35.872341 35.882012 35.870222 35.850811 35.872253 35.871244 35.858364 35.854057 35.849561 35.874263 
35.883760 35.869888 35.863367 35.847229 35.892200 35.861157 35.882282 35.846104 35.878945 35.885745 35.872035 35.848214 35.853889 35.855646 35.848536 35.891577 35.888406 35.864324 35.877048 
35.864078 35.887897 35.867144 35.869106 35.847064 35.887074 35.855596 35.855485 35.845706 35.890502 35.862823 35.845774 35.871896 35.862046 35.875979 35.866813 
35.858841 35.854490 35.859200 35.849186 35.890688 35.873630 35.854467 35.886441 35.891598 35.863440 35.855720 35.850290 35.880029 35.875138 35.867055 35.880559 35.886982 35.886067 35.863224 35.870078 35.858043 35.855590 35.883294 35.866659 35.841974 35.869279 35.845894 35.875220 35.886282 35.875445 35.882300 35.887995 35.872314 35.874119 
35.842666 35.877494 35.874522 35.853550 35.866729 35.855162 35.879382 35.891326 35.878717 35.842152 35.868724 35.877823 35.892052 35.853743 35.858223 35.876651 35.848804 35.842912 35.891380 35.847261 35.843120 35.849983 35.887042 35.874817 35.844863 35.875512 
35.883533 35.876492 35.869066 35.847304 35.847300 35.853340 35.890126 35.848282 35.849538 35.862156 35.859480 35.872178 35.845504 35.848706 35.846328 35.845449 35.876142 35.849520 35.882937 35.859244 35.861110 35.881242 35.855676 35.890963 35.858109 35.891589 35.843414 35.870153 35.879645 35.848119 35.861579 35.847274 35.847557 
35.862173 35.877416 35.861538 35.889212 35.878639 35.858828 35.885754 35.850203 35.877811 35.872293 35.862615 35.873025 35.873737 35.854001 35.880881 35.874177 35.863328 
35.880513 35.865321 35.879995 35.879763 35.850018 35.845096 35.856193 35.865559 35.868147 35.884466 35.882234 35.891555 35.889047 35.885816 35.865394 35.850428 35.864251 35.891731 35.884384 35.865396 35.867595 
35.877124 35.892371 35.842801 35.872550 35.874663 35.882852 35.877729 35.862516 35.871227 35.883488 35.876787 35.847872 35.884627 35.846066 35.883904 35.869414 35.892066 35.865003 35.851990 35.859359 35.880834 35.856103 35.853450 35.883990 35.884842 35.850678 35.843277 35.852435 35.865242 35.877006 
35.867145 35.860086 35.861145 35.881200 35.884380 35.875125 35.883310 35.871054 35.841901 35.883493 35.867788 35.873798 35.867903 35.876317 35.870817 35.892086 35.888604 35.860900 35.840726 35.862896 35.887082 35.881003 35.843834 35.845091 35.873538 35.844877 35.878019 35.860825 
35.864265 35.875045 35.846860 35.844404 35.849885 35.881219 35.866665 35.852725 35.882032 35.858249 35.859874 35.884355 35.866308 35.884545 35.847586 35.869893 35.888814 35.850573 35.890962 35.863772 35.889755 
35.864104 35.860405 35.883860 35.849983 35.866921 35.888536 35.879389 35.869249 35.859222 35.843332 35.848536 35.854371 35.845129 35.848456 35.876002 
35.871459 35.882958 35.879889 35.866107 35.873899 35.868183 35.840754 35.866965 35.849830 35.851102 35.885059 35.844023 35.851576 35.858979 35.876644 35.868694 35.874516 35.880864 35.855007 35.842459 35.855599 35.871275 35.852053 35.869307 35.868193 35.865649 35.884210 35.882633 35.855177 35.877999 35.863458 35.889941 35.847834 35.845248 35.840875 35.847917 35.845223 
35.874165 35.892005 35.863391 35.871942 35.852358 35.861460 35.848943 35.855794 35.863688 35.843914 35.845351 35.867781 35.881521 35.858069 35.847649 35.881366 35.849923 35.852645 35.870598 35.882039 35.865054 35.873025 35.890601 35.891382 35.853527 35.847424 35.858839 35.841874 35.875706 35.860064 35.856626 35.860226 35.885562 
35.889980 35.858397 35.877192 35.850550 35.842010 35.862184 35.850644 35.860031 35.857538 35.842134 35.873638 35.850406 35.860482 35.847600 
35.868451 35.855689 35.863049 35.849306 35.849469 35.865160 35.843770 35.860909 35.888908 35.881531 35.874723 35.882560 35.882246 35.887451 35.890948 35.889975 35.868531 35.880697 35.843610 35.871037 35.876399 
35.878381 35.872338 35.868578 35.863442 35.845286 35.870107 35.886567 35.877830 35.877831 35.856370 35.858973 35.866554 35.842095 35.844463 35.867818 35.868544 
35.879575 35.876082 35.886933 35.858759 35.855011 35.872387 35.858827 35.871983 35.846623 35.873582 35.865320 35.846528 35.854894 35.886800 35.874784 35.873820 35.877140 35.883058 
35.865499 35.873503 35.889913 35.841438 35.854141 35.867249 35.846186 35.864809 35.841169 35.871932 35.873563 35.850846 35.870911 35.866325 35.877643 35.889889 35.881024 35.861207 35.848433 
35.842246 35.858708 35.853455 35.879355 35.841817 35.855766 35.874948 35.877676 35.861696 35.840701 35.888473 
35.877763 35.864707 35.842020 35.846598 35.862067 35.847296 35.869109 35.884415 35.861516 35.886755 35.871534 35.842137 35.856320 35.885281 35.846435 35.854229 35.861574 35.884292 35.884307 35.841198 35.890770 35.877826 35.869640 35.872847 35.886021 35.871956 
35.855661 35.854012 35.867129 35.857688 35.864874 35.845850 35.848690 35.878081 35.867393 35.856598 35.884720 35.855031 35.878001 35.854226 35.864810 35.840564 35.869638 35.845314 35.842928 35.869034 
35.863489 35.880265 35.847941 35.881487 35.862622 35.874149 35.848511 35.891418 35.877808 35.840862 35.842791 35.856127 35.879627 35.845701 35.888616 35.878840 35.866556 35.882040 35.863370 35.885062 35.850783 35.842976 35.843838 35.865268 35.890934 35.886825 35.883375 35.879913 35.877909 35.879472 
35.866159 35.872307 35.855839 35.853476 35.857563 35.879752 35.888525 35.890305 35.885077 35.840818 35.850961 35.885935 35.884574 35.859916 35.846003 35.869794 35.874132 
35.842140 35.851205 35.851185 35.890773 35.844041 35.874679 35.880199 35.881674 35.881084 35.852983 35.887570 35.874259 35.850608 35.849165 35.851783 35.873592 35.849768 
35.853662 35.858755 35.859841 35.882634 35.852670 35.892215 35.858553 35.866265 35.874400 35.853458 35.862030 35.892282 35.850787 35.865964 35.851181 35.842367 35.873072 35.881582 35.871520 35.888554 35.852024 35.842485 35.853478 35.840492 35.842440 
35.880153 35.856849 35.883704 35.863464 35.842075 35.861645 35.861603 35.845533 35.849268 35.867699 35.846784 35.867782 35.854041 35.881459 35.850175 35.874329 35.844460 35.850967 35.878343 35.842087 35.858166 35.853729 35.873545 35.861094 35.860704 35.885528 35.856731 35.887738 35.890876 35.861006 
35.846137 35.874525 35.853547 35.854490 35.852550 35.869046 35.878142 35.875406 35.890333 35.875089 35.883847 35.885279 35.842463 35.887122 35.844068 35.855663 35.866173 35.840423 35.864331 35.856475 35.874098 35.863933 35.847985 35.863582 35.890336 35.853205 35.843056 35.892361 35.845720 35.891271 35.867173 35.876763 35.863811 35.850734 35.852437 35.846965 
35.876570 35.854385 35.847349 35.881307 35.841205 35.886833 35.882273 35.851168 35.874098 35.871970 35.870279 35.878354 35.885783 35.869820 35.867645 35.860395 35.850183 35.883123 35.863944 35.870304 35.862689 
35.847244 35.842316 35.859973 35.850081 35.866027 35.889979 35.861807 35.860706 35.852515 35.873890 35.859320 
35.890583 35.886039 35.863050 35.840870 35.855313 35.860484 35.877125 35.861487 35.888896 35.888565 35.853034 35.843391 35.873301 35.870248 35.888488 35.868016 
35.862117 35.855064 35.885796 35.888178 35.864720 35.866571 35.869957 35.890623 35.861268 35.858961 35.864892 35.852652 35.849050 35.890086 35.851129 35.850271 35.872105 35.860007 35.865600 35.880681 35.862009 35.888122 35.889742 35.862589 35.877103 35.877883 
35.848897 35.853999 35.883172 35.848945 35.890561 35.860754 35.856555 35.845958 35.871687 35.862139 35.886709 35.890999 35.862022 35.884828 35.862215 35.861623 35.863402 35.871395 35.873792 35.868632 35.864401 35.887146 
35.864916 35.852766 35.872634 35.849961 35.889373 35.844418 35.847671 35.849438 35.867334 35.867235 35.871837 35.879929 35.845071 
35.866502 35.871105 35.881526 35.841656 35.854600 35.843657 35.866505 35.870168 35.884881 35.842623 35.883506 35.883063 35.846581 35.852896 35.884586 35.886263 35.843011 35.876178 35.849554 35.863998 35.850501 35.882445 35.841256 35.854836 35.854843 35.848800 35.872597 35.848933 35.861623 35.873593 
35.849211 35.847274 35.843368 35.856860 35.874493 35.844945 35.872702 35.888067 35.867251 35.853636 
35.874004 35.866710 35.858571 35.875701 35.879213 35.843818 35.844063 35.858381 35.853023 35.863050 35.842284 35.872432 35.891503 35.843846 
35.855805 35.877956 35.863937 35.844268 35.845126 35.852743 35.880190 35.858993 35.870260 35.886265 35.844095 35.857053 35.858947 35.892199 35.861252 35.854983 35.867619 35.855845 35.873173 35.842840 35.883493 
35.864608 35.887701 35.866093 35.842482 35.862859 35.849734 35.856239 35.889560 35.855644 35.890874 35.886694 35.863644 35.889190 35.886625 35.855405 35.847049 35.884777 35.868277 35.865468 35.870868 
35.874997 35.869986 35.871808 35.862736 35.841575 35.888738 35.870499 35.861474 35.891488 35.887993 35.858916 35.877140 35.859200 35.845863 
35.859413 35.888801 35.849902 35.846717 35.876208 35.849024 35.866924 35.879085 35.845230 35.849346 35.856590 35.844221 35.892136 35.860350 35.843831 35.874332 35.856374 35.887208 35.883574 35.887435 35.867191 35.850682 35.861808 35.886188 35.875184 
35.844440 35.860500 35.847885 35.888663 35.853346 35.841378 35.871935 35.845912 35.844509 35.875198 35.852419 35.882428 35.848402 35.876419 35.872532 35.891955 35.862708 35.843874 35.885159 35.840892 35.856756 35.867115 35.878669 35.872361 
35.858205 35.864297 35.856752 35.882861 35.891170 35.883973 35.876911 35.863679 35.886102 35.849371 35.850012 35.861335 35.856625 35.848560 35.854058 35.840861 35.879168 35.885251 35.891981 
35.873031 35.840669 35.844651 35.891297 35.860215 35.862357 35.864538 35.878878 35.840813 35.843665 35.843645 35.856139 35.887066 35.856579 35.889534 35.851653 35.843951 35.870676 35.867095 35.877747 35.863464 35.843713 35.867512 35.844186 
35.877218 35.856349 35.870868 35.872818 35.887207 35.879433 35.853806 35.845323 35.867794 35.881593 35.843331 35.870512 
35.850994 35.857145 35.848920 35.890634 35.881906 35.859640 35.857201 35.864934 35.855163 35.883727 35.842075 35.853497 35.851688 35.846576 35.853717 35.844199 35.886104 35.872910 35.854263 35.862649 35.850217 35.864574 35.892033 35.872784 35.851501 
35.885704 35.853483 35.867982 35.864563 35.842156 35.847220 35.877523 35.848838 35.860389 35.845836 35.864458 35.857559 35.865635 35.871584 35.856120 35.840490 35.889481 35.873138 35.880458 35.868891 35.873712 35.867106 35.874318 35.864599 35.877294 35.886975 35.880845 35.856184 35.854649 35.842435 35.863514 35.842123 35.863346 35.892340 
35.863293 35.855164 35.862213 35.851277 35.842741 35.866691 35.856885 35.846744 35.882778 35.888941 35.865162 35.874718 35.880273 
35.884214 35.873331 35.859537 35.870639 35.850104 35.866797 35.886240 35.854807 35.888971 35.877441 35.881148 35.869834 35.844722 35.882250 35.841847 35.845151 35.862285 35.866773 35.883387 35.864925 35.866750 
35.856017 35.872620 35.859017 35.875666 35.852502 35.841720 35.841809 35.858749 35.860435 35.868764 35.842159 35.851223 35.872139 
35.886667 35.880699 35.842252 35.880205 35.882632 35.891853 35.890100 35.867830 35.876985 35.854195 35.856036 35.879265 35.859832 35.854565 35.856714 35.859993 35.885457 35.861981 35.854128 35.878299 35.851379 35.855287 35.844545 35.840494 35.845907 35.871795 35.869666 35.844288 
