 54.240590 802.959945
 63.030969 800.073649
 49.862952 801.353356
 64.426728 800.360422
 74.330649 804.451114
 84.582948 798.279763
101.770183 799.405308
 61.826511 804.917463
 51.682579 800.344998
 52.540340 801.608732
 76.126759 802.735597
 38.900989 797.252248
 59.125414 801.039097
 58.404031 802.851087
 59.873164 802.501055
 82.336865 802.809177
101.966390 803.853006
117.436740 800.848275
133.057643 802.860360
 60.799876 801.142599
 81.602805 804.307083
105.773883 799.406956
 72.420464 801.076195
 81.356078 800.188937
101.747191 803.652069
 58.146437 802.634815
 53.989021 802.275113
 54.591495 799.752818
 56.237517 804.316989
 78.117900 799.198798
 53.601590 800.714130
 46.801780 799.638655
105.997856 802.151041
 87.997376 803.620002
 56.614047 800.096442
 72.943490 805.115104
 85.658865 801.688151
 72.920797 804.185640
 63.044981 800.885681
 63.404542 799.998040
 84.253371 802.927830
 68.576543 799.874196
 93.259744 801.923152
 76.490807 801.300399
 73.406334 802.119653
 76.529399 803.254043
 44.516004 798.740089
 53.155245 803.493451
 75.813859 800.779232
 71.244354 801.925932
 69.680082 801.262737
 67.646152 803.089461
105.203452 799.028583
 71.739662 803.008919
111.644689 802.158672
 66.787754 798.769934
 78.966521 799.723837
100.668056 803.475077
 89.356581 803.561807
 73.576313 801.138177
 61.710521 800.908011
114.851141 798.989309
101.890063 798.019717
 63.621096 801.801522
 71.629532 800.268159
 70.786670 800.586180
 77.939880 804.099153
 66.788540 802.208032
 54.929573 799.714419
 85.510065 802.039507
 72.020816 798.707341
 93.611715 803.683235
 73.727663 804.796361
 71.736087 802.156244
 85.029270 801.238026
 93.856912 803.818499
100.313733 803.318860
 73.068190 805.145962
 52.150536 798.172096
 68.533850 803.240936
 86.627361 804.500057
 83.346377 803.476138
 58.874499 800.800666
100.018485 804.626623
 53.140760 802.682348
 63.712463 801.481144
 82.905131 802.948089
 75.007382 796.909857
 67.612734 800.887020
 76.954620 800.501096
 81.139537 804.325446
 71.577198 802.509366
 84.839707 799.255996
 57.528345 796.602063
 89.166046 803.924741
101.275773 805.394041
 61.243600 802.484764
 67.640390 805.927048
 64.167085 802.438099
 87.260777 801.932257
