35.857518 35.863735 35.887492 35.887107 35.868942 35.874200 35.880614 35.890394 35.866964 35.867358 35.891730 35.858030 35.855298 
35.891992 35.889586 35.890982 35.874716 35.850730 35.857386 35.857290 35.854010 35.862683 35.870765 35.882290 35.869735 35.875139 35.862978 35.885604 35.875466 35.870058 35.884592 35.846714 35.891140 35.880254 
35.841223 35.866743 35.858215 35.871071 35.859516 35.861766 35.855416 35.857604 35.870964 35.849197 35.857695 35.883854 35.870602 35.853700 35.865580 35.879567 35.865238 35.848827 
35.848186 35.870066 35.859010 35.888885 35.867522 35.848440 35.862208 35.876877 35.865315 35.854355 35.870183 35.864157 35.849680 35.872752 35.880831 35.876935 
35.863397 35.863360 35.883291 35.846432 35.884921 35.860173 35.842223 35.847754 35.850824 35.859925 35.888318 35.888448 35.850675 35.860527 35.857823 35.842138 35.854123 35.882801 35.865491 35.867946 35.886221 
35.844615 35.879595 35.865925 35.865783 35.842332 35.861393 35.848935 35.841019 35.851845 35.863973 35.868182 35.868776 
35.847471 35.889606 35.872204 35.884290 35.880001 35.845548 35.859487 35.889416 35.870480 35.867375 35.874746 35.846071 35.868716 35.884249 35.842752 35.844251 35.879472 35.848668 35.879548 35.841557 35.840490 35.862597 35.877643 
35.884108 35.846705 35.887520 35.889043 35.856546 35.853864 35.865495 35.861433 35.888942 35.852991 35.845955 35.859271 35.863287 35.874155 35.858472 35.885388 35.881251 35.887239 35.889350 35.887286 35.875117 35.862868 35.855959 35.870317 35.865627 35.854720 35.873939 35.862463 35.852004 35.865938 35.870221 35.865778 35.848889 35.873512 
35.881440 35.888337 35.863711 35.841940 35.863747 35.872479 35.879981 35.866176 35.890820 35.891666 
35.877049 35.886170 35.881782 35.877104 35.870119 35.855740 35.889736 35.845972 35.891140 35.863828 35.848859 35.850864 35.874013 35.882495 35.882130 35.853570 35.840780 
35.852887 35.858367 35.866517 35.864409 35.879662 35.870804 35.889776 35.850379 35.852428 35.857506 35.861479 35.889591 35.863178 35.892006 35.871518 35.862976 
35.875452 35.890947 35.865292 35.874379 35.870471 35.842390 35.887754 35.881142 35.857360 35.875221 35.888071 35.855449 35.885184 35.872047 35.841464 35.887046 35.884286 35.886027 35.858689 35.852732 35.888811 35.874838 35.841529 35.870765 35.865731 35.875736 35.874860 35.888543 35.864947 35.873613 35.857480 35.866287 35.866118 35.880721 35.855536 35.867658 35.845462 35.856696 35.871765 35.862746 
35.885934 35.891584 35.888659 35.869650 35.870024 35.843485 35.883702 35.854299 35.870147 35.887917 35.880800 35.855116 35.877123 35.854837 35.852266 35.852634 35.864700 
35.879854 35.875615 35.853542 35.842623 35.874751 35.883860 35.868418 35.876219 35.851236 35.843853 35.867232 35.887030 35.841409 35.849862 35.879300 
35.843779 35.883198 35.879431 35.864768 35.846489 35.867516 35.856932 35.853003 35.844087 35.852735 35.851744 35.854495 35.891362 
35.862020 35.887854 35.860106 35.871348 35.861595 35.860398 35.852709 35.856604 35.873012 35.882338 35.846235 35.880765 35.868108 35.885472 35.867868 35.859595 35.853830 35.855148 35.886660 35.857650 35.850805 35.855031 35.891866 35.868372 35.858713 35.844209 35.846126 35.867407 35.856636 
35.854670 35.841394 35.870820 35.858122 35.871969 35.885803 35.865424 35.850234 35.877571 35.860661 35.864955 35.840404 35.858250 35.867291 35.863595 35.841149 35.881298 35.871382 35.892368 35.850011 35.869906 
35.845725 35.851508 35.875551 35.873670 35.871675 35.852269 35.875333 35.851987 35.887995 35.877386 35.870837 35.887428 35.872871 35.843868 35.853122 35.858016 35.884145 35.887722 35.868691 35.884175 35.842646 35.858524 35.860896 35.870381 35.850990 35.846377 
35.878095 35.890657 35.846869 35.876776 35.862829 35.886512 35.876079 35.864317 35.862656 35.869256 35.841753 35.869586 35.851260 35.881207 35.863473 35.867455 35.870029 35.844597 35.846482 35.845794 35.864333 35.884839 35.851017 35.872966 
35.879968 35.874954 35.864365 35.873261 35.886506 35.858810 35.860772 35.854881 35.890624 35.891651 35.845636 35.858221 35.870359 35.848625 35.881126 35.878959 35.888772 35.891719 
35.849526 35.843635 35.850269 35.861293 35.875768 35.878015 35.874492 35.872173 35.885056 35.849154 35.886850 35.888706 35.891631 35.843360 35.884208 35.854155 35.852281 35.841232 35.887836 35.874799 35.840912 35.844499 35.850803 35.862299 35.850061 35.845738 
35.879851 35.875768 35.882640 35.888118 35.863671 35.886152 35.878679 35.854927 35.875414 35.890230 35.860009 35.888444 35.856971 35.881948 35.852530 35.887947 35.891765 35.855158 35.842824 35.870444 
35.868662 35.871706 35.855301 35.851065 35.855561 35.854976 35.885792 35.848058 35.866520 35.845320 35.884586 35.877012 35.861745 35.881954 35.852637 35.844000 35.886209 35.868054 35.888267 35.877759 35.843863 35.852552 35.841963 35.841487 
35.877131 35.843711 35.871936 35.874022 35.879774 35.867425 35.854643 35.871370 35.857565 35.862410 35.867663 35.865948 35.852567 35.869907 35.841403 35.868741 35.842462 35.871821 35.883552 35.851652 35.874162 35.874660 35.887927 35.883999 35.875190 35.863356 35.883026 
35.863741 35.854166 35.881166 35.887742 35.855465 35.866533 35.887094 35.850221 35.892247 35.884381 35.889436 35.877287 35.850135 35.866967 35.890366 35.870734 
35.860038 35.863065 35.850772 35.843555 35.886898 35.880892 35.870583 35.843770 35.849129 35.891121 35.850621 35.840934 35.863170 35.848286 35.867396 35.851913 35.870286 35.855695 35.845919 35.855894 35.871586 35.844367 35.865728 35.846109 35.851856 35.864234 
35.859278 35.891666 35.841131 35.842455 35.890891 35.882147 35.854391 35.876734 35.880594 35.862655 35.864997 35.887302 35.865181 35.889348 35.891022 35.859644 35.852022 35.884216 35.889238 35.841490 35.887874 35.845211 35.862055 
35.844884 35.880239 35.849861 35.886996 35.878811 35.875544 35.851847 35.866830 35.849001 35.877047 35.864283 
35.885383 35.861195 35.882917 35.869498 35.883585 35.873732 35.874231 35.872692 35.845376 35.874223 35.855000 35.880530 35.846010 35.867217 35.885160 35.849159 35.890399 
35.854937 35.848471 35.853115 35.861682 35.875928 35.871092 35.860533 35.865286 35.863443 35.883447 35.846523 35.862019 35.846385 35.869928 35.872902 
35.873868 35.873559 35.860161 35.865171 35.866743 35.867269 35.843093 35.853698 35.843536 35.841487 35.871929 35.847504 35.866147 35.888163 35.885153 35.854160 35.863469 35.850350 35.888803 35.883500 35.843157 35.859636 35.870353 35.874780 35.886871 35.866887 35.862346 35.885161 35.889971 35.885316 35.890129 35.870717 35.887618 35.867274 35.873318 35.852488 
35.888404 35.856081 35.865478 35.844726 35.841832 35.846973 35.867014 35.841100 35.882157 35.845636 35.850078 35.885786 35.854413 35.851190 35.871989 35.882378 35.885669 35.884684 35.884157 
35.840451 35.891272 35.863492 35.845064 35.854923 35.884015 35.842624 35.862015 35.887762 35.890994 35.842014 35.891222 35.889330 35.842498 
35.853289 35.867301 35.849183 35.884285 35.851482 35.849989 35.882337 35.842142 35.883591 35.845078 35.854653 35.841946 
35.872625 35.843192 35.870885 35.862385 35.878495 35.840971 35.888077 35.873069 35.874910 35.842069 35.861465 35.876609 35.854823 35.843162 35.854376 35.842395 35.849318 35.850591 35.875096 35.854465 35.870636 35.889601 35.868115 35.848152 
35.869979 35.853657 35.879791 35.843689 35.874608 35.847340 35.876881 35.881856 35.855652 35.848490 35.852403 35.843571 35.864124 35.880723 35.869918 35.876189 35.878919 35.874303 35.865847 35.878013 35.877169 35.842700 35.890124 35.866351 35.883049 35.890135 35.844992 35.875239 35.888690 35.879418 35.842470 35.863099 
35.868235 35.862452 35.890614 35.855054 35.882611 35.848817 35.887840 35.865954 35.889839 35.845936 35.863627 35.874276 35.862444 35.849368 35.852438 35.869854 35.848235 35.844324 35.869859 35.865293 35.889878 
35.869708 35.841422 35.857064 35.847379 35.880777 35.887874 35.889879 35.844139 35.868420 35.861507 35.868890 35.890473 35.862520 35.862605 35.871549 35.885785 35.841553 35.872611 35.882022 35.861552 35.864236 35.863623 35.849833 35.858637 
35.852177 35.855277 35.877624 35.848395 35.862758 35.876192 35.861963 35.863410 35.877368 35.885774 35.871459 35.873085 35.845838 35.880956 35.846152 35.863130 35.859889 35.876052 35.858135 35.884130 35.891591 35.850484 35.884800 35.871851 35.862187 35.858239 35.882385 35.866242 35.848612 35.891088 
35.861701 35.874836 35.866318 35.873071 35.867980 35.879284 35.889266 35.861171 35.859611 35.883869 35.846232 35.889476 35.857228 35.851779 35.851866 35.846113 35.853964 35.887007 35.886297 35.876481 35.870765 35.844680 35.884500 
35.848205 35.868681 35.847374 35.841305 35.848849 35.857750 35.885991 35.852853 35.869911 35.874272 35.853569 35.882220 35.855450 35.885068 35.855485 35.846285 35.857165 35.873941 35.848205 35.858513 35.861130 35.850403 35.842132 35.846236 35.862562 35.879945 35.864155 35.858966 35.884650 35.871649 35.873522 35.874944 35.865531 
35.877042 35.859699 35.862077 35.845659 35.853204 35.862811 35.851215 35.888475 35.863785 35.879154 35.862685 35.883207 35.881924 35.881832 35.844943 35.860820 35.879016 35.849966 35.864962 35.876280 35.846246 35.886144 35.884697 
35.866260 35.843589 35.848464 35.857895 35.864120 35.856781 35.863303 35.866914 35.864955 35.881607 35.872226 35.878700 35.870972 35.877091 35.870167 35.859415 
35.891226 35.868456 35.890120 35.886962 35.870989 35.850498 35.890749 35.844820 35.878883 35.868099 35.881563 35.875431 35.860170 35.878125 
35.851852 35.885070 35.871214 35.889432 35.872690 35.861198 35.864530 35.858711 35.858145 35.878401 35.879663 35.884008 35.885666 35.873039 
35.877919 35.884372 35.853581 35.880533 35.849618 35.887175 35.889047 35.882268 35.877036 35.890329 35.881916 35.884553 35.854465 35.875661 35.872049 35.845838 35.844225 35.845909 35.852532 35.884849 35.864938 35.870356 35.848277 35.852088 
35.871702 35.842355 35.876597 35.842690 35.886939 35.884289 35.884318 35.890472 35.891834 35.874198 35.880022 35.888803 35.877091 35.855315 35.859277 35.851928 35.884287 35.858739 35.887730 35.864965 35.843952 35.845326 35.858363 35.888540 35.871436 35.887199 35.854356 35.881007 35.877467 35.861040 35.874743 35.841470 35.890622 35.874379 35.840976 35.872351 
35.865647 35.891715 35.846739 35.885253 35.845168 35.874954 35.848893 35.879217 35.890861 35.848897 35.891507 35.850739 35.883547 35.859527 35.858195 35.880670 35.881654 35.890009 35.854361 35.845973 35.887808 35.874218 35.852325 35.868036 35.879805 35.841679 35.848911 
35.881004 35.854506 35.848271 35.891715 35.860399 35.868372 35.882711 35.854622 35.849099 35.884232 35.855834 35.845670 35.857487 35.871837 
35.854586 35.856634 35.852240 35.865792 35.878411 35.871933 35.852840 35.870525 35.876943 35.889959 35.870363 35.842187 35.858717 35.880381 35.869935 35.846129 35.890994 35.884240 35.870481 35.855125 35.882856 35.881842 
35.890779 35.852244 35.869108 35.881711 35.885237 35.851356 35.844647 35.891773 35.867274 35.853274 35.871769 35.850086 35.856317 35.855994 35.874135 
35.887911 35.846684 35.856067 35.861754 35.891529 35.859638 35.891781 35.846492 35.872358 35.871625 35.844039 35.875322 35.847086 35.864571 
35.866613 35.871915 35.865113 35.865443 35.858802 35.855708 35.878807 35.841627 35.889874 35.852338 35.890601 35.881017 35.880780 35.877384 35.854323 
35.870142 35.860890 35.883743 35.845967 35.854154 35.863296 35.869012 35.859296 35.870511 35.888203 35.884715 35.862549 35.873805 35.847799 35.884674 35.884587 35.888886 35.873559 35.853406 35.855877 35.858816 35.872679 35.862531 
35.843458 35.843558 35.886900 35.840462 35.875836 35.890312 35.855726 35.879003 35.870212 35.852018 35.860887 35.843788 35.847521 35.879102 35.856108 35.865109 
35.891982 35.881660 35.884858 35.843553 35.846240 35.881345 35.866791 35.874799 35.879177 35.874686 35.891520 35.887873 35.843916 35.843272 35.870737 35.871454 35.851268 35.865427 
35.863297 35.848561 35.875352 35.848516 35.886781 35.861707 35.858924 35.862252 35.847674 35.877713 35.860892 35.875664 35.869339 
35.861843 35.847552 35.855473 35.849985 35.870332 35.854783 35.890162 35.848860 35.852203 35.881263 35.888846 35.891990 35.851244 35.881220 
35.844636 35.880143 35.891411 35.840843 35.863007 35.884626 35.878767 35.890549 35.862811 35.888335 35.875634 35.845181 35.882011 35.860209 35.854286 35.869863 35.867451 35.880264 35.889471 35.886417 35.856768 35.888396 35.866735 
35.863956 35.866425 35.883352 35.887624 35.869170 35.849880 35.883299 35.847308 35.870129 35.884260 35.889903 35.841056 35.856834 35.876608 35.861722 35.874103 35.850247 35.888162 35.858370 35.847377 35.851250 35.855411 35.886522 35.858124 35.845426 
35.876358 35.847989 35.855622 35.861363 35.842215 35.852099 35.890666 35.890992 35.854859 35.874518 35.862628 35.841761 35.862414 35.871877 35.866790 35.884780 35.875892 35.842215 35.885985 35.859734 35.844350 35.855144 35.874195 35.842073 35.883151 
35.886758 35.891034 35.866539 35.860540 35.880440 35.875015 35.849275 35.846815 35.844434 35.866192 35.843325 35.842191 35.870801 35.885393 35.880064 35.868140 35.876223 35.871176 35.885462 35.889847 35.872637 
35.888887 35.850238 35.880140 35.867659 35.865880 35.844297 35.873597 35.874420 35.890059 35.875511 35.873957 35.877621 35.857362 35.855060 35.857347 35.854603 35.881047 35.844969 35.840608 35.851446 
35.847379 35.888108 35.853528 35.891508 35.887470 35.868232 35.848891 35.851663 35.862265 35.873911 35.848470 35.854165 35.857608 35.890717 35.885137 35.871342 35.870393 35.892276 35.860532 35.888420 
35.859179 35.859709 35.844184 35.881065 35.865428 35.865720 35.891724 35.852447 35.872602 35.846030 35.859691 35.844181 35.843952 35.845688 35.852744 35.865242 35.856793 35.864585 35.844156 35.854716 35.869742 35.867817 35.861513 35.884576 35.852344 35.840955 35.879060 35.849059 
35.873328 35.859215 35.874296 35.858740 35.875069 35.858810 35.885502 35.847994 35.843721 35.849418 35.847741 35.852563 35.858097 35.892236 35.887989 
35.872797 35.844701 35.862213 35.866013 35.881830 35.843592 35.852587 35.885194 35.846200 35.878985 35.861557 35.852694 35.887829 35.844139 35.876771 35.863837 35.889434 35.885456 35.859360 35.851905 35.887525 35.863413 35.845997 35.860956 35.863907 35.865890 35.844541 35.862743 
35.883899 35.871523 35.844264 35.870812 35.877961 35.870338 35.865154 35.892265 35.876397 35.841523 35.850198 35.884478 35.863594 35.872899 35.841224 35.858487 35.877385 35.891615 35.841811 35.840975 35.857078 35.857660 35.857232 
35.890515 35.873222 35.860643 35.886695 35.861438 35.854783 35.872095 35.874421 35.889819 35.850134 35.889613 35.844269 35.857133 
35.840892 35.882594 35.885693 35.887399 35.862677 35.875497 35.870369 35.858008 35.871528 35.864761 35.863800 35.874491 35.865335 35.867606 35.871731 35.844907 35.840764 35.883027 35.891848 35.843738 35.849505 35.853612 35.878914 35.879026 35.841677 35.847836 35.854343 35.854029 35.872692 35.852370 35.858104 35.857852 35.862129 35.857564 
35.854745 35.887717 35.847188 35.892335 35.863174 35.858831 35.868006 35.861390 35.868747 35.878641 35.841225 35.882520 35.841225 35.842913 35.860081 35.873023 
35.849311 35.877086 35.872167 35.863696 35.841825 35.852134 35.862842 35.855918 35.859443 35.885127 35.890320 35.847485 35.886121 35.878295 35.869107 35.860934 35.857779 35.882747 35.849855 
35.857195 35.883522 35.880414 35.889520 35.856674 35.889040 35.887904 35.880948 35.886638 35.856393 35.884109 35.873146 35.855532 35.845789 35.883453 
35.855611 35.880286 35.844384 35.846194 35.884518 35.867135 35.844663 35.883662 35.859829 35.840878 35.880761 35.876378 35.854962 35.877021 35.884014 35.891420 35.866704 35.862908 35.847682 35.874425 35.885443 35.843307 35.869803 35.875805 35.852733 35.861339 35.886602 
35.875047 35.873684 35.861091 35.869531 35.862041 35.857365 35.847541 35.875533 35.862454 35.874861 35.846247 35.891454 35.883291 35.841906 35.867278 35.865292 
35.842958 35.854219 35.855413 35.876005 35.874436 35.840915 35.887218 35.876384 35.892216 35.886309 35.861975 35.886952 35.886833 35.873878 35.884339 35.891227 35.871880 35.848441 35.867910 35.863778 35.882424 35.861007 35.854250 
35.885569 35.886112 35.872022 35.865423 35.869836 35.890752 35.843305 35.873228 35.874984 35.855595 35.859952 35.853965 35.878306 35.851630 35.884769 35.888179 35.876561 35.855904 35.879225 35.868666 35.858563 35.891221 35.870747 35.844547 35.876948 35.873619 35.859290 35.862521 35.885450 35.854284 
35.848089 35.841147 35.845441 35.871184 35.889838 35.869774 35.874955 35.845726 35.888475 35.888737 35.844418 35.848421 35.861954 35.873079 35.843609 35.856885 35.851872 35.844619 35.877157 35.890278 35.881473 35.859327 35.856160 35.867974 35.887295 
35.884337 35.856986 35.888981 35.850490 35.890165 35.872243 35.858461 35.848206 35.865140 35.860646 35.860046 35.887697 35.883916 35.857792 35.861781 35.871265 35.881865 35.889064 35.879749 35.844614 35.876877 35.873934 35.853523 35.891683 35.871668 35.874865 35.864241 35.849814 
35.848957 35.874422 35.864379 35.866266 35.842322 35.892315 35.886792 35.851843 35.878852 35.875014 35.864287 35.887383 35.880281 35.861051 35.846422 35.882018 35.845651 
35.870300 35.870043 35.882938 35.864598 35.881797 35.852413 35.852373 35.862100 35.842835 35.853385 35.865193 35.873305 35.844091 35.878162 35.887745 35.856679 35.849235 35.862876 35.859102 35.879679 35.873072 35.843616 
35.849786 35.851984 35.865649 35.876808 35.885870 35.856322 35.847970 35.861628 35.863478 
35.849652 35.872761 35.863393 35.851760 35.841104 35.861184 35.870660 35.888255 35.860097 35.882091 35.874677 35.882241 35.881902 35.870426 35.885262 35.850080 35.844606 35.856692 35.878452 
35.849726 35.841589 35.859119 35.873079 35.882256 35.886533 35.877152 35.888173 35.865768 35.875589 35.890278 35.840793 35.874612 35.866689 35.877552 35.864532 35.857091 35.862765 35.860686 35.881179 35.883023 35.888162 35.888642 35.873013 35.847053 35.884160 
35.844575 35.842149 35.871456 35.864568 35.871915 35.863186 35.890732 35.861452 35.854149 35.855540 35.867888 35.870592 35.849828 35.866385 35.844855 35.861224 35.855740 35.872246 35.856739 35.865122 
35.876135 35.866609 35.877750 35.860356 35.866575 35.865738 35.885920 35.886757 35.871918 35.851545 35.840774 35.863206 35.841046 35.846657 35.885999 35.884228 35.854989 35.841161 35.887430 
35.883392 35.875997 35.890003 35.877233 35.844428 35.886856 35.871404 35.842823 35.850348 35.841647 35.855205 35.867958 35.858543 35.888339 35.852916 35.862897 35.844315 35.870146 35.873715 
35.890439 35.867953 35.847345 35.840410 35.870584 35.874005 35.879354 35.875150 35.868540 35.889616 35.845927 35.859337 35.890523 35.881794 35.877070 35.889305 35.846675 
35.841049 35.887413 35.846835 35.857091 35.892027 35.890557 35.850536 35.890192 35.881038 
35.860538 35.867612 35.858787 35.890253 35.871242 35.885457 35.872608 35.869409 35.863685 35.849829 35.864983 35.886208 35.890062 35.857905 35.841767 35.878104 35.870165 35.844085 35.889183 
35.852005 35.860951 35.841407 35.859084 35.863012 35.870763 35.844748 35.865251 35.886906 35.890822 35.856588 35.850730 35.878157 35.875532 35.873704 35.850787 35.859671 35.855547 35.848759 35.849951 35.842917 
35.874271 35.843452 35.877422 35.878104 35.871232 35.848422 35.874257 35.880581 35.871535 35.854370 35.856695 35.855568 35.867931 35.852207 35.881602 35.853342 35.869448 35.868544 
35.887442 35.846080 35.879861 35.880587 35.880397 35.859052 35.891546 35.866592 35.890062 35.857166 35.886051 35.888083 35.883296 35.868123 35.851116 35.883195 35.852758 35.851200 35.865476 35.846643 35.891814 35.873562 35.843173 35.880525 35.843456 
35.865886 35.892169 35.859689 35.887465 35.859338 35.873294 35.879563 35.849434 35.842389 35.852476 35.884937 35.875614 35.871467 35.862691 35.864434 35.887859 35.889783 35.868913 35.859841 35.851747 35.867463 35.846657 35.846952 35.844901 35.857240 35.842922 35.875197 35.866528 35.890052 35.855462 35.885159 
35.863110 35.873373 35.858941 35.877984 35.889348 35.869750 35.886442 35.874328 35.871151 35.866820 35.856752 35.864253 35.886716 35.876524 35.865928 35.861788 
35.867203 35.841801 35.842927 35.857296 35.878951 35.861661 35.844380 35.868947 35.868452 35.861760 35.874108 35.842102 35.867187 35.852194 35.861221 35.876886 35.854442 35.879941 35.884738 35.864997 35.846902 35.840905 35.840686 35.865822 35.875256 
35.889572 35.880203 35.862879 35.850667 35.868047 35.891382 35.856017 35.885215 35.888549 35.877603 35.884825 35.845452 35.841662 
35.879796 35.876859 35.869973 35.857001 35.849493 35.878445 35.891766 35.869838 35.882448 35.847007 35.878107 35.844315 35.891849 35.886228 35.882929 35.857012 35.879919 35.865244 35.875964 35.851721 35.862749 35.875248 35.870768 35.890497 35.853131 35.888069 35.847188 35.846827 35.883634 35.849991 35.841909 35.855534 35.848850 35.884237 35.858738 
35.879465 35.876696 35.860665 35.848924 35.845474 35.865645 35.881718 35.848669 35.843556 35.883045 35.886474 35.890312 
35.878263 35.881431 35.878236 35.844649 35.862091 35.868774 35.854727 35.885920 35.889512 35.854178 35.854181 35.889655 35.845225 35.889312 35.889804 35.859232 35.884075 35.847502 35.862308 35.882621 35.864002 35.891359 35.860737 35.854971 35.877013 35.877893 35.886422 35.885449 35.861641 
