-116.213528 -116.216869 -116.249578 -116.221130 -116.254103 -116.216275 -116.232862 -116.259067 -116.202814 -116.224356 -116.220705 -116.211304 -116.204301 
-116.250466 -116.208363 -116.207316 -116.219652 -116.227702 -116.240699 -116.229782 -116.216414 -116.203895 -116.240026 -116.209889 -116.243878 -116.239437 -116.242291 -116.227135 -116.258268 -116.256516 -116.249744 -116.221347 -116.206973 -116.225596 
-116.245092 -116.220896 -116.239304 -116.218953 -116.239825 -116.222085 -116.252479 -116.213231 -116.203836 -116.230869 -116.245345 -116.257575 -116.247987 -116.246355 -116.237910 -116.202787 -116.242890 -116.241669 
-116.225495 -116.238105 -116.202671 -116.250978 -116.208889 -116.216056 -116.203047 -116.245848 -116.206268 -116.247074 -116.255571 -116.259455 -116.210475 -116.255678 -116.257707 -116.207215 
-116.207373 -116.255025 -116.251644 -116.260122 -116.250205 -116.258180 -116.244692 -116.256283 -116.223471 -116.220484 -116.232447 -116.240246 -116.219508 -116.212717 -116.242731 -116.212264 -116.241753 -116.230119 -116.216869 -116.255578 -116.209446 
-116.236439 -116.258808 -116.227698 -116.256429 -116.208921 -116.255041 -116.230763 -116.216647 -116.256141 -116.237869 -116.227077 -116.205127 
-116.235959 -116.235882 -116.209256 -116.217752 -116.234466 -116.259434 -116.238274 -116.238101 -116.225481 -116.254816 -116.242016 -116.223324 -116.204447 -116.208208 -116.211299 -116.236933 -116.236311 -116.234771 -116.203691 -116.219630 -116.258291 -116.209202 -116.208032 
-116.237349 -116.216456 -116.205265 -116.227137 -116.254073 -116.238078 -116.244464 -116.208393 -116.240326 -116.234958 -116.254332 -116.222177 -116.233199 -116.254679 -116.219521 -116.253437 -116.246003 -116.252950 -116.248408 -116.205105 -116.238673 -116.227762 -116.247044 -116.225897 -116.213974 -116.241910 -116.240441 -116.213150 -116.214384 -116.208263 -116.254740 -116.203693 -116.247609 -116.219662 
-116.246895 -116.259194 -116.208574 -116.249834 -116.219694 -116.206993 -116.258971 -116.250875 -116.203503 -116.217227 
-116.223228 -116.248959 -116.245060 -116.223063 -116.204855 -116.207329 -116.251660 -116.223246 -116.216343 -116.258116 -116.212930 -116.257337 -116.249939 -116.208605 -116.220862 -116.254094 -116.222016 
-116.219377 -116.254125 -116.205080 -116.236048 -116.243230 -116.218105 -116.206731 -116.232017 -116.227708 -116.244009 -116.218285 -116.208259 -116.239950 -116.229370 -116.210413 -116.218421 
-116.253594 -116.239120 -116.219686 -116.246873 -116.238334 -116.226028 -116.212126 -116.255787 -116.223214 -116.238115 -116.209754 -116.249506 -116.224604 -116.243692 -116.239314 -116.222610 -116.240891 -116.209317 -116.204601 -116.210537 -116.244093 -116.215766 -116.251138 -116.247199 -116.255484 -116.255170 -116.234169 -116.255204 -116.204514 -116.253818 -116.246679 -116.222426 -116.205555 -116.219012 -116.207396 -116.215191 -116.206137 -116.203557 -116.229101 -116.232864 
-116.213204 -116.245095 -116.231769 -116.239334 -116.224947 -116.221640 -116.250022 -116.245244 -116.228542 -116.205897 -116.231135 -116.255482 -116.205035 -116.215760 -116.204564 -116.214037 -116.248033 
-116.244598 -116.238642 -116.259450 -116.249764 -116.252016 -116.246366 -116.253546 -116.247935 -116.258847 -116.232316 -116.240701 -116.246888 -116.257565 -116.212442 -116.209423 
-116.220789 -116.212153 -116.202711 -116.245444 -116.254016 -116.210462 -116.220794 -116.241163 -116.218565 -116.215240 -116.258725 -116.218031 -116.248816 
-116.233715 -116.245928 -116.215695 -116.254595 -116.224774 -116.259439 -116.249084 -116.255590 -116.233984 -116.239861 -116.243319 -116.246159 -116.209323 -116.207755 -116.206245 -116.214211 -116.230136 -116.251135 -116.241391 -116.215124 -116.222072 -116.254237 -116.214282 -116.202357 -116.238391 -116.223331 -116.248763 -116.205390 -116.216145 
-116.233598 -116.225410 -116.228908 -116.212556 -116.222199 -116.252372 -116.252704 -116.230585 -116.228415 -116.227099 -116.215498 -116.260107 -116.242785 -116.247162 -116.214865 -116.242007 -116.257086 -116.259104 -116.234449 -116.259068 -116.257118 
-116.232341 -116.222277 -116.238746 -116.245277 -116.212371 -116.240809 -116.216872 -116.207441 -116.208066 -116.231621 -116.215248 -116.225865 -116.211045 -116.215860 -116.239600 -116.226884 -116.249247 -116.227000 -116.232733 -116.208226 -116.230782 -116.244312 -116.244405 -116.230049 -116.258702 -116.233468 
-116.216601 -116.207817 -116.205082 -116.235221 -116.244862 -116.202377 -116.230087 -116.221994 -116.240297 -116.231743 -116.252832 -116.256303 -116.257957 -116.210010 -116.252154 -116.254672 -116.223524 -116.218677 -116.229347 -116.251647 -116.208353 -116.255996 -116.217560 -116.228937 
-116.251071 -116.203386 -116.241895 -116.226720 -116.245568 -116.232385 -116.226360 -116.259217 -116.233585 -116.217870 -116.256901 -116.229243 -116.233932 -116.254901 -116.257033 -116.254588 -116.214997 -116.219659 
-116.248465 -116.219852 -116.202330 -116.229338 -116.228352 -116.238561 -116.234113 -116.241066 -116.213789 -116.219448 -116.233880 -116.243185 -116.221933 -116.222178 -116.245663 -116.233086 -116.233503 -116.236987 -116.252802 -116.247049 -116.235687 -116.258953 -116.247787 -116.234383 -116.207989 -116.248358 
-116.250048 -116.218400 -116.230850 -116.245457 -116.234998 -116.211447 -116.250529 -116.222094 -116.251820 -116.256733 -116.207690 -116.224066 -116.243759 -116.215474 -116.229476 -116.249271 -116.257514 -116.225429 -116.212378 -116.236589 
-116.254202 -116.213926 -116.235477 -116.204994 -116.226084 -116.235611 -116.214707 -116.227265 -116.246346 -116.252391 -116.228392 -116.219720 -116.203202 -116.214222 -116.214601 -116.259450 -116.223476 -116.214506 -116.221524 -116.220834 -116.231414 -116.241402 -116.254744 -116.254561 
-116.238035 -116.212060 -116.229887 -116.219917 -116.234278 -116.240697 -116.224138 -116.216093 -116.214034 -116.218637 -116.219560 -116.236159 -116.221170 -116.222431 -116.257977 -116.209481 -116.253940 -116.213735 -116.225839 -116.221213 -116.240546 -116.253386 -116.202711 -116.256732 -116.250117 -116.222907 -116.240972 
-116.252250 -116.211191 -116.250193 -116.251610 -116.212862 -116.211711 -116.240373 -116.227331 -116.236050 -116.226785 -116.244346 -116.202756 -116.219670 -116.218502 -116.229744 -116.216089 
-116.207069 -116.217972 -116.246768 -116.203742 -116.234010 -116.242374 -116.230853 -116.236768 -116.240909 -116.220402 -116.237964 -116.243039 -116.207079 -116.235226 -116.219739 -116.223449 -116.209899 -116.232641 -116.229079 -116.253749 -116.238231 -116.249915 -116.209661 -116.214105 -116.249964 -116.218837 
-116.213969 -116.216433 -116.244846 -116.241646 -116.233365 -116.212747 -116.241776 -116.235755 -116.244308 -116.205293 -116.230390 -116.249499 -116.227617 -116.241210 -116.237205 -116.224198 -116.213147 -116.227697 -116.208151 -116.248624 -116.244413 -116.251226 -116.232570 
-116.205161 -116.233170 -116.231729 -116.245036 -116.229559 -116.254321 -116.214250 -116.237676 -116.203061 -116.254961 -116.249646 
-116.257875 -116.254496 -116.247761 -116.234681 -116.212094 -116.238361 -116.255185 -116.249958 -116.228690 -116.208369 -116.222172 -116.213126 -116.250736 -116.254957 -116.203149 -116.236447 -116.250234 
-116.239629 -116.254984 -116.218344 -116.246897 -116.202478 -116.247095 -116.227058 -116.212358 -116.219020 -116.213306 -116.247500 -116.252903 -116.254881 -116.210514 -116.214917 
-116.236528 -116.250698 -116.249757 -116.248066 -116.212609 -116.224913 -116.220878 -116.241286 -116.210304 -116.257005 -116.213603 -116.236350 -116.245464 -116.207633 -116.244812 -116.258450 -116.234560 -116.241705 -116.232886 -116.217850 -116.207143 -116.224738 -116.228831 -116.225494 -116.252245 -116.227474 -116.225623 -116.217785 -116.231662 -116.227299 -116.250386 -116.226925 -116.226382 -116.208643 -116.257223 -116.210306 
-116.255575 -116.204135 -116.223604 -116.245203 -116.231884 -116.225615 -116.215184 -116.255992 -116.243791 -116.207956 -116.233665 -116.204147 -116.212659 -116.238141 -116.256155 -116.203669 -116.209606 -116.224294 -116.230704 
-116.213329 -116.250664 -116.222587 -116.242795 -116.242150 -116.221503 -116.236965 -116.225203 -116.208206 -116.224542 -116.257503 -116.251662 -116.221687 -116.224450 
-116.247642 -116.242606 -116.216034 -116.224025 -116.217215 -116.236144 -116.217009 -116.204589 -116.227532 -116.208737 -116.204017 -116.223171 
-116.242879 -116.211918 -116.218820 -116.228254 -116.233697 -116.227795 -116.208971 -116.235229 -116.204157 -116.246219 -116.214114 -116.210327 -116.215144 -116.232629 -116.226395 -116.241056 -116.238883 -116.226929 -116.258649 -116.244937 -116.205067 -116.247723 -116.227701 -116.243958 
-116.230957 -116.244384 -116.258248 -116.253212 -116.226650 -116.234911 -116.259717 -116.245179 -116.233121 -116.232220 -116.237344 -116.214304 -116.227139 -116.225969 -116.242312 -116.241139 -116.237904 -116.223409 -116.219402 -116.206302 -116.258211 -116.216791 -116.208118 -116.249850 -116.216881 -116.213765 -116.214725 -116.225157 -116.256294 -116.250908 -116.225193 -116.221547 
-116.237729 -116.210937 -116.229825 -116.223890 -116.215456 -116.220240 -116.221609 -116.256933 -116.215918 -116.245659 -116.232913 -116.218561 -116.241340 -116.207561 -116.230736 -116.249207 -116.249418 -116.244425 -116.239355 -116.249126 -116.260040 
-116.248645 -116.248812 -116.257830 -116.229173 -116.223862 -116.235631 -116.219536 -116.251932 -116.205080 -116.257685 -116.237139 -116.212835 -116.216079 -116.244909 -116.251747 -116.214454 -116.243663 -116.231157 -116.204749 -116.223230 -116.218897 -116.222634 -116.256388 -116.234726 
-116.214563 -116.228667 -116.204067 -116.244502 -116.229237 -116.249423 -116.228473 -116.222593 -116.232104 -116.206948 -116.222989 -116.208282 -116.253339 -116.225189 -116.257661 -116.223730 -116.223365 -116.217937 -116.254323 -116.232643 -116.211882 -116.254167 -116.242012 -116.206994 -116.221529 -116.212552 -116.227871 -116.207800 -116.253763 -116.243076 
-116.212794 -116.253718 -116.213805 -116.206546 -116.252488 -116.243712 -116.259568 -116.245843 -116.228276 -116.258161 -116.256425 -116.226264 -116.215934 -116.259492 -116.255734 -116.215073 -116.230775 -116.216739 -116.255185 -116.223620 -116.205035 -116.232336 -116.235185 
-116.249737 -116.207309 -116.248051 -116.226899 -116.253833 -116.246568 -116.240685 -116.226627 -116.224705 -116.245513 -116.220255 -116.219668 -116.222806 -116.245431 -116.237495 -116.248534 -116.226883 -116.206551 -116.206751 -116.252212 -116.237812 -116.235935 -116.255285 -116.214926 -116.220066 -116.239925 -116.250533 -116.232149 -116.222401 -116.219253 -116.239886 -116.237572 -116.225335 
-116.224473 -116.244772 -116.207861 -116.257533 -116.209188 -116.231442 -116.221399 -116.248003 -116.235522 -116.232170 -116.205397 -116.225306 -116.204667 -116.248979 -116.209387 -116.208429 -116.252862 -116.221200 -116.222010 -116.215410 -116.206056 -116.248712 -116.217206 
-116.231152 -116.249290 -116.210142 -116.250756 -116.257291 -116.221109 -116.237826 -116.227112 -116.234839 -116.248873 -116.256304 -116.210035 -116.259241 -116.239869 -116.248599 -116.209722 
-116.236931 -116.206111 -116.214955 -116.203302 -116.231203 -116.227992 -116.218960 -116.232930 -116.221155 -116.205270 -116.249049 -116.230826 -116.239870 -116.239641 
-116.231909 -116.235947 -116.211305 -116.205186 -116.243043 -116.225606 -116.253322 -116.248669 -116.253474 -116.257099 -116.219749 -116.207648 -116.216284 -116.211761 
-116.222497 -116.237195 -116.224681 -116.213215 -116.235048 -116.240399 -116.251301 -116.226998 -116.243459 -116.254551 -116.243064 -116.247607 -116.204839 -116.232461 -116.209164 -116.237464 -116.238184 -116.240968 -116.220616 -116.246948 -116.240087 -116.204827 -116.258224 -116.203277 
-116.209254 -116.222631 -116.223132 -116.236092 -116.207275 -116.208295 -116.242094 -116.230691 -116.218758 -116.257809 -116.251068 -116.241351 -116.217197 -116.203695 -116.212328 -116.237965 -116.230098 -116.243991 -116.221119 -116.221885 -116.210852 -116.204382 -116.251722 -116.239389 -116.245184 -116.242592 -116.224035 -116.250754 -116.204385 -116.240321 -116.250802 -116.252900 -116.206919 -116.234140 -116.214523 -116.259513 
-116.212597 -116.247919 -116.214617 -116.231897 -116.203900 -116.221392 -116.210822 -116.249792 -116.232483 -116.202895 -116.222454 -116.228401 -116.247023 -116.240416 -116.212844 -116.221239 -116.212391 -116.235535 -116.219161 -116.210107 -116.235975 -116.224037 -116.230337 -116.206107 -116.207621 -116.216730 -116.206058 
-116.229428 -116.252631 -116.243724 -116.219888 -116.231488 -116.245513 -116.226056 -116.240190 -116.230700 -116.223070 -116.220524 -116.240822 -116.252104 -116.249228 
-116.208432 -116.241483 -116.255621 -116.202519 -116.210442 -116.205875 -116.224504 -116.242506 -116.221347 -116.220038 -116.248998 -116.240669 -116.224980 -116.247436 -116.222677 -116.243217 -116.245837 -116.218444 -116.220170 -116.203069 -116.224228 -116.247793 
-116.240619 -116.209738 -116.238529 -116.220997 -116.237106 -116.231437 -116.239816 -116.249838 -116.232806 -116.226324 -116.259807 -116.249567 -116.220121 -116.226870 -116.210439 
-116.249979 -116.222435 -116.237358 -116.234214 -116.254029 -116.250112 -116.219127 -116.221740 -116.204693 -116.219287 -116.229588 -116.227185 -116.249271 -116.249947 
-116.250465 -116.252911 -116.233141 -116.245937 -116.228519 -116.218547 -116.244645 -116.219353 -116.225554 -116.218637 -116.251904 -116.237173 -116.248041 -116.247966 -116.245797 
-116.232674 -116.205978 -116.258747 -116.245685 -116.254793 -116.212394 -116.235642 -116.256499 -116.248841 -116.210131 -116.251888 -116.234801 -116.235016 -116.240808 -116.233639 -116.243638 -116.209715 -116.214908 -116.211778 -116.214380 -116.258945 -116.242664 -116.231452 
-116.241335 -116.250593 -116.249905 -116.244108 -116.254611 -116.242000 -116.249887 -116.240271 -116.225200 -116.231062 -116.212664 -116.246922 -116.253624 -116.224608 -116.222985 -116.238233 
-116.226351 -116.227279 -116.212473 -116.215676 -116.255229 -116.238915 -116.235389 -116.202794 -116.218079 -116.205261 -116.207260 -116.221229 -116.252786 -116.232733 -116.206145 -116.229818 -116.204962 -116.211142 
-116.241074 -116.236761 -116.223090 -116.216665 -116.243585 -116.233178 -116.255471 -116.204780 -116.248687 -116.244840 -116.254588 -116.258735 -116.253628 
-116.234284 -116.216705 -116.237923 -116.230151 -116.236954 -116.234587 -116.248449 -116.231557 -116.237600 -116.203378 -116.257337 -116.216358 -116.205560 -116.218532 
-116.231021 -116.204185 -116.250174 -116.223910 -116.239256 -116.228495 -116.222885 -116.227740 -116.242190 -116.229266 -116.257167 -116.244259 -116.211710 -116.232419 -116.255626 -116.225590 -116.247290 -116.211186 -116.231895 -116.222005 -116.228684 -116.203901 -116.226395 
-116.255926 -116.203563 -116.255926 -116.212845 -116.256798 -116.213770 -116.237894 -116.239061 -116.240481 -116.242778 -116.230717 -116.241694 -116.243818 -116.251825 -116.238560 -116.230706 -116.252952 -116.249258 -116.220503 -116.214791 -116.223557 -116.248102 -116.208731 -116.252883 -116.211341 
-116.245308 -116.230139 -116.228404 -116.205208 -116.233767 -116.236967 -116.203825 -116.223923 -116.240899 -116.248084 -116.207095 -116.222962 -116.221415 -116.233031 -116.253324 -116.216742 -116.241115 -116.255065 -116.258125 -116.232479 -116.254727 -116.259875 -116.224527 -116.222059 -116.251975 
-116.244973 -116.246027 -116.240528 -116.258515 -116.236581 -116.213376 -116.233602 -116.249404 -116.240457 -116.222436 -116.233949 -116.223094 -116.253381 -116.235342 -116.250479 -116.217105 -116.252931 -116.249963 -116.229980 -116.216117 -116.252363 
-116.227228 -116.209228 -116.207577 -116.230851 -116.208013 -116.239456 -116.251965 -116.228437 -116.259170 -116.204914 -116.253395 -116.238785 -116.210926 -116.245775 -116.240570 -116.215360 -116.239648 -116.255629 -116.247871 -116.252774 
-116.246914 -116.218293 -116.253182 -116.247602 -116.244954 -116.218919 -116.231129 -116.239035 -116.211715 -116.225204 -116.240389 -116.212986 -116.240699 -116.256968 -116.210756 -116.211679 -116.231711 -116.213854 -116.240405 -116.220733 
-116.216405 -116.229420 -116.204921 -116.243872 -116.241013 -116.242812 -116.229541 -116.208618 -116.250483 -116.257292 -116.256492 -116.214911 -116.238551 -116.226712 -116.213362 -116.237393 -116.245758 -116.226956 -116.206237 -116.247925 -116.210355 -116.218317 -116.235982 -116.239563 -116.251706 -116.244978 -116.235928 -116.232696 
-116.244939 -116.216321 -116.239098 -116.246911 -116.253986 -116.234800 -116.248702 -116.245792 -116.209096 -116.206538 -116.249505 -116.241851 -116.210214 -116.202738 -116.222705 
-116.255149 -116.203682 -116.208364 -116.249573 -116.234928 -116.229027 -116.250973 -116.258273 -116.237052 -116.259809 -116.227565 -116.245191 -116.247913 -116.255742 -116.226295 -116.222177 -116.206923 -116.245633 -116.239487 -116.248970 -116.254066 -116.243810 -116.210008 -116.206988 -116.216878 -116.204639 -116.232806 -116.204387 
-116.238882 -116.234548 -116.207098 -116.204430 -116.213492 -116.225669 -116.254692 -116.216618 -116.238144 -116.224992 -116.221452 -116.251276 -116.244325 -116.204303 -116.254179 -116.222293 -116.236939 -116.259818 -116.219452 -116.230000 -116.225061 -116.217509 -116.224160 
-116.256266 -116.223586 -116.252233 -116.246179 -116.210241 -116.225501 -116.204036 -116.207196 -116.255037 -116.256259 -116.227006 -116.247317 -116.206066 
-116.252271 -116.220663 -116.214633 -116.208763 -116.204267 -116.208327 -116.216007 -116.249252 -116.257461 -116.230871 -116.208708 -116.257584 -116.211582 -116.204519 -116.240722 -116.223390 -116.238661 -116.242811 -116.206631 -116.247698 -116.255846 -116.229971 -116.254993 -116.236367 -116.235347 -116.231671 -116.255300 -116.214830 -116.205558 -116.223897 -116.214465 -116.229895 -116.241085 -116.258386 
-116.230400 -116.231957 -116.204575 -116.216891 -116.234257 -116.204640 -116.257073 -116.243714 -116.259995 -116.215233 -116.203833 -116.247764 -116.243370 -116.247928 -116.215626 -116.245648 
-116.253542 -116.241968 -116.247228 -116.247271 -116.246493 -116.207994 -116.218799 -116.250469 -116.222208 -116.251681 -116.236781 -116.207981 -116.250513 -116.216334 -116.235459 -116.221537 -116.227691 -116.242015 -116.252691 
-116.213821 -116.250462 -116.250090 -116.252316 -116.236365 -116.236351 -116.222778 -116.239162 -116.259126 -116.230862 -116.221659 -116.255551 -116.237491 -116.249128 -116.213635 
-116.205354 -116.252874 -116.230170 -116.214145 -116.243068 -116.228647 -116.237961 -116.235366 -116.206436 -116.210574 -116.216235 -116.233883 -116.247897 -116.221390 -116.256971 -116.256834 -116.221692 -116.257229 -116.217933 -116.213357 -116.217369 -116.210191 -116.255063 -116.204273 -116.235962 -116.219407 -116.230695 
-116.254839 -116.243082 -116.230868 -116.245077 -116.210525 -116.242687 -116.246300 -116.207946 -116.238998 -116.259522 -116.256285 -116.229866 -116.241504 -116.217450 -116.254413 -116.212237 
-116.225420 -116.232332 -116.203230 -116.229814 -116.255777 -116.213437 -116.235112 -116.251616 -116.257327 -116.237529 -116.218735 -116.255975 -116.232719 -116.256970 -116.259092 -116.245172 -116.255340 -116.204643 -116.218724 -116.259147 -116.242074 -116.212108 -116.207059 
-116.245469 -116.217855 -116.255385 -116.251030 -116.249073 -116.258007 -116.211507 -116.211172 -116.252077 -116.217133 -116.218289 -116.213256 -116.214794 -116.251748 -116.228309 -116.217733 -116.222943 -116.204547 -116.206252 -116.240675 -116.239987 -116.209308 -116.209410 -116.213219 -116.248374 -116.227572 -116.245462 -116.236369 -116.217437 -116.227952 
-116.234490 -116.220996 -116.237368 -116.202532 -116.203988 -116.214935 -116.215179 -116.243113 -116.240745 -116.258959 -116.229929 -116.209317 -116.215460 -116.237147 -116.223134 -116.221900 -116.245761 -116.225535 -116.209427 -116.247855 -116.207968 -116.233416 -116.202867 -116.207506 -116.242365 
-116.258637 -116.238088 -116.232157 -116.205639 -116.243813 -116.241116 -116.218635 -116.222695 -116.234882 -116.219802 -116.224847 -116.257395 -116.257482 -116.220494 -116.245906 -116.233113 -116.236720 -116.210256 -116.203294 -116.258252 -116.235223 -116.234249 -116.242409 -116.225479 -116.244855 -116.255354 -116.223711 -116.210983 
-116.243459 -116.250855 -116.219597 -116.258279 -116.258805 -116.259226 -116.240793 -116.245797 -116.216894 -116.204936 -116.249483 -116.236598 -116.239156 -116.249586 -116.246552 -116.221215 -116.214668 
-116.224967 -116.221084 -116.236715 -116.259895 -116.212805 -116.216940 -116.253422 -116.218277 -116.217731 -116.224885 -116.225338 -116.224432 -116.247689 -116.248167 -116.228534 -116.258948 -116.224072 -116.206313 -116.229396 -116.255071 -116.255495 -116.257016 
-116.234509 -116.222328 -116.254999 -116.202899 -116.214277 -116.255082 -116.234426 -116.238880 -116.208723 
-116.230388 -116.259071 -116.250761 -116.213677 -116.230904 -116.258592 -116.238938 -116.212589 -116.223788 -116.226900 -116.228036 -116.205946 -116.254097 -116.209496 -116.232871 -116.253374 -116.256852 -116.250761 -116.250712 
-116.210981 -116.255068 -116.242904 -116.241639 -116.256327 -116.232227 -116.226185 -116.211822 -116.211174 -116.225390 -116.251112 -116.218099 -116.215686 -116.214682 -116.211233 -116.248489 -116.255468 -116.235041 -116.218916 -116.218373 -116.210451 -116.230953 -116.245660 -116.241076 -116.240988 -116.222153 
-116.221360 -116.207788 -116.220362 -116.234975 -116.203423 -116.204313 -116.244637 -116.229395 -116.202791 -116.257072 -116.213441 -116.209847 -116.215236 -116.247787 -116.245514 -116.206745 -116.218413 -116.221605 -116.225010 -116.248752 
-116.240001 -116.212174 -116.224245 -116.243245 -116.246254 -116.227519 -116.247726 -116.206423 -116.219495 -116.247633 -116.244792 -116.231021 -116.251002 -116.236276 -116.206700 -116.228957 -116.256435 -116.226586 -116.237178 
-116.210990 -116.256262 -116.243556 -116.241919 -116.237525 -116.225560 -116.220580 -116.222401 -116.223704 -116.202771 -116.227722 -116.210584 -116.245272 -116.240075 -116.239962 -116.250581 -116.202589 -116.223021 -116.216368 
-116.203322 -116.238249 -116.213844 -116.236305 -116.214086 -116.252320 -116.255661 -116.252095 -116.259408 -116.204161 -116.219305 -116.211157 -116.241719 -116.212749 -116.208556 -116.241937 -116.219879 
-116.250568 -116.213530 -116.231077 -116.242309 -116.229214 -116.206299 -116.228806 -116.251222 -116.204210 
-116.234743 -116.220864 -116.254638 -116.214933 -116.210738 -116.206179 -116.244792 -116.255871 -116.255500 -116.251450 -116.216979 -116.205366 -116.234845 -116.245981 -116.255769 -116.238627 -116.250928 -116.223679 -116.249604 
-116.237784 -116.235003 -116.240465 -116.205723 -116.209957 -116.243109 -116.243716 -116.242938 -116.231255 -116.240969 -116.213542 -116.239272 -116.259383 -116.240241 -116.247500 -116.249761 -116.234331 -116.256853 -116.257523 -116.247514 -116.218135 
-116.240040 -116.228048 -116.221237 -116.220953 -116.214407 -116.248661 -116.210342 -116.204714 -116.244141 -116.224608 -116.230347 -116.219251 -116.212173 -116.254614 -116.231875 -116.252761 -116.214706 -116.239323 
-116.251085 -116.213139 -116.223133 -116.211172 -116.209469 -116.206358 -116.241947 -116.247760 -116.238169 -116.244087 -116.232215 -116.231670 -116.229165 -116.209187 -116.231862 -116.243116 -116.251972 -116.222968 -116.219755 -116.231296 -116.215508 -116.237755 -116.213402 -116.241591 -116.230925 
-116.226726 -116.240499 -116.234280 -116.244343 -116.209603 -116.236999 -116.216108 -116.215768 -116.247797 -116.222357 -116.232498 -116.220503 -116.258039 -116.218828 -116.229741 -116.238896 -116.216361 -116.216677 -116.257649 -116.231006 -116.202363 -116.235097 -116.253184 -116.224792 -116.229899 -116.215779 -116.218964 -116.252963 -116.246188 -116.253874 -116.251021 
-116.255378 -116.223167 -116.242998 -116.211623 -116.218106 -116.215016 -116.240972 -116.204820 -116.240347 -116.223590 -116.224236 -116.239687 -116.218321 -116.206427 -116.237070 -116.216771 
-116.258029 -116.216632 -116.241391 -116.256437 -116.236524 -116.222836 -116.230175 -116.214265 -116.255596 -116.247250 -116.216216 -116.251917 -116.222589 -116.229226 -116.205174 -116.224725 -116.211525 -116.249734 -116.241458 -116.223041 -116.237258 -116.220215 -116.208705 -116.227288 -116.220003 
-116.222645 -116.234088 -116.208029 -116.202656 -116.212340 -116.228605 -116.220335 -116.210993 -116.244075 -116.254113 -116.231625 -116.229974 -116.217284 
-116.244688 -116.215954 -116.242136 -116.251363 -116.232263 -116.209370 -116.220960 -116.231063 -116.257981 -116.217504 -116.247312 -116.236609 -116.247401 -116.232523 -116.259518 -116.249872 -116.258185 -116.214000 -116.258753 -116.222357 -116.259246 -116.219658 -116.204462 -116.220574 -116.219368 -116.239986 -116.236319 -116.243447 -116.258630 -116.231506 -116.209875 -116.239217 -116.240946 -116.222957 -116.236900 
-116.238248 -116.232656 -116.245427 -116.224838 -116.226005 -116.211849 -116.210866 -116.250873 -116.206870 -116.214804 -116.240236 -116.204650 
-116.212332 -116.235957 -116.241791 -116.218114 -116.209046 -116.256968 -116.225118 -116.254324 -116.235403 -116.239910 -116.210422 -116.211196 -116.236240 -116.212652 -116.242864 -116.257254 -116.259428 -116.255158 -116.240087 -116.250518 -116.247418 -116.255241 -116.255363 -116.229045 -116.257533 -116.225992 -116.248203 -116.234495 -116.229729 
