12.675914 2.526039 8.827620 9.071138 0.439895 72.406383 1.509535 0.062865 0.022313 0.831189 0.312264 0.147862 2.766180 
0.027516 0.075185 1.372217 5.802878 0.014566 0.342585 0.147668 2.296868 0.213055 0.738183 0.028106 0.131665 1.357250 0.695075 0.053055 9.399147 0.507303 0.723359 4.709207 2.028953 0.138169 
0.082832 0.055581 5.289530 1.819263 0.049844 7.853604 9.148028 5.988758 26.213227 0.702405 8.447455 1.473810 2.039529 0.128226 1.791486 23.271885 0.457887 0.449777 
18.343552 0.155836 0.009514 18.024035 2.686683 5.514750 2.945573 0.438269 31.259395 8.655588 2.651659 1.715489 0.061032 17.224415 0.047335 0.021477 
2.729414 0.009859 1.436543 1.136325 1.640600 0.171339 0.074580 0.339923 17.234337 10.671990 0.471922 2.177250 10.849998 0.012513 0.040118 0.011271 0.028912 0.017070 1.845162 0.230501 0.872673 
12.583131 0.177755 41.938058 8.867153 9.761936 7.945259 0.106543 1.535854 0.259537 1.742302 6.498209 0.663599 
87.536889 0.097560 1.473808 3.388507 0.104332 4.593121 0.150027 0.657223 0.389590 3.350939 2.483880 6.844442 8.891850 1.104307 61.595438 0.469392 1.105378 28.099486 1.379260 12.249202 0.771300 75.059422 43.786471 
4.321835 2.237216 30.413610 3.209893 0.065101 4.654174 1.106759 16.303626 0.759271 0.532833 1.629360 1.280413 0.388873 0.069132 7.555958 1.460264 2.189877 0.181590 0.879457 0.183478 3.805336 0.419252 1.548489 0.019978 2.802922 0.140551 53.318233 1.056559 7.357568 5.270554 0.072313 1.078377 0.056308 0.616859 
2.297114 0.257467 1.389230 6.720324 4.338919 1.118202 0.064138 1.100591 0.081944 0.662772 
0.106352 0.097387 1.330081 0.180035 0.297201 0.576630 13.950038 0.635868 6.227876 0.235140 0.873719 0.109833 1.320631 0.331061 2.184954 25.231596 21.739569 
15.416904 1.016263 0.778111 0.906936 3.478150 0.384381 0.868891 1.898186 10.740006 3.035235 2.690427 5.345903 0.186657 1.569628 1.881423 17.933617 
50.446893 0.051976 5.738030 0.818893 0.190026 6.587379 0.390286 45.948874 18.656852 0.095077 8.864883 2.440890 0.186734 10.785289 0.257131 0.387986 1.099242 2.630063 0.026720 1.552525 0.318143 0.059557 0.615185 0.114128 1.630919 0.024468 0.880614 1.428772 0.045292 57.935681 0.912936 0.037793 12.994152 0.417402 0.016821 3.197940 0.021783 0.881142 0.240267 55.545564 
1.432476 0.981390 625.181981 0.485110 1.942408 8.194767 13.340669 2.997623 2.872481 1.894684 6.073233 0.251733 131.755358 4.969407 51.833359 0.186070 0.351437 
0.082773 0.150184 2.104204 0.078958 19.195086 1.530745 0.245558 106.753197 32.575565 2.813572 3.412332 0.504608 7.316732 27.142839 1.114953 
0.552402 3.578306 4.680591 1.957565 9.808446 0.521887 8.287623 0.483729 1.801487 1.444555 0.036016 0.016790 0.475380 
0.010864 9.734752 4.359867 4.856496 0.139429 0.370654 4.588060 0.518589 1.220244 1.631869 19.031643 3.233433 0.109127 0.008775 0.455067 1.444639 0.006819 0.565715 7.795268 15.391031 7.354592 0.937527 0.447749 12.895889 0.030583 1.826565 0.245219 0.058956 0.581887 
0.095407 3.718420 0.075508 0.387628 0.109785 0.120384 3.069538 0.042182 0.658843 15.971893 0.104314 0.130783 0.027594 3.831361 0.018589 3.849412 2.801807 4.091122 0.390565 0.142401 0.147996 
0.363930 34.053250 0.295985 1.006938 0.187326 0.559264 20.334742 2.608140 33.651415 1.836461 1.051248 3.452931 2.002532 0.119047 3.669828 2.315168 13.659616 9.924313 1.374124 0.080362 2.337342 1.339647 0.109485 0.919760 2.741045 0.019938 
0.690472 1.446346 0.768144 0.433837 0.583621 26.022688 0.328274 14.887094 0.953248 2.535274 0.302326 0.715717 1.571892 10.189466 1.148847 0.561048 2.240618 0.458607 4.573713 4.693808 1.653459 17.738495 4.081059 9.370727 
0.038904 0.147026 2.840515 1.746811 0.290154 0.872275 3.164996 0.028651 1.433759 0.906407 1.641076 1.966005 2.413412 50.267533 9.015095 0.009338 3.585135 6.429924 
0.081006 0.380457 0.037346 0.024836 4.106518 0.985436 0.022030 0.165597 0.042256 22.652629 5.448756 4.284126 0.057236 6.995021 0.017468 2.687093 0.129439 0.190221 40.132413 0.428611 45.181524 1.267983 1.052285 0.075944 0.031414 0.291067 
0.258647 0.266880 1.154271 9.096994 0.741042 1.477432 0.218139 2.688647 5.910089 11.224126 0.828510 2.230034 2.110037 2.199505 0.237550 0.197595 0.240264 5.015963 0.034842 0.034350 
0.673907 0.782766 16.665501 0.036034 7.802673 13.784823 8.235696 0.388828 1.929562 0.107583 3.690398 3.219496 1.856766 0.016944 12.908043 4.417139 0.760816 109.034551 0.084699 133.850506 0.038549 1.738577 0.175052 0.804477 
3.180155 8.489659 0.070036 0.200747 0.537586 1.069668 0.228368 1.810997 1.537478 3.645077 1.333960 0.309036 1.181383 0.678217 3.263491 2.318377 9.833949 0.560673 0.591866 2.644645 18.415663 6.871895 0.052953 0.943648 0.788116 0.310710 3.205336 
1.704099 0.226453 19.966447 1.608485 0.698169 1.851173 2.727923 7.755620 0.314823 0.199316 6.657208 0.474682 13.303001 0.443701 68.628592 6.007081 
2.379809 0.942393 0.452410 2.652102 0.807462 5.020684 9.238252 25.348617 66.148171 9.755980 41.884695 6.286281 0.167719 5.997407 0.130271 0.198240 14.669943 1.938368 0.293484 1.518898 1.358939 5.470277 6.051019 11.191110 0.174795 34.977033 
0.599423 3.209276 0.057301 2.787900 0.314096 1.410385 0.300362 20.584495 1.258369 4.244501 0.314033 1.350817 0.639931 3.737833 0.213592 26.079098 0.085438 2.909833 2.767752 0.299781 1.649006 0.051685 0.652511 
0.045555 0.700907 47.949199 107.938638 0.551003 0.387416 46.474300 6.452573 0.795898 0.050158 6.612312 
0.137339 0.891327 2.542542 0.087337 0.425425 4.322033 0.220240 0.255649 0.716067 0.213943 20.811904 0.426743 0.014503 0.006744 1.703717 14.305373 1.392917 
1.491982 3.756699 2.263189 2.082864 0.387596 1.242750 2.647712 3.410087 0.122484 42.489309 4.183137 0.626926 0.999428 2.005612 0.270949 
1.623020 5.357349 0.618219 0.241909 22.846201 0.242850 0.376898 35.609264 0.111323 0.110202 1.451042 0.585498 1.536530 0.135002 18.493993 36.398730 0.611676 0.899511 5.074899 2.253634 0.811111 5.759736 0.594201 0.461426 3.156147 0.099412 3.639630 1.776484 8.533569 9.213608 27.570720 40.358720 0.077059 0.112037 5.530078 0.107572 
0.169646 0.736314 0.828457 0.769428 10.894740 2.158366 8.259384 0.199636 1.363945 0.265896 2.464222 6.410065 4.915561 4.334661 0.218760 0.816392 2.130371 1.393681 1.913255 
3.349432 2.380547 4.117140 3.582959 0.384650 2.580718 0.226373 3.279164 0.252593 0.058882 1.955946 0.181286 0.591314 7.869545 
5.808622 1.533026 1.035181 7.528700 0.010286 21.273061 0.646810 0.056520 0.050401 0.040464 0.005091 0.215337 
2.182714 1.272446 1.775610 0.862751 1.757419 0.391733 1.079629 0.170897 0.082084 0.150250 1.938642 0.125821 0.008410 0.389569 10.216115 0.043477 5.118225 1.970144 1.425484 0.428461 0.212902 1.123763 0.629091 0.454530 
0.574152 0.064197 0.037731 17.298204 0.558778 10.553888 0.160594 10.708033 0.337550 0.113898 6.944553 0.731532 4.233848 0.093788 0.348403 1.961938 10.311431 0.009102 0.125767 1.730238 0.104864 0.554531 0.054491 8.438010 0.077091 0.136603 0.439499 0.136734 0.183584 0.155145 5.441581 9.520466 
187.919290 6.242449 13.605232 19.314237 1.969763 0.472556 0.272816 0.195442 1.306534 0.596870 0.051363 1.166699 2.800760 2.567970 2.047039 11.063325 31.136104 5.022160 0.757690 25.597902 0.429537 
1.134126 0.066645 0.831612 1.091898 0.071670 2.925562 0.300382 6.096007 0.298272 0.172095 2.133013 2.043054 0.028594 0.962734 0.192522 0.468816 25.977491 5.021385 0.302593 23.733991 0.494649 0.068999 0.184607 0.421664 
20.970041 2.222477 0.519496 0.832299 0.151650 12.312298 2.315501 1.572125 7.940240 1.351529 0.425981 26.312864 2.347426 0.160706 0.084987 0.089770 17.322768 0.781115 0.098984 0.568379 0.320204 0.190669 0.056336 0.620872 0.459165 0.614997 0.123271 9.855982 1.228328 4.061082 
1.547097 46.457601 6.878797 0.406166 1.133643 0.622072 0.210954 0.719561 7.228780 11.754448 35.408612 1.991879 9.287854 1.450724 106.699843 1.999505 3.235327 4.665505 0.871290 3.499576 5.296480 15.437421 8.780126 
1.934869 1.537513 1.977109 1.412671 15.946742 98.436675 23.088592 0.870153 2.343639 0.591948 0.423974 15.231453 3.126301 33.031095 27.660328 0.783708 0.270069 0.983295 1.175675 6.285217 0.177814 11.530777 11.939037 2.100588 0.323098 0.912479 1.198648 0.169562 1.151132 0.157908 4.184892 0.948107 26.575478 
0.192595 0.278513 1.231049 1.132805 0.653555 0.230981 9.593028 0.056314 0.145716 3.642447 0.279198 3.782414 6.999082 0.721468 12.708010 1.628937 2.082268 86.253510 0.581391 0.463565 9.580594 0.930892 7.256095 
6.237109 12.266344 0.621295 0.814135 1.676099 7.508132 1.130322 0.273337 0.767986 1.766268 1.422283 0.253713 7.327989 1.559555 3.016654 0.668241 
150.976269 70.503720 2.188322 66.007940 4.943393 1.474139 0.441006 16.839144 1.568335 0.347015 0.104052 3.534180 0.797441 0.274488 
38.440186 0.048126 0.041479 0.221394 0.461289 0.468697 4.669907 0.018667 0.346509 10.153287 6.422115 0.983810 1.416414 2.987542 
0.751724 12.165813 11.070830 10.320942 3.196231 2.048329 15.239301 29.232970 1.170605 0.230477 1.459735 0.138549 0.335702 0.034453 17.301681 6.917725 0.176316 26.290308 0.737549 6.593622 0.467591 0.710217 0.024532 3.936714 
0.048086 0.500238 0.190556 5.317369 2.862825 17.151518 2.745609 0.112717 2.800420 4.419130 0.727851 0.813505 31.612980 7.516967 0.280746 4.016798 2.257380 1.036130 4.188246 0.329861 2.645296 2.296490 3.454525 6.046348 17.348766 53.940580 42.864413 6.796592 0.149708 0.113859 3.607680 91.920679 10.461191 3.226948 0.219195 0.791185 
0.220766 0.448228 0.035207 0.076743 47.800245 0.092747 0.410517 0.414987 2.498954 0.099784 0.055178 8.373226 3.562709 2.189495 0.800349 0.440388 0.136893 2.097820 5.933480 16.304229 8.741686 2.012679 1.154234 8.581460 0.734288 31.636165 12.581671 
2.936421 2.727700 1.710080 2.608568 2.884841 2.171770 0.537103 4.960165 8.810206 1.144958 6.662229 0.524790 0.750710 1.226029 
0.013265 0.190076 0.545499 3.742282 0.021337 0.581688 6.873848 0.168725 1.779807 0.388104 0.268422 0.120413 1.140058 3.491821 0.958139 11.391818 6.265341 4.103841 0.022416 0.051923 4.512922 0.389349 
0.721422 0.966695 0.632789 6.413389 2.354055 73.838978 28.625664 0.204654 0.727454 16.930086 0.175793 82.598289 1.532538 0.614805 5.000893 
4.099681 14.340624 0.271045 0.092531 3.224687 0.678578 1.772000 1.486594 0.104388 0.150309 0.059105 0.871357 1.534040 3.386481 
0.065010 3.994582 0.111749 4.281599 2.758859 9.632235 0.688869 0.114796 0.080685 0.152549 4.654444 0.499979 3.199827 0.026479 2.323773 
0.093218 0.030716 13.787686 31.912702 0.005954 30.131997 0.687422 0.348525 2.799382 7.905221 0.020794 0.022219 0.080442 0.594980 0.339858 0.010952 0.804874 0.607512 23.582273 11.528461 0.315899 1.775118 0.036929 
17.703714 1.617327 1.975511 1.088385 1.062017 0.283122 10.038100 4.466661 0.690382 8.987264 0.433262 0.583261 1.304111 2.116258 0.652213 2.593081 
4.875626 25.977909 4.646345 2.369106 17.462009 2.241083 1.361023 27.404848 0.008990 1.861833 10.400945 0.165755 0.955185 33.110468 1.062953 4.595108 1.151176 0.030895 
1.305214 0.905353 3.094918 16.214923 2.799305 4.808138 26.051621 2.655626 0.998075 0.423851 1.160617 0.596881 13.631605 
0.425393 2.107158 1.117720 4.946320 3.090073 5.240041 4.727623 1.597287 118.258621 1.284468 0.203119 2.212991 3.006038 0.866521 
1.147229 1.180674 10.158290 0.857177 2.406715 4.341955 27.288765 0.216896 0.373628 2.597021 0.695681 48.506890 1.308426 0.986357 1.164634 5.610456 0.391915 0.657152 0.669992 2.728177 0.818329 0.470649 2.443480 
0.069610 0.735778 8.069582 11.033882 0.486143 3.648928 1.536743 12.099061 0.156336 1.635426 0.073052 0.474368 6.579433 10.418048 1.653681 1.213143 1.470284 6.323874 17.124809 104.748986 5.681040 2.640088 0.318595 0.137544 0.294812 
56.179564 4.312214 1.888270 0.264258 0.314993 64.103474 0.975545 0.786429 3.553972 45.786475 2.679937 0.089820 11.140278 2.213283 0.420983 0.197029 3.183134 0.045863 7.984614 1.403374 0.271944 2.447786 1.233297 0.046856 2.099175 
1.288468 1.978008 1.592144 0.329989 0.125042 0.777638 4.130752 0.193839 31.300920 1.896603 10.126977 0.822323 2.670137 2.593648 12.331885 1.011971 0.336139 2.347945 0.266391 0.489725 2.903017 
10.091013 4.608032 15.337862 57.855534 1.757896 5.461397 12.276859 1.852643 2.506947 3.269829 3.265662 1.787932 6.698690 5.006797 0.588645 1.303567 3.137451 0.895392 1.027466 0.225908 
0.497921 1.110335 0.815835 0.297403 5.383803 2.096617 4.003971 52.005476 0.300129 0.296435 12.904567 2.674751 0.371003 3.651545 0.977602 1.161702 1.830858 1.286465 0.020380 4.795807 
9.735432 9.152163 0.165936 3.195499 0.391553 0.424877 0.014223 0.366299 3.113153 1.840410 3.510294 9.255668 0.315197 1.292131 0.102358 0.228510 0.112712 0.028094 9.353630 1.606169 0.725939 0.122626 0.105093 0.372366 0.537584 0.304770 0.458345 0.073544 
0.617995 4.826018 1.536688 1.010855 0.492368 10.053024 1.776290 1.855329 1.045190 38.078411 0.147813 0.276189 0.444445 0.914616 0.884745 
0.640954 0.273431 0.893565 0.131754 1.725900 1.936716 9.324549 0.141947 15.243014 2.033461 0.983432 0.090209 7.310039 0.203480 1.249532 0.870591 1.911232 0.217063 3.215902 0.594146 9.022596 1.538666 4.219097 0.335797 0.835788 3.734136 4.574577 0.411480 
1.689768 0.059460 55.793732 0.427837 13.565616 0.128739 0.320760 9.045875 2.522442 14.801705 0.057303 0.189576 2.029702 0.022669 0.460515 0.142213 14.423387 0.024768 0.060890 15.468544 4.649382 0.060201 0.074793 
0.032533 0.071756 0.004366 2.545484 0.477969 14.819886 0.055048 0.020485 0.196454 0.070086 15.034775 0.082839 2.526952 
30.565599 3.389411 2.188062 0.303589 0.430433 0.239079 0.677363 27.338600 0.359446 9.310675 0.368547 0.303150 13.873450 0.218036 0.246432 1.688595 11.960830 0.260400 12.548223 0.963436 0.342930 2.607904 8.478863 4.063515 2.803306 0.432008 0.109870 6.195073 0.887422 13.844962 2.346362 4.800273 0.123016 0.619765 
0.125231 0.066123 41.134869 53.791140 38.190885 9.591314 109.769539 0.035498 0.019436 3.592390 1.564025 2.172046 0.514281 10.031379 7.643248 0.295913 
0.168284 3.307912 0.686527 0.230622 11.662026 130.265978 1.903586 16.262609 0.029062 0.519844 2.829173 0.927159 1.903359 0.229304 5.232268 0.642667 19.359666 148.390218 0.379770 
16.636676 8.067990 15.846268 15.963232 0.524063 0.512508 0.163047 3.655240 12.861355 3.224626 0.548768 0.661375 7.912043 0.540634 0.696905 
1.257928 0.926866 1.317528 0.266653 14.776658 1.486573 7.413284 0.032309 3.200695 7.546281 1.662747 0.773272 1.008549 7.378731 19.187993 2.834153 0.665313 1.105374 0.721526 8.722920 7.414415 2.710971 0.177019 0.936542 22.645029 2.616215 2.778441 
0.112944 0.315645 0.458091 2.584170 0.347378 0.081054 32.218351 0.480464 0.118147 3.319462 0.450808 41.646100 5.608408 5.935876 0.017157 0.657791 
10.237945 0.287695 13.119824 3.608673 0.023241 1.432239 21.474315 3.094525 0.782828 0.318367 8.824773 1.347477 0.523136 0.180834 6.679429 1.124307 1.568346 0.934984 2.403409 2.122349 2.006794 0.779773 0.667271 
0.203075 0.167627 0.363054 1.554523 0.582638 54.692543 14.061094 128.585016 56.303409 15.529295 5.393330 0.244416 1.271086 1.323335 0.721514 100.834632 9.158138 0.174050 14.453440 0.263745 0.016505 121.208450 0.550018 9.823584 0.480289 0.091620 0.204821 31.145617 0.541600 76.254061 
0.162885 0.151774 15.421985 1.692907 0.828094 2.558646 0.022233 1.875572 3.822718 0.161043 29.743877 0.259796 0.618424 1.418779 3.561618 17.700067 28.184154 0.241201 1.584807 58.621614 1.012505 0.022794 4.388812 1.273876 9.437272 
0.042030 0.174704 1.828454 9.755979 2.419056 6.120897 3.204891 0.403962 0.221297 0.076857 0.992725 0.122919 0.152722 2.524825 0.381464 0.440926 0.226568 0.105507 1.647151 0.409641 1.570182 1.950813 44.960635 28.575467 2.202899 0.091148 0.592297 3.440885 
0.079414 2.565699 9.727850 0.230645 0.819760 9.614106 3.899173 13.978771 2.935008 0.925515 0.412420 0.193945 0.063105 1.475171 0.218994 1.620979 0.156080 
0.029007 2.073995 4.137223 1.620889 0.164374 1.828684 0.113941 0.161872 4.532013 0.118072 1.449827 1.643314 19.167195 0.015018 1.032779 0.712237 0.130287 0.133620 0.009004 1.361226 4.487538 1.083722 
0.197799 3.706679 0.076989 1.243187 9.565469 12.190781 5.578424 2.201925 0.222778 
7.929840 0.438991 2.364015 5.710832 0.453107 2.171542 2.430255 55.836629 0.361007 2.722949 0.199669 3.148046 0.035695 0.069134 14.862464 7.785234 12.426611 0.524445 10.508369 
2.586388 0.339627 0.478995 1.245236 0.323775 13.704839 1.398010 0.541334 0.458099 2.847050 9.258874 0.313984 0.100366 1.438546 0.920024 0.681614 1.395504 0.018833 49.525655 0.860252 0.227879 2.711676 9.909992 1.119866 1.425636 1.331218 
2.576936 2.976369 0.873631 1.152832 1.896671 2.460142 2.804300 0.152679 137.184182 1.920970 7.211542 63.652080 6.638544 1.634668 4.359359 4.233181 19.637824 1.856700 0.101762 0.122600 
1.750332 2.079521 4.238524 0.130737 0.708737 1.787107 87.651340 11.803460 1.018855 1.721103 8.934971 3.585125 29.126197 43.787444 0.539156 5.560394 0.245057 4.155496 25.852741 
2.041096 0.172407 1.970464 2.028032 13.256610 2.547902 15.786749 26.409296 5.989196 1.850134 7.943955 11.419004 0.739529 3.621575 2.385636 7.270768 0.831714 0.288960 3.826575 
0.070198 3.407993 2.242774 0.043107 0.147503 2.905200 0.027991 4.967426 0.223412 0.008016 0.134986 0.064723 0.621214 0.110437 1.700060 0.018786 2.692538 
0.912870 0.778700 10.869987 2.134450 1.401785 39.477005 8.876531 1.985727 4.337335 
0.028692 0.329153 45.361521 0.203626 3.175841 3.956227 0.228831 0.464140 0.224183 0.699231 8.405760 2.629221 51.301738 0.193277 0.032612 1.105683 0.017122 11.804117 0.058322 
2.083361 1.092948 11.199216 4.652667 0.364339 5.534757 12.399043 0.466021 86.403573 0.971819 1.040474 57.681886 1.199577 0.455349 2.767517 1.038532 0.689467 0.819306 37.413956 23.530406 1.319348 
4.916484 1.679470 0.155409 0.123785 2.192862 3.972780 2.803166 0.563983 0.227058 0.246772 0.858416 12.266189 2.099461 0.044307 0.260891 0.097121 0.119343 2.333150 
4.016888 0.955445 4.757016 1.965802 2.165539 0.107439 3.371018 3.325912 14.130464 2.137015 6.329987 0.752587 0.052169 0.592602 9.750027 0.103350 2.854617 3.752100 0.279170 4.582426 0.626083 1.037825 7.907331 0.328634 0.653706 
1.330982 0.999200 4.085729 51.940263 2.555307 1.116461 1.668532 1.372177 1.605637 24.142194 1.256739 2.048806 0.198429 0.757960 1.191160 4.493297 27.134809 3.241457 0.070676 0.266776 1.449253 1.306795 13.965275 2.825947 1.316318 0.618511 0.068636 2.735337 0.255947 2.493171 1.259891 
0.127834 0.205052 34.342697 1.799700 12.558126 0.577538 1.926805 3.153858 2.478276 16.104992 0.802807 1.302909 3.187462 2.857370 70.476875 12.642818 
0.153551 0.012535 0.141103 8.306946 3.671176 8.322504 2.107116 0.034837 1.193440 0.338117 0.029058 0.048152 0.004278 0.892825 0.039331 0.033248 21.708094 0.022518 16.294676 0.011908 0.611129 15.331878 0.045929 0.339193 0.067071 
3.201507 0.907827 0.331250 0.598676 0.729090 103.593311 11.677270 4.027681 15.013763 0.802394 11.383752 0.234030 41.604702 
2.228805 2.883418 0.465230 6.916691 7.286723 0.090579 0.008629 0.074327 0.706302 1.058948 6.862923 13.576009 1.828142 0.016692 2.008497 0.164784 1.770114 0.600207 0.012635 0.016879 0.390630 0.167943 3.334001 0.890941 18.739947 3.403547 0.875232 0.229999 0.435912 0.593021 0.646667 0.233449 0.047109 0.030631 0.485426 
0.972620 0.885989 0.069907 19.125714 6.169470 4.064797 0.089504 2.176561 2.677687 1.891086 5.103247 3.333796 
5.083822 19.504412 4.742665 0.336399 9.728354 0.489246 82.868609 3.293663 0.920316 0.333272 0.082430 0.698469 0.295865 44.012790 0.010814 0.067847 5.370895 56.044985 1.544580 3.794715 1.137719 0.456339 7.270183 6.859563 1.999530 0.655226 1.203330 0.840201 0.782502 
