0.955569 0.846672 0.924737 1.092967 0.946526 0.969439 1.193625 0.961305 0.939810 1.218074 
0.854033 0.916966 1.094624 0.933834 1.139042 0.815648 1.170619 0.820304 1.119762 1.016155 1.219291 1.219602 1.033153 1.181108 1.151682 
0.807976 1.016440 1.138690 1.161762 1.068414 1.229987 1.144335 1.027843 0.889317 1.120648 
1.113258 0.922519 0.906404 0.972563 0.915609 0.806328 1.080281 0.871734 0.806882 0.898413 1.130614 0.932336 1.144065 0.794675 0.877450 1.233939 
1.007478 1.199361 0.837564 0.815038 0.908196 0.820907 1.104929 0.871311 1.054817 0.926382 1.093837 0.995313 1.015024 0.876012 0.863281 1.078547 1.059259 1.062150 0.820418 0.886198 0.951119 
0.937608 0.831969 1.127752 1.009869 1.167760 0.990832 1.211669 0.862886 1.036149 1.068132 1.181553 1.190212 0.961339 0.968024 0.917530 0.822649 0.821387 1.158597 1.178863 1.180915 0.802894 0.904733 1.047740 1.059795 0.891772 
1.096601 1.101238 1.101169 0.839375 0.813597 0.828967 1.028530 1.030204 1.074417 0.963162 0.913227 0.847534 0.998184 0.953388 1.201532 0.960490 0.925708 0.856978 1.032551 1.179671 1.053789 0.800521 1.093755 1.197800 1.133634 1.099543 1.143676 0.916046 0.961317 0.927598 0.987296 0.872155 1.126840 0.868337 0.955480 0.857415 1.111675 
1.146219 0.922692 1.105349 0.795070 0.838453 0.934765 0.864651 0.961757 1.197612 1.236688 1.052078 1.001870 1.158354 0.965799 1.028541 1.197884 
1.169860 0.995833 0.807807 0.853849 1.117307 0.914015 1.065803 0.944990 
0.979908 0.906644 1.109752 0.967638 1.220676 0.951489 0.822871 1.252793 1.098711 
0.930907 1.143495 0.978985 0.798960 1.045698 1.119823 0.936086 0.849258 0.924341 1.166508 1.150818 1.130744 0.823290 1.093294 1.022509 0.955123 1.171848 1.135709 
0.835281 0.851187 0.938347 0.845891 0.877505 1.189941 0.819323 1.038164 1.194295 1.202801 0.858457 1.067338 
1.062448 1.014914 1.108230 1.147703 1.106290 0.829171 0.978931 0.959975 1.217043 0.949104 0.947037 0.846904 1.019375 1.244802 0.968607 
1.192533 1.215771 1.181112 0.923436 0.856263 0.828790 1.088610 0.832592 0.890735 1.157644 1.208323 0.865902 0.910047 1.101964 
0.837458 0.816897 1.201794 0.822072 1.131861 1.050261 1.110353 0.827114 0.895504 0.943395 0.811663 0.884409 0.892273 1.042427 
0.942435 0.833813 0.847776 1.083584 0.940857 0.857941 1.221585 1.201047 0.826851 1.175097 0.794369 0.979840 1.035563 0.951213 0.951585 1.158262 1.106876 0.862104 0.824784 0.804412 1.196695 0.890782 0.951356 1.202622 0.819172 1.017941 0.866905 0.937519 1.029856 0.798674 1.087597 0.992637 
1.015282 0.905073 1.137270 1.130706 1.011888 1.063419 1.034392 0.904921 0.944885 1.140395 1.204396 0.815817 1.049465 1.085705 0.874921 1.143882 0.824533 1.090346 1.098063 0.913408 1.200614 0.885190 1.221921 1.003928 1.072091 0.999452 1.237642 0.876834 1.086816 1.017691 1.179885 0.907510 0.800710 1.017571 0.817869 
0.940990 0.872133 1.102188 0.912410 0.915007 1.222177 0.805034 1.006311 1.154487 1.011761 0.938594 1.145551 0.976186 1.145309 1.158793 0.941840 0.910197 1.034648 1.016726 0.999673 1.222309 1.215381 0.952049 1.022276 1.036894 1.003963 0.926980 0.899049 0.815069 0.897950 0.916837 1.003202 0.865277 1.189254 1.127630 0.859051 1.021908 0.967882 0.934057 0.864757 
1.022329 1.056693 0.999754 0.965873 1.000937 1.222177 1.091052 0.956684 1.048137 0.883717 0.865559 1.180619 1.103244 1.074553 1.111301 1.099629 1.227422 0.881893 0.862239 0.968766 1.074783 1.115307 0.799090 1.088084 0.910058 1.146948 0.936996 0.854067 1.063354 0.946862 1.059715 1.220578 0.904804 1.205360 0.874750 0.936643 0.903088 0.861834 0.875729 0.994975 1.142685 1.207951 0.883828 1.254572 1.255323 0.924447 
0.799998 1.070961 1.157027 1.138228 0.809441 1.219695 0.830782 1.251942 0.984148 0.986008 1.111753 1.047705 1.152353 1.233631 
1.039974 1.145673 1.207513 0.900144 0.960416 0.831044 1.246647 0.895580 1.033093 1.111521 1.242748 0.935822 1.223327 0.857374 0.934456 1.083457 1.107394 0.924917 0.977954 0.837200 0.945235 0.892183 1.006737 0.799927 0.833537 1.140148 0.967634 0.991079 
0.889495 0.902588 0.963839 1.166809 1.162584 0.895720 1.228355 1.155332 0.799064 0.959668 0.924059 1.228269 1.093965 0.966205 0.833410 0.824296 1.153624 1.114606 1.094663 0.983266 1.098557 0.931956 0.958957 1.042044 0.829125 0.983344 1.005862 1.067922 1.050793 0.836150 1.007475 0.970902 0.918056 0.853116 
1.085255 1.021246 0.951691 0.920155 1.028458 1.074097 0.963696 1.164490 0.952461 0.963154 1.215383 1.197905 0.855295 1.248283 0.983166 1.003274 1.201832 1.018401 0.975947 1.161616 1.247795 0.876813 1.142601 
1.247150 0.812021 1.251736 1.016227 0.821765 1.175811 1.248867 1.150839 1.126393 1.200489 0.933636 0.936064 1.096584 1.203679 1.197218 1.224450 1.062850 0.963555 0.857110 1.146319 0.798956 0.957234 
0.822751 0.997804 1.044937 0.873904 1.225068 0.829120 0.961621 1.061439 1.116922 0.801056 0.940838 1.209755 1.059379 1.132244 0.809554 1.001911 0.932789 0.812605 1.034328 1.202025 1.225413 0.809585 0.823974 0.907559 0.850047 1.206764 0.964403 0.985220 1.111867 1.069838 
0.893047 1.161537 1.150549 1.153949 0.893030 1.168476 0.824169 1.098412 1.033333 0.972506 0.800039 1.238443 1.181783 1.075974 
0.928275 1.116550 1.079810 1.231629 1.231417 1.044301 1.194224 0.844587 0.890917 1.039866 1.051936 
1.032682 1.022085 0.905415 0.911680 1.159257 1.076218 0.908960 0.871742 0.995280 0.988617 0.947884 
1.244439 1.021155 0.982894 0.986198 1.100130 0.848574 0.953524 1.037643 1.245443 0.871109 0.929385 1.147968 1.055601 
0.955089 1.087890 1.014605 0.969368 1.019846 0.864678 1.195941 0.856142 1.078906 1.053784 0.799339 0.982315 1.101213 1.195356 1.223691 1.079032 0.815294 1.013225 1.007255 
1.173383 1.238363 0.848592 0.942168 1.189736 1.199611 0.966437 0.850936 0.894809 1.098228 0.999776 1.089487 1.235875 0.899671 1.007223 
0.805546 0.914838 1.174843 0.986129 1.180436 0.942898 
0.824433 1.175950 1.145793 0.794597 1.223930 0.892036 0.814797 1.111418 1.172513 1.002472 0.901223 0.872799 1.144718 0.936200 0.998285 0.992689 1.162843 1.041059 0.857451 0.812163 0.845626 1.067334 1.227382 0.844810 1.132623 1.109477 0.935034 1.094270 0.897795 0.836229 0.884703 0.839619 
1.252093 0.894695 1.197149 1.056345 0.873152 1.162585 1.192814 1.022594 0.818074 0.893614 0.807766 1.254337 0.922347 1.115469 0.817295 0.930949 0.933716 1.188789 0.966954 0.943079 0.940954 1.166143 1.244077 0.983907 0.968703 1.109228 
1.026336 1.206359 0.971908 0.841948 0.890887 1.222265 0.888414 1.121536 0.876146 0.914309 1.254994 
1.063756 1.153615 1.179909 1.211768 1.110898 1.120406 0.930623 0.841309 1.117197 0.895907 1.020468 1.102531 0.845265 1.186357 0.844228 1.035262 1.119596 0.866612 1.158166 1.158270 1.075617 
0.927950 1.064511 1.113851 1.061512 0.907846 1.064853 1.188358 1.117165 1.184595 1.145614 1.094494 1.103670 1.077922 0.829917 1.152281 0.841184 0.833588 0.954003 1.243207 0.925971 0.819317 0.928578 1.224554 0.886962 1.106865 0.953671 
0.992724 0.935652 1.079008 1.250468 0.891915 0.873100 1.142206 0.953870 0.811452 0.824301 1.042406 1.022907 0.962058 1.012790 1.003641 0.948665 1.098869 1.222313 0.953716 
0.942010 1.045421 1.060994 1.120129 1.160464 1.212090 0.799036 1.229076 0.902605 1.056321 1.220442 0.930288 0.799641 1.174676 1.087233 1.182406 1.164167 
0.875985 0.834987 0.879210 1.005841 0.899523 1.185933 1.123822 0.915264 0.899024 0.858291 0.804537 0.918159 1.100823 0.904020 
0.907500 1.099769 0.919366 1.098092 0.808701 1.130213 0.887814 1.107689 1.072243 1.221192 1.002006 1.035773 0.971871 0.959142 0.990759 1.158827 1.085163 0.958186 0.905043 0.910953 0.840453 0.991576 0.874220 1.174052 0.900642 1.085639 0.850928 1.071233 
1.021315 0.985592 0.832226 0.825212 0.964888 1.169367 1.037789 0.805256 1.247467 1.188499 1.063007 0.836276 0.893647 1.238384 0.968631 1.028915 1.000220 1.048522 
1.228158 1.063152 1.129514 1.146945 0.978250 1.198137 0.819984 0.931895 1.018034 1.228376 1.005278 0.870430 0.899119 0.945644 0.884607 1.252457 1.147677 1.227823 1.234592 1.044796 0.977954 1.057947 0.983644 1.029274 0.874742 
0.833074 1.075833 0.808972 1.242489 0.962192 0.995268 1.201743 0.796105 0.871965 0.931282 1.217194 0.806984 1.236322 0.891891 0.954678 1.033709 1.060574 1.123814 1.114978 0.855431 
0.988755 0.959227 1.046420 1.149803 1.244506 0.942249 0.834077 0.840028 0.936754 1.165436 0.927716 0.835844 1.061441 1.249849 0.966746 1.010245 1.227824 0.830299 1.064509 1.000209 
0.844161 1.021279 0.898103 1.001024 1.144217 1.127437 0.900913 1.111268 1.107747 1.064762 1.166189 0.797401 1.149041 0.969206 1.247247 1.133532 1.087868 0.849596 1.125137 1.124428 1.064798 0.830848 1.034898 1.193770 
0.797903 0.970761 1.258176 1.163437 0.825623 1.042695 1.247527 0.908372 1.101312 
0.807366 0.844586 0.998425 0.913521 0.903359 0.981137 1.174872 0.893179 1.164626 0.914904 0.840146 1.005207 1.084574 
0.841238 0.988164 1.117055 0.990608 0.912210 0.831794 1.166027 0.832626 0.956547 1.244712 0.875120 0.911326 0.976237 0.947968 1.051172 0.953015 
0.879703 1.215508 1.258784 0.972916 0.819904 1.065991 0.846487 1.222856 0.943239 1.212407 1.152326 1.217839 1.207683 1.231276 0.880088 1.221786 0.851441 0.853279 1.052574 1.038748 1.018714 
0.845694 1.214344 0.899511 0.864892 0.947282 0.840122 1.075437 0.814291 1.156741 0.864155 0.917628 1.227983 0.799030 0.997787 1.106985 1.257737 1.032476 0.988202 0.905434 
0.855796 0.966518 1.142416 1.015293 1.212908 1.013209 0.930922 0.900449 0.802597 1.045635 1.044932 1.187960 1.234346 1.162555 1.206808 0.990541 
1.006116 0.887053 0.802822 1.099057 1.174052 1.121110 0.934225 0.885376 0.840723 1.122986 0.830674 0.870261 0.842898 0.801088 0.985799 1.146463 1.022651 0.845894 0.960587 1.154389 1.147539 1.090394 0.965510 1.028609 0.879632 0.826573 1.193228 0.895929 0.892116 0.827974 0.804919 1.199504 1.104820 0.861828 
0.815884 0.952230 1.189762 1.194740 1.065734 0.825393 1.221245 1.216541 0.801930 0.963263 1.051300 0.941402 1.229454 0.887139 0.886576 0.890657 0.910657 0.890448 1.006520 1.023639 0.917173 0.815793 0.799844 0.924802 0.975711 1.027316 
0.931062 1.151794 1.080930 0.849097 1.053007 0.882044 0.884932 1.142697 1.029367 0.922858 0.806168 1.113746 0.871247 1.104494 0.980075 1.006557 1.201894 1.110639 0.902108 0.947921 0.943949 0.991492 1.048533 0.921668 0.863306 1.258126 1.089904 1.131795 1.101914 1.207446 0.796048 1.145459 1.256855 
1.035244 0.797929 1.057759 0.931409 1.145743 1.033261 0.913475 0.903954 1.174798 0.973565 0.847132 1.194609 1.216585 1.002790 1.128559 0.971789 0.824585 
1.148658 0.958482 1.091101 1.026815 0.795731 1.255637 1.134661 1.074596 0.932293 1.108106 1.228318 0.820567 1.142311 0.801133 1.200965 1.015217 0.982036 1.196094 0.981537 1.032654 0.925571 
0.923345 0.977426 0.847175 1.169921 1.138281 0.807475 1.248623 1.137598 0.935613 1.097222 1.177249 1.225955 0.828328 1.241951 0.964361 1.021279 1.165036 0.960482 1.124166 0.865524 0.971373 0.827690 1.131073 1.130013 0.842377 1.154680 0.951071 0.986632 1.130447 1.158316 
1.114926 0.797832 1.224801 0.802450 0.962991 1.222909 1.189622 1.044314 0.987169 0.821795 0.979139 0.818884 1.065927 1.037091 0.979704 0.914939 1.107085 1.093952 1.199667 1.078658 1.159660 0.820327 1.053528 1.211116 0.990186 0.876175 1.106009 0.864089 
0.972709 1.155391 1.069754 0.824750 0.795999 0.867354 0.976270 0.989319 0.804900 1.059285 0.958580 1.003450 0.854532 0.832622 1.111930 1.031235 0.833603 1.201874 1.009817 1.007714 0.954819 
0.981520 0.823576 0.926117 0.819330 0.899826 0.980031 1.234266 0.911050 1.033554 1.006646 0.950578 1.231149 1.026424 1.167696 1.225364 
1.135039 1.100023 1.138769 1.258345 1.108908 1.209451 0.889204 1.143362 1.239344 0.886207 0.827792 0.938774 1.173006 0.799596 0.987192 0.885662 0.825676 0.914274 1.061428 0.950527 1.190963 0.927173 0.901031 1.120691 0.932864 1.042021 1.057683 1.184386 0.844778 0.969535 1.078827 0.883316 1.168432 1.148699 0.899638 0.982465 0.857002 
1.238444 1.112773 0.907880 0.965609 0.932667 0.857682 1.119659 1.088470 0.882909 0.889652 0.859043 1.047075 0.910615 0.873071 1.231090 1.025997 0.952117 1.157235 1.075813 1.148297 1.131309 0.807080 1.159250 1.014455 0.873165 1.215208 0.797792 1.025439 1.101900 1.059221 1.008650 0.810702 1.150618 
0.915344 1.073904 0.975003 0.879491 0.847869 0.805377 0.908795 1.119866 0.796681 0.839136 1.197147 1.010093 1.214143 1.160973 
1.225573 1.033768 1.093193 0.811305 1.061502 0.938172 1.059885 1.036297 0.944020 1.176409 1.025884 0.832245 0.996084 0.809859 1.044522 0.952993 1.106706 0.871166 1.021403 0.956779 0.927205 
0.983541 1.220300 1.079484 0.947600 1.098859 0.967469 1.198810 0.994524 1.256276 0.807368 1.224625 0.805800 1.219135 0.879714 1.036952 1.170292 
1.009481 1.239487 0.895592 1.091635 1.196696 0.882587 0.822002 1.068200 0.964902 0.982918 1.045221 1.082518 0.809502 1.054086 0.892701 1.045985 1.006872 0.953703 
0.814648 0.990666 1.113999 1.157724 0.923416 1.116380 0.811796 1.252473 1.183665 1.000569 0.994559 0.845269 0.943469 0.854179 1.234079 0.998130 0.990228 1.175374 0.952926 
1.027542 0.807761 1.109374 1.071126 0.801335 0.945174 1.231990 0.958570 0.840771 1.070192 1.205206 
0.883947 1.140498 1.076548 1.058704 0.849422 1.141743 1.087662 0.983203 0.968936 1.006839 0.975260 1.236159 1.101522 1.174980 0.863066 0.937932 1.212101 1.117355 0.979432 1.064971 0.904623 1.028851 0.868387 1.047846 1.086512 1.215071 
0.897614 0.832841 1.007484 1.156446 1.193121 1.173878 1.110140 0.844083 1.029824 1.106782 1.247097 1.053320 1.009533 0.821641 1.051069 1.137223 1.083102 1.080461 1.035253 1.088158 
1.247044 0.947806 0.804802 1.157492 1.252542 1.006146 1.191535 1.045383 1.250576 1.128549 0.829292 1.080641 0.862640 0.836164 0.909201 1.057838 1.207472 0.902147 1.242967 1.010908 1.239908 0.795145 1.111574 0.963188 0.931579 1.193572 1.172022 0.812412 1.010751 1.025014 
1.138624 1.020879 0.801844 0.862988 0.831838 1.179570 0.910086 0.991348 1.004120 0.943410 1.164439 0.967693 0.802788 1.118768 0.837458 0.936779 0.923809 
1.149875 0.924094 0.927294 0.965838 0.864856 0.870842 1.207560 1.105162 0.803253 0.835974 1.188821 1.177967 0.822860 0.850641 1.014363 1.189235 1.046060 
0.982725 1.015710 1.017325 1.245874 0.936841 1.116891 1.209940 1.198877 0.912116 1.055675 1.232086 0.997508 0.925432 0.880454 1.243448 1.002315 1.074399 0.991950 0.985751 0.990398 0.818538 0.984983 1.053931 1.177983 0.994110 
1.014305 0.897371 1.198592 1.164199 1.040949 0.805003 1.072748 0.988697 0.939324 0.920464 0.938358 0.885580 1.073393 0.867862 1.114354 0.939065 1.038591 0.808891 1.154189 0.909976 1.251656 1.072717 0.809944 0.833137 0.856044 0.820897 0.828890 1.057301 1.017958 1.086347 
1.025355 1.016047 1.136956 0.812597 0.920140 0.926074 1.243022 0.827964 0.794959 1.183346 0.926680 1.042733 1.020978 0.845074 0.936566 1.070243 1.064343 1.135349 1.225764 0.808806 0.847538 0.920707 0.913170 0.953487 1.036690 1.203089 0.963551 1.029141 1.215055 1.096593 1.073357 1.189971 1.158748 1.115894 1.045170 1.216194 
1.186352 0.853884 0.923089 0.800212 0.913982 1.217914 0.825694 0.868309 1.231750 1.036917 0.894894 0.860061 1.050341 1.210999 1.059056 1.226805 0.904952 0.991096 1.195346 0.932177 0.817711 
0.946741 0.796172 1.142512 1.067218 1.243771 1.205574 0.858028 1.149204 0.901119 1.161223 0.995782 
0.966147 0.801844 0.980340 1.239416 0.968059 1.105917 0.842508 1.104495 1.070396 0.809353 0.816371 0.894208 0.891817 1.219130 1.140625 1.232492 
1.097066 0.865313 1.097021 1.248107 1.128867 1.071076 1.027216 0.912927 0.900278 1.171706 1.192194 0.883933 1.042468 0.911992 1.139788 0.832586 1.240057 1.219580 1.022136 0.859613 1.095659 0.927386 1.077085 0.903854 1.189234 0.963039 
0.808718 0.929683 1.205474 0.899261 0.795201 1.175141 1.118705 1.235942 0.907736 0.944692 1.102866 0.877223 0.817780 1.162184 0.981170 0.935499 1.168003 0.835319 1.104589 0.933994 0.949429 1.075973 
0.942843 1.057908 0.933642 0.878206 1.122323 0.905167 0.933152 0.820744 0.953000 1.239602 0.830148 0.978326 1.055786 
0.813118 1.215511 1.057947 1.122264 1.084701 0.940839 1.032942 1.174740 1.024807 0.841508 1.136546 0.998597 0.952411 0.844873 1.056400 0.906389 0.826129 1.066270 0.894057 0.847995 0.852189 1.128044 0.801831 0.976316 1.060763 1.154377 1.074956 0.914552 0.828665 1.113578 
0.923108 0.986933 0.946757 1.130930 1.218643 1.048492 0.903216 1.155921 1.235447 0.845562 
0.828391 0.993305 0.883370 0.933333 1.093458 0.900069 0.846462 1.217758 0.800526 1.018442 0.891410 1.004581 0.868211 0.956955 
0.857299 1.148893 1.072700 1.030890 1.040047 0.809594 1.213211 1.019692 1.035946 0.802108 0.999106 1.143008 1.189380 0.870980 0.968017 0.842697 0.987014 0.983148 0.935942 0.966980 1.074866 
0.869324 0.975339 1.176125 0.913809 0.975691 0.894065 0.898806 1.145234 1.037550 0.898534 0.808268 1.030160 0.803501 0.973024 1.234200 1.109448 1.188698 1.168809 1.042813 0.866675 
1.087637 1.061099 0.805923 0.949096 0.925300 1.173564 1.107377 1.105123 1.127307 0.897509 0.833919 1.131758 1.011180 0.957775 
0.840177 0.874628 0.844343 1.120421 0.916907 0.794980 1.178025 1.144373 0.837401 0.818572 1.119745 1.066376 1.015797 0.925647 0.876550 0.838187 1.124757 1.114991 0.931812 0.892644 1.005649 0.805024 0.932278 0.913132 0.929263 
1.020717 0.845807 1.182814 1.098089 0.890458 1.228109 1.148840 1.248212 0.816500 0.991578 1.002742 1.004156 0.798199 1.231677 1.231099 0.819144 1.093021 0.877958 0.895250 1.121894 1.060755 1.137087 0.839240 0.862927 
1.092460 1.237143 0.833302 1.094699 0.817263 0.959082 1.232319 0.979650 0.904628 1.068419 1.143968 0.929494 0.800048 1.202670 0.933179 1.143955 1.246677 1.004222 0.847084 
0.908359 1.046665 1.167643 0.956672 1.210585 1.141523 1.057207 0.918048 1.078190 0.946295 0.995390 0.796669 0.828492 0.850841 0.914784 0.905513 1.210242 1.127607 1.150306 1.000188 0.895059 1.183640 1.048781 1.174648 
1.176591 0.807597 1.075614 0.885719 1.039604 1.139597 1.170073 0.974501 1.025467 1.111912 1.030024 1.104719 
1.118464 1.206343 1.140840 1.067234 1.169260 0.993506 0.806524 0.962488 1.136761 1.169616 1.044475 1.194632 1.097998 0.979676 1.171059 1.062383 0.929660 1.006924 1.081696 0.843270 0.847474 1.154669 0.974047 1.122753 1.022513 
1.083582 0.795018 0.804534 0.801434 0.822649 1.120458 1.200877 0.906661 0.985826 0.853064 1.113995 0.886603 0.979138 1.201878 0.949274 1.150608 1.045594 1.200191 0.944663 1.200799 0.861360 1.025753 0.961758 1.087808 0.802001 1.094514 0.986393 1.151892 1.108840 0.931500 0.929051 1.109232 0.951221 0.981930 
1.030264 1.215237 1.096302 1.107636 1.010775 1.234137 0.800370 0.832568 1.050308 1.038729 1.087793 1.193714 1.189895 
0.856153 1.234912 0.808970 1.257746 0.805530 1.081767 0.981969 0.940580 0.873565 0.892215 1.115746 0.951488 0.840514 0.903292 0.945746 0.955786 1.258107 1.070263 0.916170 1.127096 1.174816 
1.187070 1.221721 0.827470 0.986372 1.210924 1.125780 1.216350 1.205659 0.840381 1.109717 0.805736 1.075860 1.014154 
1.196865 0.830808 1.175669 1.250264 0.881510 0.892040 1.099528 0.800941 0.884052 0.844256 1.182809 0.994241 1.160092 0.804142 0.924299 1.102588 0.921281 0.978849 1.211924 1.055982 0.981097 1.062704 0.881582 0.862202 1.095268 1.156006 0.874331 1.067212 
