  0.180972 108.362436
  0.171499 106.617640
  0.180366 115.419096
  0.200621 107.768586
  0.184021 119.163502
  0.176615 106.584762
  0.174376 122.500175
  0.187477 117.117134
  0.195720 113.356621
  0.166651 102.751855
  0.197869 113.841100
  0.179092 107.582344
  0.168179 112.372566
  0.176221 117.998200
  0.185084 115.878305
  0.186243 118.826381
  0.179570 114.594072
  0.173322 113.228497
  0.172119 113.019975
  0.185730 106.320359
  0.174122 111.829954
  0.181874 109.328523
  0.177231 122.459483
  0.174185 110.587802
  0.172208 119.862418
  0.194529 110.791386
  0.180863 127.833901
  0.178034 111.227432
  0.170155 106.202900
  0.190386 101.011740
  0.172834 114.368031
  0.180766 110.374065
  0.179292 106.830691
  0.172063 121.569396
  0.183717 100.277973
  0.181708 113.480801
  0.185494 110.510465
  0.170124 108.397141
  0.182339 116.854582
  0.195494 112.077354
  0.185702 109.098679
  0.166765 106.549862
  0.176812 106.208269
  0.181859 117.474115
  0.173177 125.215642
  0.183673 122.458369
  0.185060 122.918505
  0.181240 119.465214
  0.176879 106.085508
  0.171722 124.854797
  0.188381 112.467139
  0.181560 111.716102
  0.205814 118.448166
  0.182907 105.271455
  0.193035 106.265583
  0.190880 119.673007
  0.180618 107.980806
  0.193723 121.206524
  0.177451 122.489661
  0.200245 118.608345
  0.179875 114.483256
  0.189276 106.926833
  0.174350 104.805999
  0.174458 112.992936
  0.192678 109.258858
  0.179349 111.099407
  0.175515 123.037748
  0.169653 121.615599
  0.178433 111.541611
  0.173704 112.843448
  0.174983 108.688886
  0.172094 112.841483
  0.190004 126.712705
  0.182503 118.846299
  0.162648 111.319038
  0.188768 116.438381
  0.172363 131.342407
  0.177203 121.351866
  0.182999 106.038363
  0.182038 122.239802
  0.177195 109.238135
  0.173027 116.379863
  0.174260 129.008052
  0.180453 113.534254
  0.167897 115.162583
  0.192338 121.896363
  0.185118 111.369978
  0.176500 116.335209
  0.190427 119.844082
  0.183937 101.796921
  0.178127 116.735783
  0.180951 107.366500
  0.193059 126.680815
  0.202302 118.534083
  0.184476 107.765265
  0.186069 122.672076
  0.173161 111.436388
  0.174356 120.701741
  0.173862 124.411195
  0.185059 109.547468
