 0.099067  1.202249
-0.367565  0.905576
-0.084776  1.429717
-0.057330  1.762635
-0.463603  1.148389
 0.218441  1.201018
 0.790538  0.818309
 0.085968  0.647383
-0.189041  0.720149
 0.159415  0.988774
 0.654207  0.423859
-0.159914  1.225069
 1.111508  1.218680
 0.713596  2.126702
-0.321440  1.068015
-0.416847  1.106941
-0.454363  0.816593
 0.213756  0.676304
 0.119992  0.416298
-0.065334  1.241077
 0.068756  1.078856
-0.255745  0.898095
 0.131257  2.903598
-0.388268  0.703412
 0.341571  0.902031
 0.280875  0.720176
 0.182440  0.404582
 0.545708  1.769314
-0.462668  0.606267
 0.204182  0.647810
 0.090490  0.680634
-0.123030  0.425398
-0.153068  0.552956
-0.374657  2.527701
-0.325955  0.457916
-0.370254  0.892934
 0.672896  1.287026
-0.084411  0.848087
-0.281726  0.644237
 0.383083  0.604460
 0.386438  0.801212
 0.149480  0.572521
 0.503711  0.621409
 0.601630  1.166143
 0.025350  1.077042
 0.209695  0.965526
 0.475263  1.021930
-0.273437  0.627937
 0.326423  0.203614
-0.059166  1.014280
 0.718684  1.474057
 0.067659  0.393206
-0.198435  0.695976
-0.341652  0.758066
 0.191636  0.285204
-0.153741  1.204475
 0.609338  0.500077
 0.457761  0.627308
 0.256800  0.452436
 0.244771  0.571881
 0.203231  0.682983
 0.190034  0.337876
 0.568714  0.434182
-0.166667  0.990317
 0.096906  1.121042
 0.225771  0.639538
 0.024024  0.444741
-0.033208  1.360474
-0.439272  1.138453
 0.231825  0.750798
 0.095141  2.778759
 0.385150  0.617543
 0.595798  0.528610
 0.094347  0.748578
-0.200367  1.466477
 0.237698  0.405414
 0.201440  1.724850
 0.308252  0.997256
-0.048373  0.697016
-0.065139  0.624260
-0.326568  1.121752
-0.167316  0.533332
 0.099255  1.035698
 0.000535  1.074279
 0.522300  0.838014
 0.763840  0.539509
 0.358984  0.397871
-0.447773  0.579512
 0.492549  0.529540
-0.167218  1.003359
 0.191653  0.742459
 0.096377  0.892511
-0.084058  0.410476
 0.134584  0.405513
 0.081381  0.762100
-0.546921  1.303145
 0.977097  0.961343
-0.426232  0.830752
 0.025844  0.734220
 0.015708  0.628385
