-116.208595 -116.216747 -116.218940 -116.213374 -116.253222 -116.222209 -116.240095 -116.232619 -116.255159 -116.239813 
-116.206114 -116.202473 -116.246111 -116.235988 -116.249611 -116.217518 -116.208729 -116.240577 -116.251761 -116.207871 -116.241659 -116.251753 -116.236940 -116.234632 -116.259649 
-116.209259 -116.249568 -116.251206 -116.242083 -116.215099 -116.235681 -116.236625 -116.211176 -116.230864 -116.253679 
-116.202348 -116.242227 -116.223492 -116.258921 -116.226068 -116.220258 -116.222805 -116.203868 -116.223080 -116.227648 -116.244978 -116.224712 -116.232985 -116.219480 -116.207632 -116.222607 
-116.232251 -116.246627 -116.204237 -116.228605 -116.227462 -116.202642 -116.202838 -116.252999 -116.225370 -116.224966 -116.240228 -116.256125 -116.202834 -116.209833 -116.216167 -116.253443 -116.217048 -116.244294 -116.245532 -116.258254 -116.224057 
-116.246333 -116.233061 -116.231386 -116.256788 -116.254225 -116.244677 -116.247157 -116.220430 -116.229881 -116.203448 -116.236436 -116.252787 -116.252211 -116.232684 -116.203131 -116.253016 -116.228163 -116.229545 -116.251329 -116.226264 -116.205467 -116.221780 -116.246469 -116.217123 -116.220199 
-116.203371 -116.224287 -116.232827 -116.233151 -116.250191 -116.225931 -116.233516 -116.213165 -116.251724 -116.223460 -116.246358 -116.222731 -116.205622 -116.233377 -116.238869 -116.211860 -116.229601 -116.246013 -116.217495 -116.216126 -116.257596 -116.218855 -116.211038 -116.206676 -116.252883 -116.239915 -116.254734 -116.255892 -116.225041 -116.214865 -116.249730 -116.254620 -116.257505 -116.254024 -116.213711 -116.231675 -116.213277 
-116.234908 -116.210977 -116.231856 -116.222731 -116.204088 -116.256250 -116.233087 -116.208310 -116.216336 -116.236319 -116.209492 -116.252431 -116.242006 -116.208314 -116.245505 -116.259663 
-116.231771 -116.253085 -116.226303 -116.203315 -116.259381 -116.258629 -116.256392 -116.249866 
-116.227196 -116.206265 -116.223799 -116.258832 -116.229062 -116.223829 -116.222037 -116.238180 -116.233250 
-116.213060 -116.257778 -116.230713 -116.216521 -116.220871 -116.230926 -116.228055 -116.213098 -116.241793 -116.221045 -116.239637 -116.237109 -116.235059 -116.221002 -116.228306 -116.206426 -116.238559 -116.207611 
-116.255794 -116.213876 -116.225936 -116.236119 -116.228332 -116.255509 -116.220814 -116.238304 -116.251395 -116.256239 -116.205477 -116.230814 
-116.258885 -116.226667 -116.259015 -116.209419 -116.247300 -116.227932 -116.254239 -116.255007 -116.226744 -116.232518 -116.223331 -116.258229 -116.214064 -116.236112 -116.255013 
-116.254762 -116.253202 -116.235391 -116.216716 -116.237203 -116.208895 -116.252710 -116.256926 -116.244952 -116.207168 -116.240928 -116.206229 -116.251112 -116.224276 
-116.256512 -116.219363 -116.233509 -116.207859 -116.245753 -116.235406 -116.202491 -116.224598 -116.251372 -116.244702 -116.207528 -116.249309 -116.209998 -116.230761 
-116.231568 -116.243098 -116.213233 -116.245523 -116.202409 -116.225780 -116.216873 -116.236683 -116.242331 -116.241302 -116.234181 -116.251847 -116.220873 -116.243832 -116.254049 -116.220861 -116.210683 -116.253827 -116.220737 -116.224117 -116.243712 -116.227270 -116.250357 -116.249173 -116.216629 -116.244297 -116.231508 -116.222677 -116.237105 -116.217077 -116.206571 -116.218190 
-116.207778 -116.235323 -116.214161 -116.241141 -116.234720 -116.223540 -116.241681 -116.228322 -116.256780 -116.237094 -116.243712 -116.231013 -116.240943 -116.223888 -116.224935 -116.208119 -116.245191 -116.213291 -116.254509 -116.219635 -116.209435 -116.236631 -116.210862 -116.216520 -116.249586 -116.233168 -116.252733 -116.244167 -116.248892 -116.224369 -116.244548 -116.251379 -116.245297 -116.216097 -116.225589 
-116.216381 -116.228424 -116.245697 -116.227843 -116.211806 -116.244937 -116.212214 -116.235942 -116.253363 -116.252119 -116.226622 -116.243324 -116.213592 -116.208987 -116.212603 -116.248363 -116.225441 -116.236717 -116.210003 -116.258912 -116.257808 -116.209056 -116.219285 -116.259791 -116.258923 -116.234585 -116.204394 -116.256885 -116.250450 -116.210646 -116.203156 -116.255078 -116.218238 -116.232625 -116.225617 -116.209816 -116.247941 -116.217958 -116.246108 -116.203419 
-116.250629 -116.240933 -116.205021 -116.219200 -116.240213 -116.244937 -116.228511 -116.247054 -116.253948 -116.253355 -116.213615 -116.223875 -116.239855 -116.243055 -116.253586 -116.230210 -116.219047 -116.259571 -116.222476 -116.210812 -116.212129 -116.250638 -116.203796 -116.228389 -116.219413 -116.224531 -116.214385 -116.220366 -116.225100 -116.254168 -116.237010 -116.238462 -116.240562 -116.222844 -116.229534 -116.210653 -116.251482 -116.226175 -116.205767 -116.240755 -116.239551 -116.214742 -116.229046 -116.241732 -116.214864 -116.236721 
-116.229768 -116.232660 -116.229713 -116.214649 -116.254433 -116.235995 -116.218203 -116.210535 -116.210624 -116.215372 -116.242636 -116.253014 -116.252500 -116.253772 
-116.256146 -116.204894 -116.221979 -116.210865 -116.206882 -116.205629 -116.235603 -116.258267 -116.249200 -116.218783 -116.258310 -116.253678 -116.248117 -116.205151 -116.229338 -116.212898 -116.238660 -116.210943 -116.258797 -116.236822 -116.204614 -116.217261 -116.224438 -116.206741 -116.236292 -116.254906 -116.220319 -116.213291 
-116.210665 -116.219947 -116.255095 -116.243291 -116.221064 -116.247443 -116.248238 -116.243094 -116.223896 -116.241386 -116.250413 -116.246502 -116.249149 -116.256790 -116.238808 -116.214622 -116.207194 -116.213097 -116.210776 -116.260046 -116.237135 -116.253077 -116.218233 -116.223214 -116.223584 -116.243901 -116.238744 -116.202589 -116.229156 -116.255910 -116.242173 -116.251233 -116.259082 -116.234754 
-116.236695 -116.227999 -116.219278 -116.218950 -116.222134 -116.233476 -116.220553 -116.258105 -116.244944 -116.257583 -116.240000 -116.231359 -116.218869 -116.223408 -116.211357 -116.214352 -116.203634 -116.254241 -116.256895 -116.253297 -116.218685 -116.239088 -116.203342 
-116.247552 -116.226052 -116.252151 -116.212864 -116.217928 -116.218913 -116.233258 -116.226829 -116.235240 -116.222816 -116.252031 -116.219818 -116.253590 -116.236852 -116.234034 -116.251228 -116.233968 -116.202452 -116.233697 -116.252727 -116.223768 -116.220798 
-116.247885 -116.219663 -116.202530 -116.229383 -116.236706 -116.236720 -116.245722 -116.259184 -116.235227 -116.216398 -116.219648 -116.233072 -116.225146 -116.225813 -116.240682 -116.259983 -116.213821 -116.228676 -116.208857 -116.247491 -116.242040 -116.219478 -116.251727 -116.209789 -116.248048 -116.217029 -116.238466 -116.221806 -116.226093 -116.215167 
-116.214137 -116.222805 -116.221227 -116.211289 -116.231038 -116.210219 -116.222295 -116.240875 -116.226080 -116.258709 -116.229055 -116.257234 -116.242299 -116.259172 
-116.214267 -116.217793 -116.234037 -116.227916 -116.239291 -116.256344 -116.235509 -116.215915 -116.251494 -116.251171 -116.238629 
-116.218120 -116.217183 -116.229388 -116.209964 -116.247166 -116.235754 -116.251842 -116.233916 -116.239474 -116.220128 -116.254249 
-116.234403 -116.202903 -116.217597 -116.256593 -116.227306 -116.225136 -116.214541 -116.226968 -116.252932 -116.230547 -116.217318 -116.242885 -116.243116 
-116.231118 -116.218152 -116.232492 -116.255757 -116.237093 -116.255265 -116.239066 -116.256044 -116.207837 -116.219461 -116.206296 -116.208552 -116.211582 -116.253044 -116.230607 -116.214094 -116.223255 -116.222792 -116.247850 
-116.229331 -116.237252 -116.231068 -116.254075 -116.210119 -116.251887 -116.256871 -116.222490 -116.252710 -116.230651 -116.252999 -116.244042 -116.230993 -116.256718 -116.230297 
-116.223657 -116.241048 -116.217766 -116.237023 -116.228328 -116.254164 
-116.227359 -116.203762 -116.228966 -116.243280 -116.232877 -116.220242 -116.215201 -116.236119 -116.243308 -116.228838 -116.259836 -116.233449 -116.240359 -116.223613 -116.257545 -116.253500 -116.215059 -116.220054 -116.238174 -116.225841 -116.247316 -116.253848 -116.205585 -116.231612 -116.259408 -116.215863 -116.258677 -116.230152 -116.249742 -116.206153 -116.233563 -116.218612 
-116.245044 -116.217432 -116.207309 -116.255087 -116.219612 -116.212309 -116.239776 -116.235214 -116.250009 -116.220117 -116.218654 -116.228633 -116.218788 -116.248185 -116.204994 -116.235908 -116.256622 -116.256700 -116.216026 -116.226611 -116.222980 -116.217982 -116.219122 -116.215355 -116.221119 -116.219997 
-116.225161 -116.215754 -116.239388 -116.227656 -116.237334 -116.237037 -116.225483 -116.243235 -116.238315 -116.256026 -116.212579 
-116.204691 -116.212956 -116.212783 -116.239561 -116.231074 -116.234293 -116.256059 -116.225734 -116.229906 -116.212550 -116.250042 -116.247004 -116.217583 -116.215213 -116.235016 -116.259072 -116.210859 -116.230659 -116.224266 -116.245690 -116.212843 
-116.253940 -116.252593 -116.232456 -116.228094 -116.230441 -116.208913 -116.234446 -116.227962 -116.251437 -116.217875 -116.240998 -116.258874 -116.211019 -116.254701 -116.233548 -116.249112 -116.208548 -116.250705 -116.239337 -116.230966 -116.208915 -116.232362 -116.237000 -116.217383 -116.256258 -116.244937 
-116.224171 -116.212419 -116.251658 -116.245504 -116.220560 -116.204132 -116.226259 -116.212973 -116.240317 -116.234652 -116.222580 -116.260152 -116.202671 -116.231566 -116.222458 -116.222100 -116.247123 -116.215970 -116.253302 
-116.260023 -116.250260 -116.248175 -116.259354 -116.208157 -116.225894 -116.218417 -116.237643 -116.229704 -116.212365 -116.235116 -116.204571 -116.257869 -116.222780 -116.229212 -116.243369 -116.207152 
-116.233642 -116.254396 -116.211472 -116.235668 -116.239952 -116.205915 -116.208712 -116.241320 -116.215038 -116.230177 -116.202675 -116.247256 -116.239108 -116.230193 
-116.216971 -116.230872 -116.249673 -116.209244 -116.221919 -116.228889 -116.228511 -116.225707 -116.237719 -116.233807 -116.224677 -116.209363 -116.220462 -116.225969 -116.256881 -116.252704 -116.258645 -116.210077 -116.223795 -116.208408 -116.220528 -116.248285 -116.252953 -116.245895 -116.232754 -116.249373 -116.217011 -116.206323 
-116.244827 -116.210629 -116.205646 -116.214023 -116.216260 -116.259346 -116.243710 -116.236144 -116.241387 -116.223856 -116.254337 -116.206413 -116.253299 -116.255317 -116.253778 -116.258015 -116.214300 -116.203693 
-116.239783 -116.256205 -116.210916 -116.248826 -116.259598 -116.246083 -116.206163 -116.211031 -116.238441 -116.209599 -116.209252 -116.234419 -116.246157 -116.230312 -116.216611 -116.257383 -116.239589 -116.215925 -116.239065 -116.239241 -116.256519 -116.214211 -116.209601 -116.252311 -116.223401 
-116.242000 -116.249954 -116.226891 -116.204567 -116.207443 -116.228592 -116.212638 -116.208763 -116.217641 -116.241725 -116.241601 -116.218136 -116.228238 -116.219286 -116.213749 -116.206940 -116.230686 -116.227256 -116.220261 -116.210410 
-116.242776 -116.258809 -116.230292 -116.255201 -116.236963 -116.232540 -116.235638 -116.222305 -116.252997 -116.215148 -116.250982 -116.245285 -116.205088 -116.240047 -116.247467 -116.241213 -116.219931 -116.229946 -116.237243 -116.249569 
-116.238657 -116.202701 -116.237327 -116.239423 -116.204972 -116.245478 -116.248251 -116.236884 -116.228036 -116.242863 -116.227318 -116.230651 -116.229494 -116.258195 -116.240083 -116.204532 -116.212935 -116.204466 -116.211520 -116.238963 -116.209321 -116.250335 -116.236477 -116.249534 
-116.214271 -116.230360 -116.208609 -116.233385 -116.205909 -116.252654 -116.258828 -116.212394 -116.250137 
-116.213136 -116.220328 -116.246943 -116.243162 -116.257872 -116.233769 -116.249549 -116.223747 -116.242111 -116.234689 -116.249601 -116.256796 -116.213675 
-116.247612 -116.210562 -116.247362 -116.240736 -116.213131 -116.213348 -116.251181 -116.221110 -116.211735 -116.237236 -116.217224 -116.224833 -116.212592 -116.259601 -116.258366 -116.204609 
-116.256078 -116.240864 -116.254439 -116.203415 -116.216633 -116.223230 -116.214404 -116.243555 -116.226994 -116.242240 -116.244877 -116.210999 -116.232647 -116.252036 -116.230826 -116.220504 -116.222177 -116.260008 -116.241576 -116.230232 -116.249933 
-116.251747 -116.232582 -116.229433 -116.209791 -116.257829 -116.225422 -116.204930 -116.216890 -116.245680 -116.223948 -116.225139 -116.212033 -116.259102 -116.237222 -116.253924 -116.217148 -116.219422 -116.224285 -116.250945 
-116.218498 -116.251943 -116.243967 -116.211707 -116.233492 -116.225749 -116.228398 -116.225664 -116.218191 -116.236062 -116.227622 -116.217681 -116.259000 -116.212712 -116.241709 -116.228751 
-116.207578 -116.206588 -116.221205 -116.221135 -116.214721 -116.230916 -116.208865 -116.213790 -116.241023 -116.231175 -116.213732 -116.245587 -116.221971 -116.256610 -116.215108 -116.208135 -116.203391 -116.238314 -116.202541 -116.223420 -116.252510 -116.226059 -116.252520 -116.223404 -116.254852 -116.253971 -116.250902 -116.223321 -116.257144 -116.210952 -116.203780 -116.236871 -116.244442 -116.254559 
-116.218647 -116.202686 -116.212154 -116.254601 -116.231992 -116.219799 -116.231011 -116.260151 -116.216236 -116.228564 -116.216709 -116.259917 -116.251385 -116.217051 -116.223237 -116.212462 -116.203678 -116.217711 -116.247379 -116.211744 -116.247284 -116.216595 -116.215772 -116.255552 -116.214467 -116.256663 
-116.204980 -116.258876 -116.243029 -116.259104 -116.217141 -116.212945 -116.245207 -116.242202 -116.254176 -116.255516 -116.223697 -116.205378 -116.233696 -116.218404 -116.208888 -116.211160 -116.257827 -116.251854 -116.255455 -116.215973 -116.203940 -116.249641 -116.234373 -116.212567 -116.253381 -116.255977 -116.209882 -116.236466 -116.259894 -116.222510 -116.211878 -116.232042 -116.247874 
-116.208973 -116.231064 -116.236191 -116.219346 -116.231801 -116.232585 -116.248625 -116.215745 -116.234627 -116.250981 -116.248388 -116.223859 -116.228225 -116.253280 -116.209121 -116.250967 -116.220300 
-116.239749 -116.216466 -116.247212 -116.229720 -116.224805 -116.234686 -116.241210 -116.247201 -116.253839 -116.258986 -116.218616 -116.218228 -116.247734 -116.211125 -116.239457 -116.238662 -116.247698 -116.225010 -116.255996 -116.253273 -116.251977 
-116.233728 -116.213908 -116.236558 -116.243441 -116.251837 -116.244299 -116.216728 -116.258382 -116.242463 -116.237061 -116.248106 -116.232834 -116.244564 -116.226839 -116.240912 -116.238216 -116.212869 -116.203467 -116.255376 -116.210801 -116.257525 -116.218691 -116.249387 -116.231034 -116.254720 -116.214453 -116.245555 -116.224454 -116.256073 -116.227955 
-116.256587 -116.224835 -116.251221 -116.236398 -116.255509 -116.242919 -116.217478 -116.259195 -116.227899 -116.209335 -116.238706 -116.226471 -116.245881 -116.214402 -116.256429 -116.236088 -116.243098 -116.239111 -116.229220 -116.254208 -116.228734 -116.256918 -116.227418 -116.239642 -116.251668 -116.234260 -116.254387 -116.206678 
-116.222938 -116.241577 -116.227272 -116.238693 -116.220570 -116.243571 -116.230251 -116.204464 -116.257069 -116.211049 -116.212626 -116.247611 -116.258960 -116.252956 -116.246012 -116.251449 -116.255759 -116.243530 -116.222849 -116.228213 -116.206384 
-116.230262 -116.202807 -116.218598 -116.232579 -116.254710 -116.234420 -116.243202 -116.229762 -116.238266 -116.253518 -116.233062 -116.257269 -116.251357 -116.243850 -116.254416 
-116.221963 -116.237632 -116.237822 -116.232813 -116.208444 -116.252149 -116.208285 -116.224497 -116.208235 -116.222272 -116.222162 -116.214893 -116.228561 -116.203497 -116.223164 -116.218907 -116.244532 -116.244729 -116.251519 -116.246991 -116.259170 -116.235043 -116.258882 -116.212096 -116.247354 -116.233104 -116.210860 -116.227367 -116.235849 -116.251374 -116.245802 -116.206379 -116.209422 -116.248295 -116.233099 -116.223333 -116.253500 
-116.239667 -116.253036 -116.257204 -116.247461 -116.244203 -116.255647 -116.238433 -116.226520 -116.245582 -116.208791 -116.203578 -116.212420 -116.233103 -116.224120 -116.203472 -116.256400 -116.250931 -116.216572 -116.228332 -116.210894 -116.220835 -116.259789 -116.222547 -116.222214 -116.242951 -116.214509 -116.206004 -116.231271 -116.217014 -116.239718 -116.251174 -116.219099 -116.204416 
-116.215210 -116.255569 -116.220785 -116.256749 -116.214105 -116.253955 -116.216769 -116.241456 -116.220130 -116.209492 -116.240512 -116.223945 -116.221071 -116.211623 
-116.237625 -116.208065 -116.244514 -116.213168 -116.246375 -116.207643 -116.220205 -116.236826 -116.214699 -116.205702 -116.204727 -116.225955 -116.226475 -116.221038 -116.205533 -116.219834 -116.224625 -116.257935 -116.257948 -116.207067 -116.210789 
-116.213963 -116.241611 -116.230482 -116.258125 -116.228117 -116.225333 -116.216878 -116.203309 -116.204009 -116.214333 -116.259223 -116.211343 -116.242783 -116.222111 -116.210756 -116.229066 
-116.258401 -116.238476 -116.254165 -116.219905 -116.239656 -116.249149 -116.222256 -116.205342 -116.239983 -116.209700 -116.253681 -116.234956 -116.256411 -116.253824 -116.248273 -116.235631 -116.210661 -116.250835 
-116.232590 -116.242797 -116.223658 -116.213119 -116.251403 -116.202893 -116.225714 -116.213640 -116.242119 -116.228559 -116.244935 -116.257737 -116.209497 -116.214503 -116.242370 -116.205567 -116.225606 -116.245753 -116.233954 
-116.247570 -116.258037 -116.217138 -116.222235 -116.246459 -116.225264 -116.229824 -116.228414 -116.207543 -116.226850 -116.259734 
-116.219298 -116.223688 -116.215491 -116.252931 -116.217798 -116.245711 -116.227486 -116.217430 -116.233886 -116.245224 -116.220875 -116.216706 -116.240186 -116.245112 -116.213569 -116.239888 -116.251460 -116.247787 -116.206957 -116.233606 -116.238987 -116.206469 -116.248011 -116.204605 -116.215665 -116.242504 
-116.233923 -116.231446 -116.235598 -116.238049 -116.249251 -116.247599 -116.258678 -116.214517 -116.226027 -116.236563 -116.247194 -116.251683 -116.218460 -116.242175 -116.206673 -116.233305 -116.252562 -116.257207 -116.253539 -116.253066 
-116.221529 -116.244543 -116.218830 -116.206154 -116.236885 -116.225808 -116.231625 -116.249517 -116.240973 -116.204180 -116.229184 -116.204362 -116.220252 -116.205597 -116.240145 -116.203668 -116.224023 -116.207221 -116.234064 -116.224068 -116.233536 -116.220744 -116.244284 -116.211398 -116.233679 -116.229957 -116.260094 -116.205615 -116.230930 -116.208500 
-116.205293 -116.255451 -116.224979 -116.259989 -116.214541 -116.234273 -116.251160 -116.214490 -116.203170 -116.214859 -116.259747 -116.218727 -116.212510 -116.243256 -116.224022 -116.254758 -116.208879 
-116.246849 -116.211747 -116.248624 -116.209398 -116.207628 -116.222669 -116.213262 -116.229899 -116.218702 -116.223199 -116.206451 -116.241094 -116.253790 -116.219688 -116.253998 -116.250605 -116.257445 
-116.236002 -116.212358 -116.247048 -116.240680 -116.252634 -116.246829 -116.247587 -116.219093 -116.208755 -116.203947 -116.245497 -116.217089 -116.228415 -116.254044 -116.251536 -116.219806 -116.257761 -116.218776 -116.257471 -116.219382 -116.227008 -116.253868 -116.211398 -116.253129 -116.253562 
-116.258685 -116.255728 -116.238949 -116.204956 -116.237074 -116.221417 -116.250724 -116.205738 -116.230376 -116.224729 -116.222231 -116.223628 -116.229303 -116.208201 -116.254388 -116.251916 -116.235661 -116.205745 -116.253787 -116.254360 -116.237715 -116.202654 -116.228042 -116.202883 -116.213830 -116.213911 -116.249922 -116.234001 -116.212209 -116.241372 
-116.257512 -116.222572 -116.213149 -116.222625 -116.212931 -116.233975 -116.236893 -116.226592 -116.210577 -116.212767 -116.229617 -116.216259 -116.237704 -116.236576 -116.245586 -116.231367 -116.238992 -116.207258 -116.243043 -116.210600 -116.243492 -116.245615 -116.227455 -116.217559 -116.235230 -116.236466 -116.229966 -116.230347 -116.243273 -116.259305 -116.219954 -116.214802 -116.204067 -116.214359 -116.219426 -116.226961 
-116.210211 -116.252428 -116.235899 -116.217319 -116.224971 -116.215002 -116.230104 -116.243202 -116.243492 -116.232264 -116.247669 -116.208485 -116.237043 -116.239395 -116.213481 -116.212088 -116.239181 -116.218459 -116.237293 -116.241363 -116.224264 
-116.202621 -116.205938 -116.222562 -116.255954 -116.216630 -116.237514 -116.233185 -116.244848 -116.221930 -116.254254 -116.210348 
-116.247893 -116.227589 -116.229794 -116.254040 -116.236534 -116.249295 -116.212949 -116.228883 -116.228879 -116.208614 -116.229327 -116.233805 -116.253834 -116.241855 -116.259712 -116.206525 
-116.207612 -116.211253 -116.249241 -116.221632 -116.238114 -116.256512 -116.252441 -116.216819 -116.232697 -116.203042 -116.203806 -116.211251 -116.215376 -116.244685 -116.233325 -116.224813 -116.235202 -116.226822 -116.203626 -116.221701 -116.207514 -116.243345 -116.242312 -116.220779 -116.249958 -116.216673 
-116.225349 -116.232507 -116.241138 -116.243851 -116.234892 -116.243355 -116.246683 -116.219742 -116.249892 -116.246942 -116.241133 -116.216401 -116.252306 -116.224195 -116.254079 -116.245945 -116.239254 -116.258091 -116.222705 -116.212167 -116.231037 -116.255707 
-116.219652 -116.259757 -116.210658 -116.246115 -116.239155 -116.244533 -116.250921 -116.228226 -116.204603 -116.241953 -116.255419 -116.252142 -116.210564 
-116.252406 -116.243266 -116.207570 -116.236149 -116.250355 -116.237527 -116.224870 -116.244752 -116.259181 -116.203800 -116.234221 -116.230244 -116.209346 -116.222655 -116.237906 -116.257447 -116.212766 -116.256317 -116.222440 -116.227646 -116.207965 -116.230439 -116.242169 -116.217362 -116.217029 -116.206543 -116.255147 -116.207124 -116.250528 -116.231453 
-116.235398 -116.212094 -116.226531 -116.204315 -116.247656 -116.226290 -116.225879 -116.223819 -116.236835 -116.211610 
-116.230393 -116.228901 -116.255013 -116.224938 -116.244659 -116.216698 -116.252376 -116.256028 -116.228216 -116.252063 -116.205548 -116.247358 -116.224959 -116.247421 
-116.202663 -116.245542 -116.254047 -116.218100 -116.246250 -116.216310 -116.222287 -116.211103 -116.232603 -116.204850 -116.218833 -116.204418 -116.239700 -116.255173 -116.255039 -116.247432 -116.223287 -116.233188 -116.205636 -116.245784 -116.225410 
-116.217074 -116.247767 -116.239464 -116.207997 -116.258570 -116.205608 -116.212531 -116.239979 -116.231078 -116.239120 -116.255457 -116.258126 -116.216004 -116.228313 -116.207859 -116.226185 -116.259712 -116.255939 -116.234643 -116.253782 
-116.218294 -116.248409 -116.258317 -116.221227 -116.210152 -116.221931 -116.204194 -116.228142 -116.210807 -116.255162 -116.225536 -116.234454 -116.239893 -116.227328 
-116.222535 -116.252073 -116.256632 -116.246458 -116.227557 -116.202501 -116.229465 -116.244674 -116.256927 -116.219399 -116.242621 -116.208816 -116.242576 -116.256925 -116.215241 -116.223081 -116.252583 -116.239562 -116.238832 -116.208898 -116.215883 -116.251384 -116.215693 -116.206083 -116.203557 
-116.211958 -116.218627 -116.233037 -116.239722 -116.230413 -116.233361 -116.248368 -116.202536 -116.213582 -116.232733 -116.228910 -116.212410 -116.259867 -116.209369 -116.243082 -116.204811 -116.225114 -116.253702 -116.220675 -116.220039 -116.205360 -116.221621 -116.228573 -116.226983 
-116.210729 -116.247675 -116.230664 -116.217736 -116.209768 -116.220622 -116.234605 -116.230862 -116.255157 -116.257917 -116.223794 -116.219962 -116.222523 -116.213177 -116.212404 -116.207445 -116.218828 -116.205512 -116.218877 
-116.215452 -116.259736 -116.235897 -116.228355 -116.212289 -116.250620 -116.241422 -116.227165 -116.229437 -116.254459 -116.217305 -116.231411 -116.226503 -116.224774 -116.245528 -116.242297 -116.229650 -116.244972 -116.217350 -116.229550 -116.247261 -116.229306 -116.220061 -116.249656 
-116.211200 -116.208137 -116.240675 -116.253441 -116.242621 -116.241651 -116.253516 -116.233774 -116.246403 -116.247016 -116.235051 -116.218123 
-116.223098 -116.253650 -116.229145 -116.234279 -116.243521 -116.205356 -116.224175 -116.247231 -116.213998 -116.255598 -116.245883 -116.207583 -116.218076 -116.229567 -116.204541 -116.228240 -116.215593 -116.236941 -116.234988 -116.244895 -116.215350 -116.241679 -116.254336 -116.246165 -116.207805 
-116.241277 -116.219692 -116.244165 -116.211710 -116.222022 -116.237702 -116.243728 -116.257608 -116.247000 -116.204187 -116.238588 -116.213217 -116.258655 -116.209656 -116.255213 -116.217874 -116.239851 -116.223802 -116.252208 -116.206577 -116.256791 -116.220410 -116.249553 -116.220215 -116.218346 -116.226517 -116.232117 -116.213310 -116.205727 -116.239318 -116.224213 -116.227409 -116.204095 -116.209265 
-116.256325 -116.247478 -116.208588 -116.221745 -116.228515 -116.249388 -116.223557 -116.226890 -116.223797 -116.227771 -116.215659 -116.241681 -116.245620 
-116.219239 -116.253168 -116.225277 -116.242798 -116.237382 -116.225975 -116.227249 -116.207419 -116.225839 -116.207324 -116.256876 -116.203590 -116.203751 -116.224729 -116.226245 -116.233400 -116.206268 -116.232600 -116.224736 -116.249336 -116.245971 
-116.204147 -116.239029 -116.203073 -116.259948 -116.210157 -116.237063 -116.216266 -116.225790 -116.220607 -116.223507 -116.236897 -116.209022 -116.208405 
-116.213300 -116.231530 -116.234339 -116.239167 -116.258715 -116.222634 -116.259040 -116.207672 -116.225838 -116.225712 -116.252661 -116.259853 -116.247971 -116.246970 -116.241209 -116.244338 -116.235778 -116.236371 -116.256010 -116.226806 -116.217887 -116.234428 -116.217306 -116.237708 -116.236169 -116.206873 -116.247466 -116.222943 
