0.000000 0.115510
0.000000 0.032347
0.000000 0.037200
0.000000 0.039300
0.000000 0.032122
0.000000 0.018665
0.000000 0.012510
0.000000 0.038729
0.000000 0.076917
0.000000 0.182603
0.000000 0.036545
0.000000 0.027525
0.000000 0.027977
0.000000 0.030214
0.000000 0.025939
0.000000 0.011366
0.000000 0.013839
0.000000 0.018719
0.000000 0.013264
0.000000 0.042054
0.000000 0.019592
0.000000 0.017898
0.000000 0.018391
0.000000 0.047016
0.000000 0.031341
0.000000 0.029140
0.000000 0.042503
0.000000 0.053790
0.000000 0.033540
0.000000 0.030017
0.000000 0.024871
0.000000 0.063521
0.000000 0.023334
0.000000 0.027404
0.000000 0.044490
0.000000 0.040641
0.000000 0.022338
0.000000 0.031427
0.000000 0.026642
0.000000 0.035170
0.000000 0.013639
0.000000 0.023314
0.000000 0.032463
0.000000 0.039188
0.000000 0.024718
0.000000 0.016926
0.000000 0.105452
0.000000 0.054357
0.000000 0.034144
0.000000 0.020215
0.000000 0.021583
0.000000 0.031204
0.000000 0.018206
0.000000 0.015294
0.000000 0.022104
0.000000 0.042402
0.000000 0.019783
0.000000 0.021209
0.000000 0.012561
0.000000 0.021672
0.000000 0.042951
0.000000 0.016529
0.000000 0.011966
0.000000 0.054112
0.000000 0.021572
0.000000 0.035775
0.000000 0.053929
0.000000 0.028481
0.000000 0.083866
0.000000 0.021788
0.000000 0.028046
0.000000 0.025166
0.000000 0.055362
0.000000 0.048305
0.000000 0.023201
0.000000 0.014137
0.000000 0.020951
0.000000 0.029162
0.000000 0.038122
0.000000 0.035540
0.000000 0.024103
0.000000 0.039461
0.000000 0.040582
0.000000 0.031804
0.000000 0.057564
0.000000 0.050958
0.000000 0.026235
0.000000 0.034458
0.000000 0.047936
0.000000 0.015342
0.000000 0.019484
0.000000 0.022142
0.000000 0.023040
0.000000 0.033440
0.000000 0.031933
0.000000 0.029334
0.000000 0.067783
0.000000 0.025350
0.000000 0.072586
0.000000 0.026980
