 35.8404  -116.26
 35.8473  -116.26
 35.8543  -116.26
 35.8612  -116.26
 35.8681  -116.26
 35.8751  -116.26
  35.882  -116.26
 35.8889  -116.26
 35.8439 -116.253
 35.8508 -116.253
 35.8577 -116.253
 35.8647 -116.253
 35.8716 -116.253
 35.8785 -116.253
 35.8854 -116.253
 35.8924 -116.253
 35.8404 -116.246
 35.8473 -116.246
 35.8543 -116.246
 35.8612 -116.246
 35.8681 -116.246
 35.8751 -116.246
  35.882 -116.246
 35.8889 -116.246
 35.8439 -116.238
 35.8508 -116.238
 35.8577 -116.238
 35.8647 -116.238
 35.8716 -116.238
 35.8785 -116.238
 35.8854 -116.238
 35.8924 -116.238
 35.8404 -116.231
 35.8473 -116.231
 35.8543 -116.231
 35.8612 -116.231
 35.8681 -116.231
 35.8751 -116.231
  35.882 -116.231
 35.8889 -116.231
 35.8439 -116.224
 35.8508 -116.224
 35.8577 -116.224
 35.8647 -116.224
 35.8716 -116.224
 35.8785 -116.224
 35.8854 -116.224
 35.8924 -116.224
 35.8404 -116.217
 35.8473 -116.217
 35.8543 -116.217
 35.8612 -116.217
 35.8681 -116.217
 35.8751 -116.217
  35.882 -116.217
 35.8889 -116.217
 35.8439  -116.21
 35.8508  -116.21
 35.8577  -116.21
 35.8647  -116.21
 35.8716  -116.21
 35.8785  -116.21
 35.8854  -116.21
 35.8924  -116.21
 35.8404 -116.202
 35.8473 -116.202
 35.8543 -116.202
 35.8612 -116.202
 35.8681 -116.202
 35.8751 -116.202
  35.882 -116.202
 35.8889 -116.202
