 1  9
 1  2
 2  9
 2 10
 2  3
 3 10
 3 11
 3  4
 4 11
 4 12
 4  5
 5 12
 5 13
 5  6
 6 13
 6 14
 6  7
 7 14
 7 15
 7  8
 8 15
 8 16
 9 17
 9 18
 9 10
10 18
10 19
10 11
11 19
11 20
11 12
12 20
12 21
12 13
13 21
13 22
13 14
14 22
14 23
14 15
15 23
15 24
15 16
16 24
17 25
17 18
18 25
18 26
18 19
19 26
19 27
19 20
20 27
20 28
20 21
21 28
21 29
21 22
22 29
22 30
22 23
23 30
23 31
23 24
24 31
24 32
25 33
25 34
25 26
26 34
26 35
26 27
27 35
27 36
27 28
28 36
28 37
28 29
29 37
29 38
29 30
30 38
30 39
30 31
31 39
31 40
31 32
32 40
33 41
33 34
34 41
34 42
34 35
35 42
35 43
35 36
36 43
36 44
36 37
37 44
37 45
37 38
38 45
38 46
38 39
39 46
39 47
39 40
40 47
40 48
41 49
41 50
41 42
42 50
42 51
42 43
43 51
43 52
43 44
44 52
44 53
44 45
45 53
45 54
45 46
46 54
46 55
46 47
47 55
47 56
47 48
48 56
49 57
49 50
50 57
50 58
50 51
51 58
51 59
51 52
52 59
52 60
52 53
53 60
53 61
53 54
54 61
54 62
54 55
55 62
55 63
55 56
56 63
56 64
57 65
57 66
57 58
58 66
58 67
58 59
59 67
59 68
59 60
60 68
60 69
60 61
61 69
61 70
61 62
62 70
62 71
62 63
63 71
63 72
63 64
64 72
65 66
66 67
67 68
68 69
69 70
70 71
71 72
