  35.846230 -116.254548
  35.852159 -116.222013
  35.888334 -116.243548
  35.880785 -116.232590
  35.874823 -116.245090
  35.868291 -116.242602
  35.879835 -116.209128
  35.844842 -116.207272
  35.855073 -116.237131
  35.847488 -116.227462
  35.850162 -116.232076
  35.855928 -116.236281
  35.868064 -116.206760
  35.863320 -116.224383
  35.886561 -116.245245
  35.863846 -116.242985
  35.878285 -116.259240
  35.892079 -116.212126
  35.847310 -116.204308
  35.851974 -116.221349
  35.883526 -116.255053
