-0.202431  0.833725
 0.118445  0.566596
 0.467345  1.003217
 0.172183  1.023868
 0.053626  0.459571
 0.214821  0.623649
-0.326254  0.427525
-0.295882  4.623292
 0.622558  1.599170
 0.381414  1.895513
 0.191319  1.756451
-0.086091  1.529202
-0.563578  0.275115
 0.126701  1.166069
 0.271139  0.698124
-0.186722  0.660136
-0.339969  0.873390
-0.026856  0.565393
-0.105115  0.946197
 0.055105  1.954304
-0.687806  1.898675
 0.167831  1.634466
 0.166038  1.200742
 0.178647  1.082343
-0.586553  1.219861
 0.330813  1.077281
 0.225848  1.353177
 0.083849  1.147190
-0.216393  1.891017
-0.250209  0.852220
-0.385428  0.777205
 0.008000  0.782009
 0.078478  1.244144
 0.198346  0.747134
-0.075574  1.182666
 0.375081  1.901764
-0.067215  1.010682
 0.155887  0.789532
 0.225094  0.773157
-0.558867  1.534189
 0.250698  1.295563
-0.267440  0.640473
-0.477561  1.146615
-0.423065  3.282940
-0.086864  1.574075
-0.138105  2.435277
 0.151462  1.049148
 0.224619  0.605621
-0.297471  0.854891
 0.451403  1.662234
 0.308071  1.609613
 0.542449  1.265160
-0.553953  0.590644
 0.278562  0.782905
-0.145285  1.817384
 0.123690  1.590944
 0.290144  0.553422
-0.168696  2.490003
-0.028775  0.591244
 0.310830  1.254904
-0.195014  0.838145
 0.138178  0.786668
-0.316567  1.157692
-0.265519  0.937018
 0.860798  1.427146
 0.089501  1.476670
 0.108382  1.206790
-0.183381  0.637442
 0.012969  0.424525
 0.061571  0.576909
-0.342059  1.304276
 0.077035  0.462851
-0.371590  0.468410
-0.712637  1.672182
-0.102075  1.114138
 0.119879  0.590951
 0.473400  0.523091
 0.456142  0.920582
-0.292518  1.453459
-0.581331  1.755454
-0.285979  0.959877
-0.316105  1.538583
-0.177690  0.977618
-0.551555  0.725974
 0.084136  0.857073
-0.176383  0.648987
 0.069547  0.927047
-0.047781  0.660023
-0.423750  1.421419
 0.258522  0.791928
-0.207201  2.089197
-0.091305  0.777624
-0.259806  0.895749
 0.005352  0.645148
 0.059458  1.643492
-0.523971  1.361871
 0.009916  0.538013
 0.260062  0.753704
 0.193979  1.459553
-0.181740  0.582975
