35.855031 35.891079 35.840856 35.841210 35.861875 35.878260 35.866704 35.866687 35.875268 35.842911 35.868224 35.851743 35.881242 35.850897 35.863696 35.849623 35.882831 35.850987 35.858734 
35.856075 35.880644 35.884620 35.874225 35.886070 35.868454 35.879603 35.872512 35.869929 35.887821 35.886889 35.858004 35.846327 35.850385 35.890555 35.869039 35.891839 35.856023 35.841090 35.858700 
35.860072 35.857174 35.889078 35.876206 35.881070 35.849550 35.881108 35.854189 35.851988 35.856800 35.886431 35.876077 35.848400 35.856611 35.841899 35.867795 35.860751 35.857690 35.878674 35.854173 
35.854732 35.870952 35.860268 35.884581 35.871731 35.879788 35.857598 35.890059 35.888739 35.881009 35.867798 35.858391 35.869820 35.860098 35.847574 35.878207 35.845613 35.840524 
35.863184 35.857739 35.876210 35.857978 35.862902 35.863418 35.851578 35.864016 35.850485 35.885937 35.872506 35.852418 35.877251 35.880531 35.876825 35.864490 35.860048 35.857261 
35.862118 35.870243 35.878418 35.874795 35.881545 35.859670 35.848471 35.873434 35.873148 35.888929 35.878877 35.854500 35.856042 35.858225 35.849500 35.863667 
35.861851 35.874430 35.880611 35.871501 35.865600 35.856602 35.858196 35.847659 35.856542 35.847710 35.887529 35.870112 35.877827 35.871407 35.870524 35.870616 35.877681 
35.891554 35.864506 35.847913 35.857025 35.873653 35.886233 35.887713 35.885529 35.864137 35.858289 35.884267 35.887007 35.842336 35.849603 35.885773 35.875922 35.873878 35.849850 35.862308 35.855817 35.861848 35.865694 35.877125 35.842472 
35.862160 35.852125 35.860698 35.853912 35.876977 35.849725 35.891404 35.890114 35.841717 35.891365 35.842659 35.852535 35.853474 35.854153 
35.890954 35.846260 35.869206 35.889539 35.877850 35.844814 35.857659 35.882277 35.885707 35.886836 35.854810 
35.848201 35.853798 35.884707 35.891323 35.890561 35.880950 35.863874 35.889423 35.840517 35.851536 35.883383 
35.858466 35.867521 35.858923 35.854041 35.888228 35.859108 35.842871 35.873741 35.861757 35.889811 35.890281 35.891204 35.873689 35.866785 35.843363 
35.859928 35.874149 35.840950 35.861734 35.885206 35.870995 35.890263 35.889440 35.874241 35.870178 35.883999 35.843580 35.852934 35.876676 35.843320 35.847313 35.845786 35.890481 35.840703 35.880900 35.845005 35.843402 35.849695 
35.842223 35.889357 35.886822 35.848117 35.888363 35.858673 35.856159 35.885277 35.874724 35.844644 35.863017 35.853521 35.856368 35.875700 35.887772 35.853518 35.886656 35.887004 35.845400 35.880922 35.884298 35.872120 35.863572 35.853488 35.845435 35.851119 
35.876661 35.865829 35.877029 35.851622 35.861967 35.891004 35.859802 35.856349 35.880506 35.890236 35.858040 35.857174 35.844589 35.887123 35.851439 35.853109 35.862470 35.866431 35.845760 35.872166 35.857482 35.850300 35.848660 35.873474 35.881499 
35.848535 35.864279 35.856283 35.860700 35.880568 35.850022 35.884356 35.848123 35.865849 35.872991 35.855094 35.863932 35.856221 35.869358 35.873056 35.844586 35.875787 35.885343 35.866324 35.851310 35.881249 35.849507 35.876193 35.890818 35.878187 35.840550 35.869606 35.861381 35.879187 35.844982 35.879208 35.889426 35.857383 35.841293 35.864152 35.886322 
35.841554 35.879094 35.863008 35.855814 35.854978 35.855296 35.854127 35.847341 35.873439 35.867789 35.889634 35.856303 35.854924 35.866181 35.874550 35.884921 35.873860 35.853645 35.876362 35.847397 35.851968 35.874007 35.862762 35.868891 35.864294 
35.872908 35.846884 35.861086 35.879276 35.855134 35.887937 35.845140 35.842085 35.852748 35.845829 35.847143 35.866281 35.873540 35.841612 
35.873279 35.843201 35.856250 35.860832 35.886108 35.874817 35.886865 35.867116 35.872899 35.879787 35.845053 35.888675 35.871887 35.887102 35.876741 35.885785 35.853202 35.842198 35.863264 35.854583 35.866017 
35.840728 35.863243 35.842960 35.864973 35.877280 35.854472 35.869312 35.848401 35.888654 35.855754 35.856395 35.862184 35.883997 35.877448 35.871744 35.891689 
35.861364 35.882099 35.862677 35.850761 35.842343 35.846071 35.884279 35.889938 35.861925 35.857774 35.871581 35.847964 35.867604 35.881291 35.861186 35.865126 35.887117 35.887517 35.885397 
35.849654 35.888079 35.868977 35.875859 35.868997 35.844748 35.873391 35.852054 35.861438 35.842335 35.849930 35.887081 35.867979 35.877103 35.880340 35.875749 35.840847 35.866506 35.880846 35.856511 
35.872374 35.858717 35.873792 35.862928 35.881560 35.889274 35.866316 35.862700 35.848517 35.872058 35.878450 35.866375 35.890637 35.882328 35.857365 35.846516 35.859348 35.844956 35.865225 35.888565 35.841520 35.864311 35.862116 35.862817 35.857527 35.847950 
35.873387 35.856392 35.881989 35.880563 35.870698 35.850655 35.866286 35.885261 35.876495 35.878216 35.861854 35.862175 35.847759 35.876156 35.864816 35.890933 35.853025 35.867724 35.851223 35.888652 35.860589 35.851387 35.860696 35.885043 35.850232 35.890103 
35.848052 35.888067 35.873913 35.886527 35.855652 35.873491 35.886186 35.890185 35.886902 35.873554 35.851904 35.860141 35.859526 35.875603 35.881293 35.843785 35.857200 35.878081 35.876331 35.876206 35.860138 35.857678 
35.857390 35.879077 35.884087 35.841368 35.847408 35.844602 35.885582 35.847978 35.859887 35.888743 35.891018 35.867165 35.847160 35.851770 
35.881310 35.877389 35.843085 35.856757 35.886466 35.886553 35.848105 35.846094 35.867282 35.859023 35.845026 35.859047 35.878412 35.862768 35.868927 35.841711 35.849457 
35.869795 35.870622 35.851186 35.858460 35.859988 35.848048 35.865030 35.887980 35.888171 35.879249 35.840698 35.843699 
35.884600 35.860610 35.886864 35.859219 35.886154 35.875775 35.874448 35.872682 35.859718 35.889720 35.858648 35.868976 35.849676 35.875680 35.887205 35.848876 35.870946 35.886454 35.851578 35.878252 35.857593 35.885727 
35.859873 35.847196 35.876385 35.878049 35.858501 35.889288 35.862405 35.856305 35.885517 35.880515 35.882001 35.874315 35.890041 35.849510 35.879660 35.877677 35.875238 35.846176 
35.886619 35.873176 35.855071 35.851078 35.878465 35.880493 35.877889 35.858548 35.857846 35.889288 35.848319 35.867699 35.890637 35.850066 35.866970 35.862219 35.859001 35.887636 35.871532 35.854823 35.860556 35.872004 35.877933 35.859404 35.863136 35.885066 35.863640 35.864963 35.853663 35.853740 35.877946 35.880479 35.866520 
35.872545 35.871285 35.862023 35.857327 35.853963 35.862286 35.876031 35.857465 35.859379 35.869459 35.889762 35.880814 35.866221 35.889304 35.888352 35.866826 35.875954 35.863214 35.872202 35.862692 35.852589 35.881041 35.863456 35.873955 35.860108 35.867574 35.859458 35.856964 35.860400 35.840444 
35.876615 35.849629 35.860910 35.880419 35.885226 35.878234 35.858579 35.863498 35.849932 35.848383 35.863202 35.884973 35.873605 35.860117 35.873127 35.845846 35.867414 35.884646 35.857862 35.891360 35.885496 35.868602 35.852258 35.879292 35.854181 35.864910 35.857909 35.853833 35.890407 
35.841929 35.886088 35.863511 35.840517 35.874366 35.848492 35.874617 35.861141 35.847533 35.859193 35.866510 35.890131 35.874941 35.884174 35.874502 35.858313 35.864845 35.886025 35.863922 35.866713 35.853532 35.864183 35.876691 35.842986 35.860248 35.859905 35.884966 35.889254 35.877633 35.844087 
35.885496 35.861446 35.877659 35.878128 35.866885 35.886595 35.878784 35.885678 35.878125 35.845938 35.879801 35.871291 35.880010 35.848918 35.851094 35.879289 35.877753 
35.848016 35.877420 35.856944 35.860500 35.881496 35.886447 35.845423 35.846848 35.869108 35.878943 35.890605 35.850216 35.855323 35.868475 35.846895 35.875500 35.847001 35.847101 
35.852328 35.858188 35.881688 35.882676 35.844885 35.874766 35.875613 35.880028 35.873244 35.861048 35.855985 35.849242 35.852744 35.875900 35.855928 35.856310 35.846369 35.888294 35.841696 35.881478 35.862744 35.876233 
35.862665 35.863764 35.872504 35.851027 35.878126 35.850052 35.871152 35.848005 35.890838 35.859037 35.878969 35.879295 35.892249 35.874042 35.889811 35.879799 35.845190 35.886816 35.877671 35.888375 35.876317 35.866950 35.881066 
35.864194 35.890445 35.887257 35.852912 35.885571 35.866263 35.858463 35.887527 35.857699 35.843463 35.872936 35.856526 35.875647 35.841708 35.850160 35.858057 35.878123 35.867875 35.853909 35.886834 35.849370 35.844996 35.845065 35.885117 35.867673 
35.873357 35.845722 35.886162 35.874829 35.890996 35.882441 35.871040 35.863319 35.861935 35.870038 35.876926 35.842318 35.871501 35.856685 35.880838 35.866218 35.858248 35.857671 35.856083 35.857127 35.853870 35.870517 35.846103 35.863442 35.850214 35.843939 35.881341 35.854856 35.858920 35.859902 35.856030 35.854071 35.882309 35.879237 
35.882117 35.877631 35.863345 35.867166 35.886879 35.854659 35.863775 35.882646 35.853375 35.843584 35.871422 35.870384 35.842173 35.842197 35.851284 35.862894 35.884229 35.850918 35.862614 35.885277 35.862628 35.847913 35.845846 35.852834 35.867800 35.889222 
35.878128 35.873218 35.856625 35.850877 35.879098 35.862787 35.873385 35.868678 35.857041 35.843144 35.864876 35.849362 35.848392 35.875969 35.887333 35.883240 
35.891424 35.891962 35.886398 35.866823 35.874012 35.887070 35.846671 35.874888 35.886902 35.861279 35.848692 35.861107 35.846742 35.857522 35.890121 35.843550 35.840996 35.850195 
35.861653 35.871133 35.845320 35.869671 35.846001 35.843195 35.885460 35.860760 35.874550 
35.878103 35.846481 35.855982 35.872942 35.888450 35.848475 35.845409 35.877580 35.858671 35.861959 35.870912 35.882697 35.857982 35.873669 35.874381 35.841682 35.860318 
35.857675 35.872980 35.889614 35.866376 35.891422 35.874683 35.883249 35.880951 35.877267 35.855543 35.887241 35.883501 35.859288 35.871237 
35.843320 35.874897 35.843282 35.848948 35.866800 35.877050 35.885718 35.864929 35.887842 35.876823 35.880325 35.881696 35.878483 35.889430 35.840851 35.842156 35.886514 35.860863 35.873307 35.841136 35.873429 35.851867 35.879120 35.850757 35.882857 35.863660 35.873570 
35.843554 35.846993 35.852758 35.886706 35.866010 35.889972 35.852573 35.868027 35.871609 35.844365 35.887975 35.876606 35.846981 35.891473 35.840542 35.861625 35.843931 35.891579 35.887529 35.890409 35.851071 35.870841 35.840952 35.859926 
35.881283 35.845930 35.853705 35.890857 35.889191 35.874244 35.871038 35.868229 35.844177 35.853940 35.870192 35.864850 35.875401 35.881525 35.869516 35.862349 35.850290 35.847283 35.851449 35.877022 35.849775 35.876559 35.891971 35.854449 35.886529 35.875741 
35.884592 35.869895 35.853466 35.852737 35.886260 35.847523 35.880507 35.872949 35.864448 35.840788 35.869891 35.850482 35.845314 
35.860432 35.860139 35.852282 35.886817 35.874556 35.856961 35.859011 35.856616 35.847127 35.850988 35.847567 35.856253 
35.854762 35.853054 35.883194 35.878640 35.890185 35.856284 35.865926 35.847999 35.875756 35.874188 35.862226 35.848861 35.850154 35.887880 35.861460 35.877208 35.855543 35.891643 35.848985 35.854757 35.848105 35.871169 35.853650 35.856954 
35.846696 35.861437 35.889668 35.875466 35.880137 35.889938 35.878593 35.845847 35.853788 35.879722 35.862532 35.840428 35.882990 35.850618 35.870171 35.888591 35.862134 35.866207 35.880435 35.872162 35.845362 35.844126 35.850738 
35.876078 35.886359 35.851513 35.856974 35.856180 35.854907 35.868153 35.846579 35.843760 35.850313 35.884735 35.867723 35.844694 35.885314 35.889780 35.853055 35.866784 35.846502 35.844575 
35.865758 35.852660 35.867639 35.862326 35.859163 35.877290 35.885553 35.878125 35.854076 35.888478 35.873622 35.844922 35.846372 35.890666 35.888071 35.878259 
35.850350 35.890390 35.854018 35.880485 35.888291 35.871095 35.880135 35.881755 35.861914 35.865235 35.854803 35.871022 35.853804 35.889721 
35.858868 35.881968 35.870872 35.860317 35.873475 35.865743 35.868168 35.853273 35.890932 35.885496 35.850560 35.888390 35.869754 35.886953 35.880092 35.879563 
35.884044 35.851206 35.873668 35.870414 35.864404 35.861711 35.872038 35.859150 35.874620 35.864647 35.890169 35.890453 35.869023 35.859349 35.884728 35.878953 35.877385 35.851786 
35.883249 35.887807 35.886217 35.864542 35.886849 35.865450 35.877150 35.878865 35.853634 35.889424 35.892131 35.870503 35.882474 35.863603 35.861339 35.887782 35.875588 35.888068 35.855402 35.869558 35.883947 35.844093 35.849533 35.880370 35.891498 
35.885934 35.847337 35.890985 35.869308 35.879028 35.841421 35.859041 35.873415 35.843247 35.876529 35.865649 35.860068 35.887383 35.877119 35.851825 35.861491 35.869276 35.845105 35.867204 35.889600 35.856927 
35.860365 35.891632 35.856756 35.882998 35.841199 35.858622 35.846389 35.866442 35.888130 35.854051 35.850418 35.863377 35.881193 35.866415 35.845502 35.873668 35.850801 35.883359 35.847632 35.854441 35.853074 
35.876063 35.858784 35.888921 35.873456 35.891375 35.851485 35.842746 35.846678 35.860932 35.850429 35.874235 35.840987 35.867220 35.887281 35.875989 
35.885836 35.862681 35.882941 35.887306 35.879758 35.877741 35.866411 35.871589 35.878971 35.881660 35.883454 35.880683 35.855855 35.848629 35.845264 35.858656 35.857631 35.840792 35.849232 35.880643 35.880692 35.864412 35.882663 35.869044 35.877879 35.841017 
35.869070 35.869063 35.842765 35.870666 35.883840 35.848171 35.853090 35.870712 35.868784 35.861966 35.851374 35.871192 35.883421 35.880295 35.865772 35.850094 35.881984 35.884531 35.863556 35.859574 35.859207 35.841952 35.863359 35.869031 35.874652 
35.857304 35.846696 35.853024 35.856348 35.875927 35.890051 35.841565 35.875223 35.863020 35.860842 35.874103 35.877029 35.872035 35.876131 35.846119 35.888440 35.868370 35.843497 35.852222 35.880523 35.854417 35.889167 
35.875863 35.851569 35.884258 35.872347 35.863146 35.852597 35.842481 35.850812 35.862199 35.867161 35.862985 
35.887232 35.890990 35.884956 35.872610 35.891624 35.866813 35.854107 35.878771 35.890133 35.880358 35.863836 35.871484 35.855488 
35.872145 35.890681 35.887058 35.852953 35.880020 35.874830 35.849388 35.844891 35.864806 35.875117 35.846574 35.857361 35.860768 35.873135 35.859848 35.865294 35.860937 35.853486 35.853947 
35.874926 35.886829 35.880183 35.885870 35.840646 35.888449 35.862942 35.883174 35.888498 35.874812 35.840745 35.891812 35.855722 35.861764 35.848513 35.889588 35.846476 35.884075 35.844270 35.864592 35.871161 35.841257 35.867504 35.844350 35.860490 
35.840555 35.842795 35.853005 35.883087 35.876568 35.855936 35.842607 35.845315 35.891484 35.870463 35.884141 35.891099 35.883012 35.856231 35.844847 35.862836 35.846747 35.860447 35.840569 35.844823 35.862749 35.875273 35.843957 35.877207 35.884999 35.848322 35.874316 35.873894 35.884044 35.873443 35.860737 35.841899 35.849849 35.873145 35.851931 35.850503 
35.876638 35.888646 35.856270 35.884243 35.847777 35.888491 35.844648 35.873231 35.866541 35.867088 35.864077 35.884367 35.844363 35.860442 35.841124 35.844898 35.856460 35.888328 35.868265 35.880962 35.877616 35.859173 35.873937 35.887677 35.864339 35.852063 35.853518 35.877080 
35.846364 35.888883 35.850615 35.889646 35.858898 35.863580 35.856694 35.848995 35.852111 35.860225 35.856617 35.879683 35.869222 35.862740 35.882277 35.878882 35.845820 35.864476 35.867028 35.864503 35.852265 35.890265 
35.844468 35.868431 35.859524 35.885302 35.880237 35.856682 35.885205 35.884358 35.848717 35.868937 35.887519 35.889346 35.852335 35.877742 35.890649 35.887443 35.844506 35.885258 35.887286 35.884134 35.887714 35.856514 35.876906 35.879251 35.863096 
35.870628 35.872353 35.878586 35.865389 35.845246 35.870560 35.878549 35.855563 35.883930 35.877817 35.857779 35.887437 35.868650 35.850303 35.867597 35.866840 35.877519 35.889009 35.846343 35.861480 35.862141 35.869980 35.867380 
35.890391 35.891523 35.842185 35.877620 35.865952 35.888592 35.891458 35.843270 35.888041 35.854622 35.883751 35.885480 35.882689 35.877285 35.875053 35.858366 35.853675 35.855303 35.842648 35.874142 35.891315 35.884057 35.859315 35.862364 35.843554 35.847106 35.847557 35.883568 35.854373 35.873674 35.844937 
35.846406 35.874626 35.860993 35.888235 35.845453 35.892066 35.853739 35.886749 35.881105 35.857292 35.885556 35.853738 35.853911 35.858117 35.864655 35.851069 35.873578 35.850520 35.860568 35.883520 35.850814 35.843769 35.872463 35.885650 35.865811 35.860614 35.844061 35.867682 35.876553 35.876965 35.847444 35.886687 35.884131 35.880215 35.884676 
35.863133 35.865070 35.845287 35.874227 35.858705 35.884387 35.883073 35.861773 35.890157 35.856531 35.863293 35.845702 35.856181 
35.877222 35.855867 35.874486 35.860138 35.886463 
35.891577 35.853865 35.882861 35.878246 35.892212 35.859394 35.877761 35.880051 35.875708 35.889723 35.855735 35.856240 35.849844 35.844792 35.884585 35.861779 35.860867 35.853615 35.852328 35.888718 35.861075 35.870348 35.877904 35.851888 35.846244 35.876996 
35.872085 35.882688 35.871663 35.891588 35.868566 35.863477 35.872024 35.887436 35.872372 35.863031 35.877415 35.849264 35.870826 35.860542 35.889351 
35.864587 35.873968 35.880151 35.840857 35.869385 35.861451 35.883497 35.861138 35.876335 35.857759 35.864724 35.870873 35.883815 35.856848 35.883857 35.860333 35.881667 35.857469 35.871105 35.847663 35.870115 35.888284 35.871747 35.879312 35.878463 35.860793 35.863784 35.857855 35.844274 35.886450 
35.862944 35.884787 35.845757 35.867707 35.857727 35.842985 35.842049 35.863327 35.841033 35.846833 35.870942 35.881359 35.854166 35.872498 35.876194 35.891939 35.888389 35.874947 35.889211 35.877208 35.849867 35.869315 35.885942 
35.889603 35.854753 35.846161 35.845192 35.878518 35.890620 35.868032 35.882496 35.857072 35.845558 35.881875 35.880091 35.865568 35.869527 35.871204 35.859946 35.878704 35.869181 35.877804 35.859926 35.851919 35.853225 35.878241 
35.887330 35.885336 35.877115 35.872616 35.842318 35.857794 35.861307 35.860866 35.883948 35.891806 35.851611 35.875629 35.859891 35.853649 35.886521 35.858395 35.842701 35.891988 35.885906 35.881867 35.844735 35.844969 35.859948 35.840621 35.843362 
35.852706 35.879755 35.857449 35.851500 35.891473 35.847769 35.884682 35.883729 35.852587 35.846008 35.888153 35.875523 
35.876246 35.891861 35.845523 35.845766 35.880953 35.862063 35.881547 35.852649 35.877465 35.874815 35.868245 35.843065 35.843573 35.844392 35.858959 35.840884 35.858451 35.863647 35.846880 35.844115 35.847314 35.879696 35.848529 35.864672 35.843349 35.859255 35.854303 35.889092 35.887303 
35.877103 35.876085 35.869381 35.872317 35.887174 35.874657 35.880424 35.879546 35.863209 35.860279 35.870812 35.858013 35.852800 35.889108 35.870398 35.855164 35.856397 35.878027 35.870989 35.878278 35.851678 35.871702 
35.863366 35.865739 35.881183 35.848253 35.841246 35.872666 35.890162 35.879516 35.843179 35.866120 35.890080 35.870757 35.892014 35.883793 35.852078 35.865081 35.852464 35.849497 35.856935 35.874192 35.870480 35.860421 35.854008 35.846743 35.844730 35.863523 35.842991 35.867564 35.856625 35.840671 35.888814 
35.848863 35.851596 35.867052 35.877978 35.877247 35.882066 35.884177 35.888261 35.864589 35.872060 35.853587 35.863063 35.874688 35.879335 35.875835 35.889445 35.883385 35.863052 35.882981 35.885831 35.867616 
35.879788 35.867630 35.855423 35.881852 35.849791 35.873418 35.867567 35.890213 35.848659 35.881684 35.886918 35.853168 35.874570 35.877226 35.890926 35.863102 35.843668 35.847240 35.857677 35.849475 35.842469 35.878149 35.861466 35.847344 35.858283 35.878150 35.841674 35.887768 35.842130 35.854630 35.854624 
35.871941 35.866607 35.843619 35.890633 35.873189 35.855598 35.864165 35.853044 35.845250 35.864088 35.854847 35.856839 35.852566 35.887933 35.872781 35.881270 35.868294 35.872214 35.889195 35.885869 
35.875868 35.885864 35.852078 35.888453 35.857044 35.841365 35.871933 35.876673 35.857714 35.856460 35.870386 35.861528 35.885200 35.890890 35.841890 35.890017 
35.884212 35.858738 35.884427 35.876501 35.847877 35.844500 35.867205 35.854803 35.885205 35.860705 35.869875 35.876126 35.881370 35.864704 35.853039 35.892171 35.860429 35.888115 35.888252 
35.848942 35.877287 35.846743 35.849175 35.889790 35.842738 35.879496 35.879622 35.854683 35.883603 35.845864 35.873236 35.840876 35.844924 35.866092 35.861732 35.875904 35.881626 35.858190 35.855411 35.863211 35.866919 35.851207 35.864487 35.852495 35.849268 35.877365 35.883641 
35.882479 35.885606 35.855899 35.852520 35.855627 35.867280 35.855833 35.850177 35.890934 35.854168 35.890257 35.887501 35.854870 35.846360 35.854186 35.864868 35.862890 35.882820 
35.882793 35.844115 35.871843 35.882684 35.891501 35.878151 35.872454 35.885093 35.865219 35.889288 35.874790 35.882350 35.889376 35.855768 35.858262 35.890090 
35.846138 35.864354 35.888281 35.890117 35.845768 35.886100 35.886457 35.862365 35.841113 35.875214 35.846603 35.871554 35.886329 35.879906 35.842335 35.877839 35.851126 35.841511 35.875917 35.871983 35.860912 35.885452 35.877102 35.885590 35.867036 35.845539 35.848423 35.890836 35.869879 35.873137 35.865087 35.853329 35.842643 35.846183 35.861495 35.865895 35.852380 35.891373 35.849036 35.888960 
35.858273 35.849303 35.863252 35.886417 35.846054 35.892312 35.861013 35.858438 35.883040 35.885971 35.880317 35.865354 35.885169 35.885844 35.872507 35.888326 35.879688 35.848618 35.886263 35.855128 35.858935 35.847851 
35.844680 35.845416 35.871606 35.853330 35.847886 35.881777 35.871324 35.845988 35.891379 35.874094 35.853534 35.865021 35.881249 35.845222 35.863824 35.883691 35.854284 
35.852427 35.888526 35.873134 35.866098 35.880378 35.879322 35.885537 35.874415 35.867231 35.889029 35.868830 35.847172 35.858000 35.841266 35.872977 35.853541 35.845864 
