1.158291 0.801431 0.884189 1.114141 0.852689 1.041684 1.071533 0.801781 0.862430 1.183271 0.914229 0.920538 
1.243076 1.066573 1.219249 0.912452 1.233255 1.088316 1.130865 1.149251 1.234363 0.964334 1.061371 0.946628 1.247903 0.841998 1.057033 0.862133 1.199077 1.158695 1.111331 
1.169172 1.111441 1.172828 1.020584 1.000916 1.251607 0.913846 0.825335 1.231412 1.192380 0.991344 1.068490 1.216035 1.055848 0.876674 0.865340 0.868589 1.150154 1.062885 1.010031 0.835823 1.038907 0.992848 
0.903755 0.840747 1.174176 0.852777 0.892099 0.838208 0.934542 1.194233 1.126097 0.806807 0.867654 1.069214 0.862580 0.794702 1.137548 0.919325 1.147817 1.033753 1.057561 0.874674 
1.041214 1.017031 0.816892 0.866240 1.252237 1.020046 1.030194 1.158098 1.056687 0.971461 0.950081 
1.184330 1.010829 0.807092 0.821360 0.840895 1.187672 1.162767 1.100380 0.855797 1.012688 1.172339 0.831526 1.079377 1.166580 
1.142834 1.139480 1.059497 1.071233 1.046201 1.060085 1.203425 0.832944 0.841769 1.022612 1.147590 0.918279 1.247232 1.241137 1.197741 0.845983 0.874602 0.984573 0.923530 1.236840 
0.862501 1.123109 0.797527 0.997319 1.109334 1.209366 0.964394 1.164779 1.066190 0.988010 1.206026 1.251340 1.218072 0.867101 0.873052 1.252357 1.158068 0.898699 0.929589 0.938648 0.964887 
1.143102 0.987271 1.217753 0.938584 1.174740 0.948879 0.941879 0.856640 1.143132 1.005711 0.923652 1.216351 1.089317 1.255422 0.900336 1.142446 1.171435 1.205569 1.067439 1.125378 1.033130 0.938470 0.918746 0.795109 1.087262 0.834286 0.909103 0.824940 
0.939238 0.821945 0.967356 0.806709 1.012248 0.974841 0.953120 0.794610 0.842095 0.966587 0.814285 1.023583 1.227163 0.930944 0.974475 1.144170 1.064603 0.973371 0.895614 1.178680 
1.255924 0.816403 0.882196 1.213669 1.228604 0.865145 0.826568 0.865429 1.089970 1.006326 0.991109 0.996560 0.805695 0.840484 1.163965 0.949682 
1.208902 0.933345 0.924842 1.163732 0.828221 1.177769 1.172968 0.863463 0.866740 0.848996 0.844026 0.822240 1.173746 0.965138 1.159732 0.865786 1.171173 1.223277 0.864092 0.801890 
1.023176 0.911402 0.970285 1.252357 1.196370 0.806116 1.130327 
0.851383 1.102625 0.833344 1.122506 1.221492 0.800601 0.891731 1.033699 1.206361 0.999422 0.835692 1.162534 1.150777 1.048597 0.966680 0.929892 0.932771 0.979126 1.017880 0.868074 1.126012 0.979705 1.233572 1.050534 0.811256 1.124432 0.842817 0.970063 1.145949 0.980363 0.794369 1.067426 0.872046 1.083596 1.112984 1.156031 1.221565 1.222702 
1.097259 1.244374 1.182830 0.915896 1.243210 0.837678 1.060353 0.811059 1.049289 1.248010 1.188513 1.011561 0.989061 1.247894 0.867747 1.010816 1.164256 1.007404 1.145847 1.043638 0.953199 
1.179833 0.947563 0.922737 0.933805 1.213742 0.812306 1.136704 1.026831 1.046781 0.794644 1.131203 1.141339 0.961984 
0.812661 0.826313 1.225132 0.830153 1.159738 1.202441 1.130912 
1.146000 1.106989 0.804550 0.814136 1.257719 0.859121 1.162713 0.952054 1.048988 0.899375 1.148524 0.856838 1.167949 1.253735 
1.048082 0.951946 0.801609 1.167254 0.883890 0.969959 0.827447 1.202591 
1.150761 1.117722 0.959443 0.827679 1.131895 0.854121 0.927587 1.183529 1.004260 0.956044 0.885391 0.937302 0.894811 0.796114 1.154986 1.210666 1.192683 1.006473 1.143466 
0.893437 1.123524 0.985535 0.798577 1.012925 0.934120 0.941505 1.148356 0.990903 1.127762 1.022919 0.831495 1.065109 1.042491 0.864591 1.097595 1.197765 1.002177 1.051084 0.987775 1.157109 1.209435 
0.798826 0.801500 0.976943 1.225741 1.198022 1.141135 0.928702 0.931969 1.218472 0.816458 1.190694 0.800671 1.063780 1.038574 1.013530 0.872486 1.032374 1.249490 1.189501 1.057480 0.992438 1.003344 1.126120 1.074396 1.198064 1.040279 1.154793 1.032394 0.880880 0.953192 1.111277 0.856410 1.258322 1.094254 
1.129746 0.818517 1.184650 1.217594 1.044873 0.809235 1.007833 0.843327 1.111792 0.967174 1.151979 1.005784 1.015641 
1.150734 1.112235 0.857464 0.917478 0.811899 0.881691 0.923934 0.891194 1.021880 0.951789 1.199524 0.845343 0.985703 1.250677 1.027187 1.072584 1.173270 1.171247 0.878645 0.881750 1.147637 0.794527 
0.796883 1.117973 1.152990 0.882703 0.869063 0.940739 0.872331 0.992606 1.221446 1.240492 1.072351 1.019378 
0.821415 1.175678 1.165375 0.933082 0.821913 1.228963 0.864031 
1.152907 1.193810 0.874662 1.096535 0.867040 1.150853 0.975948 0.836167 0.841082 1.204526 1.079479 1.214185 0.941677 1.087183 0.907156 1.080177 1.051191 0.895114 0.862440 0.946352 0.925815 0.820675 0.839764 1.235629 1.232809 1.105724 1.001166 
0.988791 1.120507 0.885674 0.840408 0.823176 1.242557 1.252339 0.974978 1.045107 1.222643 1.191327 1.197196 1.007933 0.916654 1.128814 0.903940 1.039886 0.914174 0.964063 0.994691 1.072223 0.853626 0.865086 
1.238840 0.913742 1.253347 1.201507 1.013257 1.107385 1.058225 0.960017 1.145221 0.939806 1.040915 0.922813 1.158784 1.229788 1.136884 1.221565 0.907937 1.104861 0.877277 0.978455 
1.034268 1.188436 0.984715 0.795879 1.164836 1.108335 0.906888 0.981404 0.801463 0.924387 1.234842 1.253328 1.037171 1.069469 0.972628 0.977135 0.936073 1.106011 0.809679 0.954037 0.974191 0.892170 0.823773 1.148166 0.967316 1.024841 1.133487 0.971528 1.183907 0.925823 0.853272 0.814402 1.238848 1.079687 1.150968 0.916522 0.926014 1.163166 0.896953 
1.154342 0.876696 1.193645 1.087806 1.002609 0.874275 1.215956 0.840863 0.970569 0.840486 1.184796 1.068969 1.227953 1.012350 1.130283 0.799331 0.899109 1.019633 0.914699 1.060344 1.228856 0.986188 0.901670 1.027853 0.870772 1.117591 0.862146 
0.815591 1.128338 1.156200 0.818946 1.190396 1.052777 0.912625 1.242374 0.954082 0.829471 1.253484 0.877638 0.798317 1.178493 1.066887 0.975684 0.860616 1.123550 1.111169 1.212031 0.966466 0.961593 
1.097789 0.823358 1.074244 0.861690 1.133471 1.145238 1.078565 1.065425 0.897340 1.180311 0.914547 1.242880 
1.187430 0.942843 0.883435 0.864558 1.099322 0.811093 1.051057 1.161692 0.900816 0.806648 1.208316 1.181498 1.020458 1.064032 0.826536 0.869383 0.929230 0.867528 
0.798500 0.797565 1.046855 1.189097 1.024703 1.200321 0.962304 0.851977 1.057157 1.155119 
1.118974 0.898948 1.240189 0.996477 1.044643 1.180607 1.141401 1.076099 0.794495 1.055297 1.031031 1.110124 0.946352 0.920671 1.093909 1.034759 1.074309 1.049108 0.957695 0.845295 1.161996 1.013066 0.961451 1.167121 
0.999211 0.920811 0.982113 1.056482 1.233924 0.845689 0.829790 1.147990 1.196669 0.905066 0.904996 0.889233 0.862252 1.162963 0.847488 1.203601 0.981429 1.201890 1.050621 1.191644 0.799563 0.891347 0.865941 0.956453 0.866112 1.104069 0.810960 
0.888163 0.882835 0.859743 1.238505 1.085778 1.113553 0.846119 0.898282 1.113600 0.828424 1.130356 0.869334 1.238220 0.995445 1.235289 
1.079886 0.809150 1.051916 0.840334 1.205164 1.087272 1.242842 0.819842 0.973915 1.235360 0.896471 1.122603 1.203328 1.049658 1.225479 0.939923 1.231520 1.012425 0.841103 
1.146360 1.141589 1.043306 1.079226 1.049088 0.900052 0.951078 0.859158 1.036220 0.841714 0.839355 1.174915 0.952588 1.244208 0.926284 1.253412 
1.028103 1.033252 0.821534 1.157807 1.047278 0.986251 0.845785 0.806785 1.139788 1.139717 0.891338 1.245765 1.220077 1.080870 1.230327 1.242440 1.064687 1.175897 0.892673 1.090096 0.840120 0.831293 1.051068 1.092170 0.932265 0.815111 1.201866 1.034214 0.937808 1.093726 1.164078 0.896100 0.990606 1.145085 1.081762 
0.829714 0.970459 0.838868 0.870112 0.805508 1.106506 1.174406 1.021343 0.866441 0.800300 1.118731 1.238932 1.175550 1.165165 
1.028401 1.058869 0.804582 1.188042 1.232063 1.090483 1.209494 1.039198 1.027616 0.992453 1.035991 1.176802 1.061356 0.964206 0.877163 1.178677 1.054451 
0.841900 0.982163 1.245007 0.950321 0.897084 1.114547 0.802110 1.034255 1.034821 1.096920 1.015309 0.873303 1.249345 1.133740 1.164499 0.894068 0.944470 
1.080280 1.114339 1.037298 1.008679 0.820811 1.126684 1.132913 0.824733 1.198820 0.961178 1.057091 1.255866 1.003914 0.850542 1.016943 1.258848 0.834801 0.883575 0.822957 0.884920 
1.063541 1.097390 1.242931 0.888294 1.238864 0.886518 1.219041 0.815556 0.985604 1.017022 1.094827 1.012963 0.830737 1.174227 1.250117 0.825306 0.832196 1.156350 0.929996 0.875089 1.052048 0.851750 1.008233 1.250519 1.129034 0.835765 
1.145977 0.948609 1.219311 1.150190 0.845241 0.826283 0.965686 
1.028377 1.032908 0.946582 0.962995 1.051186 1.158554 0.804381 0.961968 1.205876 1.169932 0.875229 1.012982 1.249713 
0.879450 0.840564 1.108908 0.965097 1.191536 1.049849 1.248722 1.046395 1.216664 0.986757 0.937395 1.147901 1.185253 1.140120 1.130444 1.131329 
1.035848 1.101371 1.208081 0.861478 1.133794 0.821899 0.828702 0.806541 1.077772 1.022651 1.023804 1.178807 1.043585 0.848432 1.086789 1.019643 0.981614 
0.852768 0.924528 1.207000 0.842176 1.012071 1.097281 1.063990 1.075160 1.127293 0.812789 1.197388 0.876732 1.096164 1.053421 1.006381 0.815840 0.896998 1.204861 0.821799 0.889995 
0.919200 0.850774 1.217256 0.889336 1.207736 0.901131 1.128489 1.113753 0.951424 1.113205 0.931382 0.811425 0.860953 0.860402 0.834083 0.921380 0.960590 1.206616 0.928795 1.031417 0.977648 0.913449 
1.123693 1.118827 1.029913 0.794582 0.984336 1.112184 0.864435 1.183017 0.842926 0.810751 0.901790 1.142474 1.086036 0.864645 0.936213 0.921317 0.862933 
1.100696 1.228512 1.130430 0.820023 1.008865 0.842278 0.953466 0.955413 1.071896 0.946299 1.039723 1.022539 0.866358 1.117346 1.052779 1.064823 0.878302 0.809845 1.193860 1.034305 0.836264 0.954332 0.874298 
0.889943 0.883460 1.205718 0.899526 1.215535 1.090116 0.955366 0.901486 0.915644 1.255075 0.990980 1.080307 0.874930 0.960377 0.883976 
0.871792 0.867085 0.930625 1.225759 1.235755 0.795733 0.854363 1.210636 
0.850004 1.147919 0.797128 1.168569 0.832027 0.872254 1.245540 1.083695 1.156237 0.901099 0.873370 1.177885 
0.803186 1.166055 0.822766 0.937845 1.001909 1.198507 1.104566 0.935907 0.881367 1.029431 1.036276 1.191238 0.821077 1.108511 0.805921 1.014784 1.062531 0.944585 1.073436 1.233057 0.860693 0.973614 
1.090766 1.079180 0.951019 0.849024 0.798182 0.918566 1.090242 0.955049 0.834389 0.850167 1.136010 0.921275 0.997970 0.796419 1.202278 0.835842 1.051505 0.958234 0.971436 0.984881 0.889676 0.933796 0.825797 0.971986 0.845001 1.254421 
1.176426 0.974707 0.845670 0.798903 0.963412 0.953010 0.812085 1.202965 0.985739 0.825500 
0.845900 1.084042 0.795506 0.838402 1.064775 1.040270 0.853168 1.118220 1.227803 
0.914398 1.244833 1.076472 1.195157 0.948065 0.858234 0.831163 1.151470 0.942474 0.952119 1.194518 1.145499 0.948235 1.032562 1.191722 1.146701 0.952535 
1.191515 0.920008 1.238138 1.101358 0.948238 1.248406 1.149752 0.805028 1.193736 1.133054 0.933699 
1.087861 1.113767 1.155713 0.927339 0.877979 0.931664 1.172553 0.944099 1.201817 0.861948 1.018360 1.225168 1.126505 1.184100 0.921367 1.163406 0.993871 1.186379 0.797725 0.929798 1.162195 0.987500 1.007735 1.107967 0.804128 0.931169 1.055403 
1.174409 1.000975 1.018206 1.048148 0.811345 1.016067 1.095500 0.941958 1.052945 1.235473 1.063765 0.947340 0.863479 0.840092 0.864041 0.953155 0.920483 1.184247 0.828195 1.031200 0.910597 1.057605 0.980573 1.169451 1.197088 0.889385 1.191025 0.972330 1.059780 
1.148504 1.230092 1.156682 1.054661 0.892441 0.894769 1.006805 1.235014 1.154542 0.876489 0.807177 0.955175 0.976780 1.076691 1.249039 0.888618 1.034300 0.993635 1.170238 1.098630 
0.941555 1.039518 0.983413 1.048513 1.130147 1.133841 0.846588 1.248700 0.804638 1.206336 1.189839 1.165503 0.981553 0.834955 1.029454 1.181370 1.065067 0.970150 1.074397 0.995119 1.123783 1.090507 1.208096 0.805704 1.066510 0.881784 1.120803 
1.163561 0.971655 0.833521 1.001875 0.881301 1.031626 1.242546 1.117784 0.900838 0.857407 0.911093 1.214740 1.114467 0.808403 
1.078743 1.016060 1.243673 1.206576 0.974233 0.824552 1.171939 0.988103 1.247297 1.139709 0.858137 0.874605 0.934928 1.205685 1.071541 1.032096 0.893946 1.217938 
0.967663 0.958623 0.803766 0.875703 1.097078 1.156796 1.113864 1.108662 0.984742 1.228556 0.955205 1.161993 1.064072 1.220560 1.042841 1.083122 1.084291 0.802593 0.795888 0.984506 0.803204 0.855927 0.842020 1.144238 
0.853787 1.231856 1.119294 0.943868 1.049368 0.809045 1.040463 1.019704 1.076401 1.107490 
1.241138 1.197234 1.146345 1.150797 0.885367 1.142170 0.828257 1.037305 0.941639 1.249310 0.946125 1.005411 
1.089079 1.054986 0.819206 0.995578 1.089545 0.930869 0.803931 0.795460 1.225314 0.834449 1.166737 0.818243 1.084278 1.009055 0.948157 1.041849 0.914825 1.216501 1.211398 1.034526 0.922832 0.900040 1.090520 1.231237 1.182688 1.017306 0.807010 1.218400 0.842825 0.825722 1.118069 
1.252280 1.204132 0.837455 1.154968 1.026431 1.062263 1.004734 0.890721 1.189631 1.012411 1.035649 1.034316 1.143109 0.826770 1.079775 0.823289 1.179174 
1.157573 1.170880 1.257662 0.992276 0.855527 1.197099 0.953572 1.220649 0.812752 0.963095 1.234207 1.172832 1.022492 1.073529 0.910565 1.031726 1.154623 1.094577 
1.147682 0.872080 0.831669 1.058652 1.002509 0.928479 1.217759 0.943239 0.826915 0.940112 1.185856 0.811507 
1.257663 1.203681 0.897933 0.816177 1.206199 1.134195 1.230857 0.838458 1.041803 1.093858 0.930907 1.168033 0.964501 0.935547 0.828092 0.888514 1.184453 1.024537 0.852675 0.822723 1.061352 1.209069 1.093156 0.894470 1.092906 
0.814358 0.803399 1.190117 1.070378 0.799796 1.198446 0.927542 1.040121 1.062325 0.938787 1.014120 1.068437 1.117032 
0.879420 0.821507 1.069188 1.027246 0.954805 0.845035 0.855735 0.881810 0.995375 0.979213 0.961706 1.194712 1.170411 1.103462 1.165111 1.060759 1.012216 1.069429 0.847485 0.893974 1.116633 1.120217 0.911167 1.001696 0.795694 0.909518 0.958792 1.241688 0.916039 
0.901632 1.053227 0.908562 0.932588 1.083771 1.164757 1.228261 1.066026 1.201514 0.890475 0.812201 1.172834 0.969997 1.071311 1.071294 1.046448 1.096674 0.935500 0.972950 
1.223050 0.809718 1.053344 1.207111 1.239329 1.200217 1.110888 1.141441 0.807509 0.829457 0.829212 1.145377 0.877375 0.974693 1.036720 0.940555 0.802076 1.256162 1.043172 0.909292 0.996946 1.094104 1.173597 0.813863 1.206707 0.980172 
0.820863 0.941052 0.997477 0.818795 0.858548 0.810891 1.197056 1.099311 0.870085 1.135684 1.020641 1.049664 1.154967 1.054503 1.175521 0.976998 0.912489 
0.998593 0.937487 1.120617 0.896609 0.799504 1.101403 0.876380 0.809658 1.155631 1.129344 0.971173 1.184377 1.184084 0.994716 0.968041 
1.007089 1.061800 0.847416 1.169607 1.101922 0.894764 0.852873 0.973489 0.940095 1.237259 0.856671 1.053332 0.870210 0.796274 
0.879141 0.968446 1.129729 0.822830 0.920572 0.908527 0.815356 0.862583 1.098263 1.030715 0.883897 1.035608 1.217553 1.082902 1.097706 1.093381 0.983573 0.928057 
1.138381 0.917946 0.853704 1.085284 1.117208 0.816594 1.214514 1.043619 0.986600 1.078780 1.047641 0.852808 1.046113 0.978220 1.209229 0.828632 1.099749 1.098122 0.917386 1.052176 0.979946 
0.922822 0.953587 0.928433 1.181046 1.040247 1.032543 0.894482 0.805319 1.105749 1.166214 0.800554 0.865680 0.846969 0.950864 1.004104 1.071859 0.924339 1.036578 0.922070 1.238192 1.154333 1.222774 0.902075 0.819430 0.998017 0.832983 1.060709 0.965632 1.258003 1.172818 1.114796 
0.926763 1.086070 1.142639 0.839315 1.133703 0.959617 1.005975 0.853748 1.215968 1.014765 0.968628 0.986051 1.252073 1.038086 0.998870 0.795482 0.933951 1.079054 0.822615 
1.241307 0.952497 1.142645 0.839947 1.055888 0.797712 1.137424 1.088055 1.030383 1.038064 1.086396 0.825652 0.950100 1.121182 1.088781 0.822636 1.036020 1.170020 0.863045 1.086673 1.001255 1.001701 1.112353 
1.103714 1.083046 0.907359 0.799933 0.801437 0.865097 0.868911 0.890560 1.201979 0.903621 0.922155 1.187382 1.094826 1.080139 1.196685 0.859633 1.233192 0.964342 0.913107 0.952787 0.954873 0.963207 1.173775 1.002843 1.055420 1.041765 1.027216 0.803118 1.184155 
0.858551 1.207606 1.165915 0.906156 0.826371 0.960527 0.803386 0.941106 1.225706 0.900387 0.978426 0.982610 0.874811 0.903829 1.076370 0.979351 1.109955 0.816468 1.158877 1.016873 0.963934 0.985460 0.932011 0.973394 0.880434 1.181849 0.877539 1.053927 0.959772 1.130897 
0.837109 1.189723 1.021664 0.920573 0.982111 0.805746 1.177227 0.972282 1.122754 0.962183 0.979999 0.903878 0.860440 0.986681 0.886319 1.085584 0.807869 1.110766 
0.818466 0.914396 0.949168 1.232573 0.925020 0.848023 1.097552 1.216470 0.817459 0.873544 1.055150 0.935888 0.810410 0.799219 0.962840 0.830387 0.986665 0.946338 1.150078 1.078504 0.879407 1.128163 
0.795574 0.977038 1.141102 1.211209 0.936342 1.103899 1.046990 1.047620 0.886890 0.957994 1.240227 1.208442 0.921727 0.883086 0.842893 1.095188 
1.220006 0.913706 0.869871 1.233616 0.905211 0.887067 1.120126 1.021826 1.006062 1.239769 0.881579 1.194733 0.803922 1.071281 1.206199 1.156046 1.166079 1.191311 1.247444 
0.974924 1.053435 1.063185 0.794841 0.959831 1.005559 1.139827 1.051490 0.990468 1.207228 1.100693 0.817788 1.151407 0.812869 1.086277 1.233212 0.895728 1.129275 0.928200 0.849229 1.122537 1.238146 1.091098 1.154235 1.064830 1.209152 1.108470 1.239239 0.826659 0.914434 1.168189 0.905198 1.052336 0.915147 
0.813918 1.115281 1.199362 1.172475 0.944069 1.187072 1.038036 0.794352 1.167582 1.035053 0.980016 0.830171 
0.904918 1.224264 1.191002 0.827989 0.809353 0.965935 1.023288 1.103561 
1.197984 0.891227 1.254108 1.167898 0.938143 1.036178 
1.070795 1.065090 1.229781 1.051196 1.111045 1.225644 0.991639 1.119393 1.045494 0.973895 0.809678 1.213460 0.877090 1.032033 0.939029 1.001021 1.007740 1.166061 0.798032 1.256307 0.890848 
