1.759717 31.039377 1.155838 0.035796 11.198780 1.345684 1.737697 0.333833 1.028691 13.037110 0.055351 0.375555 1.438787 6.947608 0.103688 8.462119 0.501803 0.798544 2.243724 
0.308337 0.225400 3.234288 0.041494 0.061374 3.982002 0.673401 0.509878 1.179108 3.301009 1.165298 0.656655 0.431897 0.144793 39.205267 0.805766 1.367937 1.263985 5.342598 9.091265 
6.534460 25.981503 0.038791 3.821250 1.655239 0.992862 8.285010 2.393677 2.144023 0.501611 0.910900 0.180751 4.174040 2.460945 9.542893 34.254604 0.112741 123.583082 0.141109 0.039939 
4.746949 0.353540 11.596900 36.069675 20.405808 0.037051 10.384156 0.948325 5.806132 0.018977 8.829533 0.147064 5.005713 3.551360 7.892344 0.067909 29.058577 0.037019 
8.111541 4.629080 0.310391 0.915593 0.334311 7.819568 0.331792 0.268932 4.647104 0.324739 0.400204 4.711403 22.254351 15.527018 0.063242 1.150318 0.270635 0.014880 
15.384956 0.653753 20.786385 0.032840 0.141314 21.563706 13.907305 0.205304 0.034594 5.124864 0.259619 1.655156 0.571863 0.124417 0.734326 0.060253 
12.131475 1.681566 0.155127 0.033445 0.092077 0.470474 0.042509 0.369436 0.105255 3.235316 2.835345 0.049039 0.354950 0.028852 0.177618 3.457000 0.113426 
0.053000 0.464067 0.366846 0.344041 0.014427 0.108385 0.124899 6.710182 10.224704 0.103598 0.016658 2.051393 0.322486 24.545269 4.916831 5.337669 0.090990 1.185108 2.730960 21.850067 3.630964 9.288396 50.218909 0.013152 
217.968166 11.985055 0.383461 7.623813 0.172267 1.115048 1.326467 163.119358 235.068067 0.298236 1.949607 66.800808 0.471760 6.807217 
0.025729 0.028643 0.474581 143.028844 2.748020 3.447476 14.862121 0.050930 2.739620 1.135163 2.740153 
0.274039 12.878739 0.212564 1.008245 42.096366 0.441918 1.444111 1.400965 0.126430 0.035245 0.287181 
4.255392 3.740681 14.860240 0.184401 7.489661 0.021802 0.040033 0.026347 0.022837 0.227437 0.227121 3.599849 0.250896 0.804056 63.158137 
0.117439 0.176275 0.167709 3.756829 0.092593 0.437045 0.762173 0.425385 0.854587 0.198769 18.394214 0.279793 0.369318 0.143439 2.105086 0.308274 0.880582 2.189076 1.205192 0.023354 0.052315 0.089840 0.230953 
0.249101 5.692637 4.110357 0.123903 0.036277 2.331035 0.513414 3.267434 0.263315 0.473468 11.890409 130.833346 0.222650 0.037426 12.998251 0.404180 0.087511 0.078862 0.801437 12.222645 0.042945 0.662897 0.073270 0.333098 0.409909 57.948262 
0.038418 0.077526 6.729310 1.247765 0.285660 0.655812 11.366579 1.065444 0.236956 1.070406 1.348382 5.522978 10.809743 19.948681 0.046578 0.992148 67.872758 4.421808 13.892557 0.229379 0.999577 0.260761 27.915702 96.606566 0.294967 
17.902704 44.299837 2.661499 3.750149 4.315825 35.225414 1.226597 1.879904 8.712883 0.225333 0.059520 4.896812 3.096248 0.855755 0.052569 0.055100 0.055163 0.537661 0.219059 0.066975 0.408827 0.325291 1.276897 0.272173 0.061620 0.008543 0.219039 0.240665 0.526362 0.215131 0.080200 0.519402 43.939143 0.713519 0.293977 1.292477 
3.465625 0.105714 4.306301 0.795737 0.158271 0.049432 0.057078 0.018542 0.066197 0.613010 1.353210 0.676721 3.817077 0.313099 0.230751 6.993506 4.039847 3.354546 0.027436 0.152349 1.986030 0.063409 6.622560 0.374439 0.363560 
0.204663 1.084267 26.158330 0.531707 2.909355 5.312132 0.600176 1.549694 5.214253 5.775338 11.618513 0.802968 0.737864 10.773143 
46.196188 1.224036 1.179946 12.210206 0.103062 0.076495 1.888300 0.012064 0.129899 0.443841 1.325091 0.571923 0.090589 0.277021 2.082265 11.584959 2.113664 1.998586 0.464451 7.192372 4.055011 
55.998195 7.833963 0.971869 0.129954 1.768951 4.078640 23.502924 3.097207 6.730145 0.020234 5.889457 0.592107 0.027861 0.050789 2.551990 0.059384 
10.584840 0.271456 0.002579 1.271280 14.635558 5.754690 0.449982 5.729949 1.085815 0.004148 0.124950 5.829967 3.959640 0.075809 0.055831 0.063206 0.008744 13.246538 1.047444 
1.994916 0.649513 4.395101 112.214146 1.424297 17.330397 0.198246 31.176641 0.305125 0.258397 0.356590 5.093734 0.616607 0.045917 6.241247 0.020286 0.347323 5.118740 0.222499 0.436888 
4.162005 66.674853 3.832061 0.131671 47.915290 0.628874 27.771794 0.325011 7.243259 0.032427 0.231915 12.230961 0.092257 0.330780 1.466780 3.180334 7.485134 0.368713 1.391867 4.625322 0.326702 0.687241 11.321618 0.023983 2.947668 5.869605 
0.019796 0.237766 0.339278 0.581174 1.065556 0.532607 0.204827 11.879987 0.120775 0.234154 1.629759 21.817203 8.495959 0.172807 0.125615 1.450196 35.899279 1.151862 0.058999 2.697457 22.364120 5.088948 99.269110 35.036819 0.261574 36.699157 
0.023981 8.269130 0.033088 0.083451 0.115990 0.469562 0.025486 2.536064 0.030037 0.389658 0.008482 3.939613 0.264759 0.681564 0.089821 17.296765 6.786547 0.268157 0.034924 1.272582 6.090265 6.710963 
11.427723 0.185625 57.563098 3.780303 2.717047 24.634338 0.117081 1.215186 0.162029 0.080756 2.545714 1.416129 19.426152 0.404582 
0.386355 110.572756 0.934832 0.955854 6.842458 14.826575 2.104863 0.110858 15.235511 0.046463 0.119505 61.930129 0.915130 0.199376 0.049756 0.022450 13.069735 
0.078728 2.735979 24.975403 0.110740 14.862973 0.034463 0.644241 46.884999 49.530772 2.176951 6.497731 7.006920 
5.324856 0.661589 4.748144 0.066906 12.423291 0.033941 0.148411 1.019491 1.532046 0.937529 22.219251 0.388217 2.257349 0.719425 0.016606 0.259644 0.023855 0.028334 3.154892 0.260486 4.166579 0.014853 
2.438250 6.016555 0.555519 4.852667 8.788847 0.175182 39.740043 1.098814 2.482153 0.083344 0.271765 0.114901 2.358531 2.958686 0.043787 0.405462 0.058272 0.066742 
0.126598 0.441104 0.034805 0.260117 1.047735 0.133811 0.048496 11.767639 0.320196 0.204672 0.499352 0.221166 1.250120 21.574023 0.162944 9.606613 5.317953 0.072171 0.152214 0.158920 1.849071 0.183504 0.089335 0.015153 0.065585 13.493308 0.364306 0.228544 3.670556 1.366637 0.177454 0.769204 0.329160 
0.042179 0.373167 0.261741 0.585035 0.270634 1.071748 0.313312 5.256370 18.720277 11.207281 2.521895 6.730613 31.210965 0.852566 0.127047 0.548824 0.299041 18.390227 0.256385 0.249808 4.637601 0.143707 2.474132 0.450553 0.078110 19.121310 0.027811 0.371960 0.066348 2.704124 
0.126195 23.225884 0.107125 0.118747 0.016985 0.182699 0.993848 3.195745 2.226289 0.200971 107.844687 0.242000 4.350619 0.025190 0.468380 0.547274 1.671255 0.352352 7.461011 0.149680 5.841040 0.033730 32.274061 24.457535 119.597618 0.059127 0.139129 0.050426 2.241148 
6.851377 21.198648 1.236965 1.670484 0.093395 0.797532 2.412809 9.079045 0.080012 9.902337 0.055975 0.301254 0.054504 9.902050 0.722661 14.262782 3.750808 0.045406 0.047175 1.801732 0.608552 7.042653 0.116717 0.557265 0.017645 0.661418 1.133822 3.054680 1.061461 0.506882 
0.069464 8.137711 0.888266 30.959596 2.059820 0.149955 0.508473 1.251881 0.119367 0.112999 19.168510 12.167778 14.843949 12.672092 0.009338 0.010161 0.021872 
0.392502 0.214831 134.178930 3.578978 0.416252 0.151197 4.206876 13.383747 0.032886 0.650998 46.860299 0.032437 65.912918 2.764839 67.644764 3.021831 0.118249 0.320043 
0.196507 0.745909 0.179758 14.552593 0.014504 0.076875 0.403343 0.410128 1.556761 0.284416 12.854016 3.401202 1.709371 5.269344 1.604994 0.227716 0.620985 0.115380 0.527430 3.927237 0.847909 0.086470 
1.537624 13.538162 7.339560 34.060349 0.040582 14.985079 0.257253 0.824030 0.658297 12.857513 3.069135 5.333268 0.083352 7.385860 0.158323 0.566244 4.744443 114.054901 0.544122 0.204686 0.188152 0.039106 1.262433 
15.057801 30.094943 1.716661 0.057249 11.142444 2.188753 1.406074 2.812409 4.700293 1.125288 11.677338 0.135053 0.136004 10.847257 0.297067 10.428769 0.562713 2.438197 20.333208 0.053492 0.059945 1.733181 150.779856 2.381676 0.239568 
0.092827 0.111118 0.162263 0.011650 0.396427 0.005593 0.023326 2.083649 7.893863 8.280107 0.517507 0.030504 0.083465 10.238188 0.035466 0.217080 0.019463 0.032018 2.480357 0.149501 0.154703 0.005263 0.037344 0.075683 19.502159 0.015413 0.653452 4.443655 1.143240 4.055541 1.212414 0.097559 4.187162 1.253461 
5.020438 0.460355 14.097939 0.065902 8.850213 118.256156 0.118592 0.326573 72.236374 39.917820 1.348241 0.060587 0.313294 0.048778 34.060177 0.080712 17.761303 0.124207 38.903598 0.508154 0.128897 34.063336 3.125621 7.930339 0.076088 7.802056 
0.038910 0.033557 0.346030 0.053290 5.248634 10.585942 0.026323 1.822539 17.866559 0.859598 6.707994 1.986890 0.424836 0.912169 0.101923 0.578563 
0.112272 0.131313 0.035127 0.017163 0.009558 10.251079 0.049650 0.141905 0.422924 8.795423 0.047723 2.963672 0.147499 0.738121 0.580555 0.109075 1.286409 2.101838 
8.058132 0.034573 0.021283 5.514696 0.004392 0.033657 9.138382 8.586025 0.126223 
0.265340 0.530388 0.021180 0.263494 0.918498 0.013210 1.590984 0.059282 1.335734 2.498090 0.021069 9.879388 5.889015 2.710991 15.926604 0.548255 3.766686 
0.617358 0.234664 3.349453 0.601878 3.669083 0.089634 45.326758 1.114892 0.381227 2.561708 24.396981 0.023712 8.520459 0.619983 
0.235658 8.785534 0.178427 2.236474 9.967497 0.237407 0.017057 11.786391 3.407588 5.812026 0.038270 0.703967 10.477671 15.108679 0.314157 0.062969 0.178012 11.613977 0.018486 8.129232 0.080043 14.747836 0.194679 3.417705 0.323725 1.902875 26.100903 
3.143666 1.703592 2.096766 1.433221 1.113671 13.429127 9.317950 0.605298 0.939410 1.122105 0.823254 0.035717 0.385558 0.238231 0.626586 8.177859 0.049257 32.184503 0.874353 3.817040 1.525249 0.597842 1.272817 16.558875 
0.670717 1.255298 17.782501 0.272233 0.019641 0.160389 0.344980 5.482688 31.494548 0.364009 18.128532 0.010188 0.114823 0.488863 0.344656 0.078500 0.155563 0.086493 1.271416 1.311897 5.826160 0.377694 0.151138 1.470215 5.999941 0.889781 
0.033803 0.045299 2.504553 36.545523 32.068899 25.966291 45.144132 0.565057 5.437917 21.662784 0.059734 18.185543 8.892689 
0.149514 0.136912 95.398064 0.057274 94.873653 16.175521 0.595142 13.942521 0.093187 1.314984 34.118746 0.137833 
0.437200 2.157004 0.122273 6.856795 8.773897 1.146869 7.617607 1.246746 0.125586 0.074892 0.116565 10.700033 12.249582 0.049123 2.623488 11.984597 0.138661 142.909096 31.206008 77.312983 0.210089 0.070433 13.480771 55.584565 
0.692731 6.155753 0.144586 0.282807 0.023642 0.250668 5.564273 0.114903 0.022681 0.251147 0.232594 0.228716 0.199907 0.097086 0.277543 0.009823 10.549864 0.450914 0.554747 0.170375 0.586965 1.602636 0.317732 
0.120550 5.316807 0.271887 6.429493 0.026373 4.694226 0.725463 0.577440 9.330487 0.584421 0.402686 2.174959 5.680999 0.934867 0.078074 134.499852 0.180746 2.272861 0.646896 
0.468031 5.389716 6.406255 36.933838 6.286833 0.270407 2.865842 0.095139 0.024096 11.477208 0.051989 0.024396 1.583910 0.070382 2.379180 0.492967 
12.128933 2.531725 0.296268 1.088942 83.732452 0.275204 0.238518 0.161674 13.383575 1.477353 0.729340 0.043986 0.148264 1.621179 
12.489476 0.108952 0.065333 0.169871 2.610025 0.261495 0.977238 7.455944 3.574446 10.223054 1.105481 0.145542 0.419349 2.331976 0.748455 0.163943 
0.938315 41.343997 2.730851 0.017205 5.810976 0.066638 0.227410 0.150559 0.031676 1.122817 62.772324 5.492706 0.064294 0.187465 57.244414 0.371938 0.131542 5.425588 
2.277425 0.505939 23.022179 0.387652 1.360587 0.192749 0.226992 4.335086 10.872714 0.096930 0.779839 0.247148 0.024456 0.628380 9.982246 0.139721 28.773783 0.197292 0.728792 0.170172 26.126687 1.863897 0.010617 0.382820 2.539669 
0.128367 0.074499 1.365999 0.059855 0.113023 39.684639 2.173804 0.362618 1.147181 0.918877 4.861169 45.027371 140.966123 42.291027 0.134855 3.485280 2.465041 34.520844 0.253860 1.027143 0.226692 
15.725466 2.171103 0.442041 2.911236 8.112923 0.037892 0.103399 0.341408 3.845551 1.253045 2.992642 0.822783 0.496706 25.396367 17.152189 0.152977 0.051392 1.589483 18.175787 0.069048 0.240176 
0.650348 9.199112 0.526681 0.278706 50.270121 2.502867 0.805196 11.045832 21.536947 0.047935 1.594958 4.485509 2.872247 0.048212 0.487323 
0.020756 0.023450 0.250029 0.183417 0.311285 1.789823 1.416775 0.250528 0.053693 4.618280 0.352310 0.038150 25.582724 12.373860 2.966666 6.312319 0.726504 4.707925 5.368822 0.244766 1.134181 2.519811 43.568149 0.160255 0.151299 0.011082 
0.464860 0.041036 0.390314 0.006369 11.928051 0.101041 0.044273 0.101237 4.155410 0.244999 0.076902 0.421057 0.751336 12.496688 0.122647 0.162708 0.035419 2.273900 0.617942 12.648027 2.898920 0.021333 16.143459 0.642234 0.255668 
10.126511 14.469303 1.760708 0.702214 46.812735 114.368661 0.131087 0.961677 4.554240 42.198081 0.183168 2.729757 0.207076 1.035739 5.495115 1.638424 16.792492 74.767639 34.042997 92.225787 0.945234 128.890435 
0.254545 0.772570 4.692405 6.915003 0.271303 21.394669 1.262282 2.289022 0.455465 11.999527 10.383699 
2.744071 0.119004 0.274611 0.015310 0.280648 6.517636 4.635601 0.918155 100.092390 1.515881 3.346474 0.123827 3.286854 
0.239978 0.571037 10.986299 0.646880 0.067479 2.302216 1.105565 0.350184 8.576065 0.264153 0.456317 0.095678 0.271410 0.403644 0.549410 0.013964 28.246945 7.148746 0.266595 
0.109160 0.210456 0.206206 5.100701 0.243344 1.834051 23.299906 1.957192 0.743035 0.069474 0.046681 0.775268 3.346964 1.316569 2.483243 1.124869 2.117193 1.499940 2.509657 0.144463 3.382018 0.712153 0.863054 8.062130 1.583216 
12.516805 1.352355 4.968803 4.381057 0.151383 1.625893 0.545280 7.805271 6.034779 1.286899 27.390740 1.227276 2.443215 0.317304 6.596998 0.699247 0.298373 0.087704 0.036939 0.298024 6.614232 0.065046 0.123641 0.041579 3.162834 0.685989 0.134371 1.466288 0.455752 0.203348 0.143271 3.132103 5.466440 0.228895 0.292249 4.297998 
0.535593 0.886788 0.636319 0.407043 0.497047 0.035031 0.117538 8.922833 0.065353 0.243613 1.310290 12.434525 4.989842 5.533629 0.557895 1.455180 16.452578 1.735091 0.022957 0.168100 0.331291 2.148968 0.191799 0.011777 0.903289 0.183319 0.470151 2.814250 
3.443773 3.557810 0.267494 0.418196 0.738084 13.577121 4.284177 1.958084 0.950620 1.937257 0.551483 0.470864 0.060353 0.785167 27.172433 20.329377 52.213004 5.338750 0.312945 0.496369 1.368813 0.387018 
0.155139 15.459875 0.151839 0.035807 0.621824 0.585010 6.785637 0.247233 0.772685 0.111089 1.624515 0.066820 10.179116 0.417816 0.041525 0.144212 4.839830 0.510135 0.505382 0.061106 0.022961 0.024650 0.359656 0.298909 12.468453 
0.038366 0.280162 0.017626 0.655043 4.898411 0.392035 0.247229 4.354922 13.752906 17.029511 0.124221 0.207525 12.279647 3.778691 0.415389 7.947503 11.935320 0.040227 0.182674 2.497043 1.448419 0.008762 2.882542 
60.468677 0.167039 0.438606 0.063139 0.051554 0.092068 1.007756 28.959510 0.040245 0.461940 0.074956 0.246968 11.313882 0.163498 0.632817 0.287325 0.187026 10.927616 6.055531 0.172195 1.901832 15.274295 52.801712 1.434952 0.032528 0.080931 0.094879 3.207819 26.659423 1.111087 4.220640 
50.534596 0.979636 9.617096 1.235511 0.547422 1.904949 8.802489 1.238085 0.466782 0.320742 2.363765 9.210401 1.373869 22.998982 3.333122 0.354917 1.136385 27.025754 6.815412 6.819030 0.180633 0.915792 0.093212 0.455679 2.129317 1.470031 1.029346 0.241827 0.315104 0.065422 1.498366 0.042657 0.414831 0.886468 6.097135 
262.997372 1.166349 11.512854 0.065321 8.531639 15.502330 0.227788 7.948262 19.056637 9.489954 1.191800 0.610304 2.561648 
0.509107 113.635494 0.051637 5.861870 3.636121 
0.015860 0.148773 1.553251 0.055466 0.048523 0.145636 13.878562 2.656061 0.034685 0.821819 0.609208 18.522098 31.870640 1.293767 2.941297 0.063656 11.802961 13.772977 1.099062 1.029017 0.011776 0.010108 3.260335 0.159489 11.067455 0.379412 
0.002914 0.766079 14.418963 3.625610 0.219215 0.188822 0.067785 9.910786 0.374795 10.984444 0.942766 3.203553 0.029108 0.027658 0.008787 
36.872831 5.697212 5.774886 0.403788 0.328574 1.415350 0.028147 20.361818 0.069787 0.616115 0.054129 0.020116 19.237444 0.287979 0.123497 7.769783 7.921467 1.902455 0.295906 0.246309 0.060286 0.039108 0.140723 0.038914 1.711495 0.222842 0.104176 3.391023 0.684767 0.006485 
1.514252 10.585709 0.158815 0.137601 13.385287 15.293015 0.436056 0.899967 0.058113 0.067499 0.006759 0.125602 0.664279 0.033907 2.157512 7.700328 28.610936 0.618772 0.062429 2.656211 18.122035 0.188054 10.347958 
0.086380 30.863015 0.251872 0.034637 0.234816 6.097932 7.372677 3.612673 0.761021 0.019454 13.828088 0.184348 1.504551 0.660105 0.048745 11.542225 0.598927 0.129905 0.287057 0.579085 0.698963 0.202518 0.095622 
0.072701 3.425263 0.274814 0.243844 5.191405 15.318550 0.438141 8.114475 1.595442 0.188592 2.700798 0.058585 0.047641 1.569987 0.211187 0.113179 0.003512 19.351322 2.444876 0.784195 3.263861 0.236889 1.615441 0.882306 0.280093 
8.326046 0.425802 6.030604 23.807141 2.929654 1.110370 0.073650 2.774450 0.024618 1.805159 0.113059 0.753806 
0.115344 0.150001 4.749105 0.225555 20.213876 2.313017 0.619110 33.777018 0.134844 0.988902 0.170721 0.031173 0.192117 1.337276 0.486208 3.581501 0.049523 1.172093 0.025029 0.411194 0.057085 0.121227 0.488445 2.450882 0.316756 0.606858 7.955624 0.495464 0.700103 
1.551827 0.233495 0.621027 0.575709 34.584782 0.939492 0.756519 19.228539 3.514841 1.017678 1.974596 19.924361 0.119605 109.767626 0.030596 2.177255 0.277750 0.066640 0.220139 0.089825 1.956405 0.158076 
3.294370 2.236937 0.071879 0.411853 5.941237 0.257814 0.929317 0.847424 0.129465 0.303919 61.931953 0.146177 0.090858 0.144838 0.180119 1.234184 0.059367 2.611529 8.105495 0.066521 4.186945 1.038033 0.908239 2.457831 0.438158 21.532558 0.021122 3.518452 16.872408 4.385894 0.124645 
0.094078 0.529882 0.141323 5.150792 0.378530 0.012825 1.235575 0.357621 0.007035 0.013239 5.960316 5.253806 0.009211 0.159355 0.852306 3.440829 0.057948 3.456348 0.085865 7.178581 4.151230 
0.063953 0.444868 4.123467 31.871547 4.462975 1.689694 0.229597 0.468670 1.854667 5.312314 0.480338 23.894328 0.672927 0.052900 0.222201 6.844536 0.182399 0.037211 3.311012 6.411079 2.000407 0.625774 2.125893 0.477998 9.739056 0.116024 1.140383 40.280064 0.452224 2.625348 6.562551 
0.937001 0.040928 0.044073 0.638855 1.428166 9.633289 7.581009 0.196424 44.884545 4.966134 0.838356 0.135238 0.036728 4.182879 0.077481 0.268919 0.188842 0.006905 1.417932 6.182109 
0.107934 0.032779 0.214360 4.535909 3.454235 0.091544 2.929716 0.565685 6.289645 1.303566 2.896969 0.337219 0.166236 1.136058 3.192596 0.304174 
0.093069 7.472022 0.257191 1.054554 2.530960 0.124331 0.138892 0.382899 2.972321 2.034770 0.720653 0.087659 2.347444 0.810711 29.530282 0.142163 0.015184 2.869604 0.125823 
1.420537 0.116699 1.166087 0.289549 3.020762 2.406675 4.383306 1.617156 10.153200 0.342715 27.083613 1.281393 1.801422 13.347058 1.735345 0.869999 0.109660 28.640901 0.327252 4.754402 0.018260 8.394822 0.199476 73.176758 1.738657 6.692485 0.081447 12.193134 
0.049965 20.635027 16.677418 1.827971 69.376118 0.513950 1.607597 0.028233 28.525840 0.047501 0.024935 0.045033 0.884622 1.328115 0.052337 6.241988 21.006756 2.338491 
2.123518 2.293948 12.170031 0.043816 0.018825 6.159270 0.011931 4.303578 0.055896 21.280170 2.155427 0.037129 2.524066 26.865579 19.777575 0.012318 
4.500358 3.173146 0.337061 0.243663 1.124885 0.850615 6.368952 0.243242 0.279805 0.012662 0.783982 0.524253 6.010747 0.563095 1.501131 0.315454 2.265383 1.054935 0.235018 0.147967 3.734728 0.160735 0.250278 0.483672 0.283255 1.175700 0.284024 1.563083 17.744257 27.576624 0.522661 1.264013 7.613052 78.032887 0.249783 2.477846 0.058039 43.137833 1.110412 0.429229 
11.415238 11.805462 69.134978 2.128961 5.727125 0.575809 6.111397 20.350996 0.682677 175.899186 0.207405 0.270983 0.868539 4.395420 0.551049 0.680750 0.199020 5.607983 5.889272 10.125701 0.923487 178.911907 
0.217353 6.166085 0.076950 0.033985 0.525335 36.893087 1.120774 9.830949 0.070420 0.188942 0.170706 8.249471 0.286953 28.409196 0.478974 0.068479 9.288422 
21.583074 0.192179 2.237431 1.310644 0.078835 7.892834 0.029984 0.214923 0.136170 0.717580 0.778772 0.029685 14.177623 3.056046 0.100686 0.147292 1.168582 
