-116.238576 -116.248913 -116.251608 -116.225602 -116.218404 -116.205371 -116.248822 -116.212863 -116.251385 -116.249402 -116.245544 -116.246298 -116.206601 -116.235005 -116.254154 -116.213922 -116.253442 -116.252251 -116.249579 
-116.253835 -116.235418 -116.232868 -116.224884 -116.229812 -116.223319 -116.248980 -116.221730 -116.220149 -116.232820 -116.231728 -116.207819 -116.254582 -116.213010 -116.233202 -116.216276 -116.235485 -116.253055 -116.243169 -116.229499 
-116.237836 -116.236439 -116.214587 -116.208156 -116.219136 -116.230046 -116.227132 -116.246043 -116.249083 -116.231174 -116.250172 -116.231894 -116.257545 -116.258626 -116.236523 -116.259847 -116.213546 -116.259886 -116.238673 -116.250572 
-116.231596 -116.218904 -116.229557 -116.235472 -116.259270 -116.233168 -116.230327 -116.217564 -116.221189 -116.252930 -116.212660 -116.254229 -116.218933 -116.220108 -116.222149 -116.225867 -116.203506 -116.230626 
-116.245343 -116.254610 -116.257013 -116.254227 -116.222444 -116.220823 -116.217330 -116.252070 -116.224069 -116.203912 -116.223686 -116.258321 -116.258053 -116.220523 -116.246077 -116.214192 -116.219842 -116.259223 
-116.237979 -116.227955 -116.227555 -116.242838 -116.250834 -116.236228 -116.232235 -116.239408 -116.228910 -116.225684 -116.217501 -116.231545 -116.237804 -116.204200 -116.246942 -116.246376 
-116.242274 -116.227356 -116.242792 -116.217607 -116.254864 -116.216181 -116.259029 -116.233019 -116.216222 -116.233155 -116.232166 -116.247427 -116.209619 -116.236162 -116.202898 -116.254347 -116.252022 
-116.218322 -116.211685 -116.234360 -116.203212 -116.236229 -116.205415 -116.206192 -116.214817 -116.248122 -116.208438 -116.244413 -116.240432 -116.210690 -116.253609 -116.227730 -116.253023 -116.245346 -116.250249 -116.202576 -116.243693 -116.245106 -116.206528 -116.215813 -116.244957 
-116.254989 -116.235465 -116.222991 -116.237797 -116.241903 -116.244882 -116.234824 -116.231498 -116.233618 -116.222844 -116.229192 -116.208202 -116.259411 -116.245975 
-116.220614 -116.213029 -116.245705 -116.234200 -116.212334 -116.231392 -116.227735 -116.228504 -116.248143 -116.213287 -116.220484 
-116.216632 -116.244627 -116.231217 -116.229876 -116.242701 -116.246779 -116.257962 -116.248655 -116.249804 -116.209814 -116.208786 
-116.223665 -116.213696 -116.237801 -116.243483 -116.229548 -116.209432 -116.252126 -116.229734 -116.212689 -116.223771 -116.208722 -116.258041 -116.258255 -116.220859 -116.239107 
-116.212224 -116.256845 -116.256039 -116.233439 -116.221553 -116.253017 -116.227547 -116.224081 -116.221112 -116.215145 -116.226461 -116.260113 -116.212317 -116.231157 -116.232020 -116.203245 -116.213173 -116.257794 -116.239936 -116.238908 -116.228560 -116.225327 -116.211335 
-116.239715 -116.227617 -116.224006 -116.235502 -116.255622 -116.230793 -116.205833 -116.254704 -116.222357 -116.225246 -116.244843 -116.241298 -116.212345 -116.223230 -116.220858 -116.231761 -116.247183 -116.253571 -116.213708 -116.210341 -116.246984 -116.226120 -116.241602 -116.233232 -116.238238 -116.217443 
-116.236479 -116.222965 -116.215099 -116.224166 -116.217439 -116.218234 -116.233421 -116.214941 -116.255265 -116.242344 -116.218196 -116.230747 -116.214361 -116.228687 -116.243819 -116.202913 -116.212946 -116.214319 -116.254835 -116.253775 -116.217446 -116.208164 -116.212398 -116.209190 -116.224936 
-116.232354 -116.256189 -116.254670 -116.216092 -116.228690 -116.216216 -116.228325 -116.206231 -116.251554 -116.226819 -116.247542 -116.235971 -116.217895 -116.221069 -116.255761 -116.226177 -116.239985 -116.223539 -116.237890 -116.242947 -116.227438 -116.205879 -116.207608 -116.250655 -116.259920 -116.246419 -116.204188 -116.217270 -116.208734 -116.243547 -116.246856 -116.212450 -116.212701 -116.203818 -116.252430 -116.216591 
-116.217217 -116.218262 -116.237720 -116.217201 -116.225295 -116.244449 -116.222892 -116.226449 -116.239646 -116.215422 -116.206879 -116.256376 -116.237150 -116.239485 -116.248725 -116.237223 -116.210142 -116.237726 -116.209532 -116.253819 -116.248810 -116.202372 -116.225031 -116.222339 -116.220091 
-116.246659 -116.206940 -116.242063 -116.224032 -116.241053 -116.227536 -116.257179 -116.216419 -116.239264 -116.236571 -116.254617 -116.223978 -116.224533 -116.208839 
-116.215901 -116.225364 -116.233720 -116.240604 -116.242768 -116.254789 -116.243280 -116.249250 -116.217067 -116.220892 -116.206375 -116.206334 -116.229581 -116.240788 -116.255694 -116.231290 -116.224246 -116.216496 -116.227339 -116.236956 -116.215237 
-116.214368 -116.245427 -116.214624 -116.207436 -116.204824 -116.213261 -116.210802 -116.226738 -116.232457 -116.258904 -116.250662 -116.222318 -116.238238 -116.240818 -116.211751 -116.224593 
-116.236443 -116.251701 -116.232183 -116.211444 -116.252606 -116.204346 -116.203413 -116.230090 -116.251721 -116.217723 -116.234344 -116.236108 -116.218724 -116.239863 -116.216222 -116.229503 -116.239240 -116.235603 -116.244344 
-116.259821 -116.248270 -116.245816 -116.205063 -116.257548 -116.257857 -116.240193 -116.237310 -116.214804 -116.203748 -116.247512 -116.230391 -116.226645 -116.235484 -116.215151 -116.209278 -116.248383 -116.217936 -116.222219 -116.213379 
-116.208298 -116.203916 -116.203455 -116.247299 -116.233025 -116.237638 -116.212774 -116.208584 -116.256765 -116.225621 -116.246394 -116.248945 -116.207777 -116.242699 -116.251257 -116.220537 -116.231928 -116.205793 -116.215593 -116.211233 -116.209027 -116.205729 -116.256600 -116.229182 -116.251802 -116.249707 
-116.235900 -116.259842 -116.219360 -116.214797 -116.218588 -116.221519 -116.204811 -116.210607 -116.217797 -116.252148 -116.221044 -116.239197 -116.224179 -116.254107 -116.254122 -116.207148 -116.223020 -116.239880 -116.235531 -116.258620 -116.233693 -116.233734 -116.249283 -116.246975 -116.226705 -116.238447 
-116.211990 -116.233710 -116.239735 -116.253609 -116.256811 -116.233091 -116.243023 -116.202834 -116.247459 -116.253175 -116.250581 -116.202566 -116.254024 -116.203004 -116.245765 -116.226552 -116.235493 -116.225952 -116.249688 -116.224726 -116.229569 -116.215340 
-116.238915 -116.238284 -116.236303 -116.211026 -116.214404 -116.252532 -116.216758 -116.215675 -116.235923 -116.213190 -116.246182 -116.209714 -116.251042 -116.255270 
-116.240703 -116.203650 -116.214889 -116.259436 -116.232183 -116.241731 -116.215570 -116.238010 -116.241168 -116.212729 -116.215821 -116.227963 -116.258519 -116.229542 -116.241342 -116.203616 -116.226031 
-116.247700 -116.210089 -116.229582 -116.215053 -116.237948 -116.228437 -116.225812 -116.250527 -116.213428 -116.204265 -116.249283 -116.249431 
-116.232733 -116.254886 -116.224472 -116.204246 -116.255489 -116.242052 -116.232319 -116.222181 -116.210251 -116.243559 -116.236344 -116.244219 -116.234522 -116.251483 -116.220899 -116.259338 -116.257594 -116.212697 -116.240768 -116.203075 -116.224316 -116.242563 
-116.208441 -116.217861 -116.215255 -116.225680 -116.239013 -116.231773 -116.202629 -116.219878 -116.252420 -116.205859 -116.242491 -116.226416 -116.240686 -116.206841 -116.258719 -116.248254 -116.222592 -116.225033 
-116.216694 -116.225827 -116.221873 -116.244311 -116.238093 -116.209710 -116.247785 -116.235925 -116.248631 -116.206493 -116.244391 -116.256719 -116.206462 -116.238776 -116.258704 -116.235911 -116.221698 -116.237317 -116.231966 -116.218298 -116.236110 -116.242802 -116.203110 -116.248776 -116.253719 -116.236278 -116.248758 -116.234510 -116.222348 -116.248554 -116.206675 -116.249922 -116.210182 
-116.238935 -116.234099 -116.250939 -116.238184 -116.222213 -116.216637 -116.246233 -116.256007 -116.230163 -116.246088 -116.215999 -116.230254 -116.210300 -116.225068 -116.236755 -116.213277 -116.245006 -116.250730 -116.217784 -116.218863 -116.260102 -116.258367 -116.230354 -116.213908 -116.249577 -116.210176 -116.258234 -116.258150 -116.245754 -116.244757 
-116.230685 -116.254971 -116.202644 -116.246823 -116.211047 -116.251593 -116.259747 -116.225694 -116.217424 -116.253823 -116.256911 -116.247190 -116.212856 -116.250931 -116.210792 -116.233575 -116.206659 -116.222416 -116.228119 -116.226692 -116.227827 -116.221006 -116.204736 -116.256117 -116.207147 -116.223990 -116.205570 -116.211006 -116.226087 
-116.252916 -116.225704 -116.210608 -116.234467 -116.233338 -116.245679 -116.253333 -116.246827 -116.227536 -116.211121 -116.256979 -116.251433 -116.235762 -116.235387 -116.245325 -116.242079 -116.203882 -116.259571 -116.223497 -116.248612 -116.236420 -116.221727 -116.211581 -116.210447 -116.216358 -116.222748 -116.248690 -116.258136 -116.247150 -116.232717 
-116.240244 -116.234591 -116.213821 -116.211893 -116.224055 -116.229296 -116.251037 -116.223033 -116.229685 -116.242625 -116.234501 -116.204380 -116.256637 -116.243414 -116.215361 -116.241305 -116.252323 
-116.257966 -116.225622 -116.206486 -116.207353 -116.245079 -116.215406 -116.227433 -116.207850 -116.257702 -116.231380 -116.237728 -116.257601 -116.210852 -116.225462 -116.228062 -116.203417 -116.206236 -116.244419 
-116.256675 -116.257745 -116.204904 -116.231556 -116.247702 -116.240091 -116.242317 -116.229623 -116.258687 -116.220371 -116.234494 -116.210534 -116.221646 -116.212025 -116.209312 -116.220454 -116.215708 -116.221188 -116.235233 -116.208115 -116.254421 -116.231528 
-116.203605 -116.215835 -116.204976 -116.226123 -116.246389 -116.207273 -116.237410 -116.231662 -116.244674 -116.235500 -116.253944 -116.256463 -116.258273 -116.248880 -116.241846 -116.244639 -116.232795 -116.238773 -116.255984 -116.234270 -116.250567 -116.246781 -116.210114 
-116.205172 -116.234860 -116.245813 -116.252666 -116.255966 -116.250990 -116.220349 -116.259071 -116.215616 -116.207747 -116.211719 -116.220395 -116.254648 -116.210934 -116.206029 -116.243009 -116.236453 -116.255711 -116.225539 -116.228071 -116.238254 -116.245395 -116.225522 -116.254303 -116.252098 
-116.257537 -116.232844 -116.208598 -116.234995 -116.220568 -116.257059 -116.240648 -116.256250 -116.231171 -116.206862 -116.209312 -116.231962 -116.255163 -116.206000 -116.213654 -116.205185 -116.253276 -116.218584 -116.258516 -116.215447 -116.214862 -116.253235 -116.221358 -116.221152 -116.206404 -116.244205 -116.207238 -116.219879 -116.233565 -116.242606 -116.252169 -116.227481 -116.226583 -116.259112 
-116.216971 -116.210102 -116.238666 -116.245411 -116.210664 -116.251029 -116.218857 -116.257861 -116.211361 -116.232402 -116.205063 -116.251393 -116.214971 -116.219621 -116.227180 -116.207353 -116.204313 -116.207403 -116.206427 -116.249143 -116.234327 -116.259174 -116.251158 -116.207743 -116.209211 -116.251959 
-116.219362 -116.238093 -116.221423 -116.255859 -116.221655 -116.228371 -116.223121 -116.236102 -116.255208 -116.215923 -116.241118 -116.213101 -116.244797 -116.208720 -116.256689 -116.248459 
-116.258649 -116.202740 -116.234970 -116.246380 -116.242912 -116.230078 -116.240692 -116.227551 -116.213443 -116.232813 -116.205193 -116.245950 -116.245516 -116.258902 -116.237632 -116.226355 -116.226760 -116.220585 
-116.224185 -116.233761 -116.203369 -116.232716 -116.223012 -116.259732 -116.231792 -116.230466 -116.228529 
-116.236978 -116.218337 -116.215955 -116.247500 -116.230419 -116.252901 -116.224764 -116.227574 -116.220769 -116.225755 -116.243695 -116.227481 -116.242045 -116.251690 -116.256233 -116.249833 -116.252346 
-116.251118 -116.245802 -116.205686 -116.231810 -116.203260 -116.206989 -116.220909 -116.220724 -116.225024 -116.237785 -116.250837 -116.207563 -116.235525 -116.212434 
-116.228470 -116.256403 -116.210572 -116.207727 -116.208980 -116.239596 -116.225709 -116.241493 -116.230817 -116.214470 -116.254089 -116.205996 -116.203618 -116.237894 -116.234987 -116.239610 -116.247107 -116.252212 -116.223726 -116.226226 -116.252768 -116.245439 -116.257646 -116.238094 -116.219921 -116.211098 -116.222179 
-116.230962 -116.241765 -116.246231 -116.231710 -116.220682 -116.239175 -116.258537 -116.249519 -116.227837 -116.227582 -116.243937 -116.233072 -116.207920 -116.217459 -116.251877 -116.210328 -116.248557 -116.246244 -116.230609 -116.206042 -116.255901 -116.260025 -116.249124 -116.241519 
-116.212004 -116.228945 -116.228539 -116.228800 -116.226264 -116.243999 -116.229497 -116.243065 -116.249984 -116.207258 -116.211750 -116.206980 -116.235461 -116.249724 -116.204845 -116.213290 -116.248862 -116.252920 -116.253696 -116.220471 -116.250192 -116.207443 -116.233296 -116.238999 -116.226689 -116.248078 
-116.253011 -116.222865 -116.216762 -116.202753 -116.253065 -116.244869 -116.222114 -116.258228 -116.253049 -116.231193 -116.203316 -116.256729 -116.245501 
-116.205201 -116.227367 -116.237473 -116.252942 -116.210464 -116.249328 -116.206709 -116.255330 -116.254709 -116.247484 -116.242487 -116.239166 
-116.211659 -116.209403 -116.246196 -116.218052 -116.215008 -116.253055 -116.246078 -116.258660 -116.246578 -116.212132 -116.225376 -116.230574 -116.249337 -116.230990 -116.259496 -116.209857 -116.247969 -116.236521 -116.258802 -116.231855 -116.221223 -116.259579 -116.214288 -116.252868 
-116.253191 -116.234086 -116.227974 -116.253377 -116.204918 -116.210760 -116.224417 -116.202614 -116.249320 -116.253395 -116.219829 -116.225743 -116.205269 -116.209123 -116.229086 -116.217167 -116.245651 -116.211433 -116.249875 -116.259749 -116.249124 -116.250523 -116.213232 
-116.235587 -116.232254 -116.229051 -116.241207 -116.217986 -116.223265 -116.205088 -116.215650 -116.211678 -116.251536 -116.250659 -116.258422 -116.234594 -116.253451 -116.250300 -116.230547 -116.228507 -116.219326 -116.227021 
-116.251056 -116.215265 -116.244648 -116.211338 -116.247989 -116.243477 -116.218495 -116.219912 -116.220163 -116.235754 -116.234228 -116.253731 -116.224645 -116.217371 -116.210143 -116.209787 
-116.246524 -116.235101 -116.204550 -116.228676 -116.236947 -116.221070 -116.224889 -116.209353 -116.231134 -116.238431 -116.214672 -116.240791 -116.245176 -116.240419 
-116.233840 -116.241727 -116.225146 -116.257497 -116.253663 -116.245843 -116.224503 -116.228687 -116.231157 -116.212746 -116.250798 -116.211796 -116.256778 -116.254100 -116.220833 -116.249009 
-116.206811 -116.249787 -116.211438 -116.206978 -116.244814 -116.217754 -116.209612 -116.258478 -116.238024 -116.219499 -116.242951 -116.239167 -116.257866 -116.203593 -116.225249 -116.238241 -116.258476 -116.219567 
-116.226045 -116.228880 -116.249840 -116.253762 -116.235702 -116.224157 -116.236488 -116.213498 -116.202359 -116.247677 -116.237766 -116.216663 -116.249311 -116.224325 -116.236668 -116.221529 -116.256045 -116.232069 -116.245064 -116.208477 -116.224127 -116.238120 -116.240795 -116.254636 -116.252242 
-116.232452 -116.203303 -116.230069 -116.256511 -116.241827 -116.208549 -116.225139 -116.242914 -116.238273 -116.222179 -116.240899 -116.225052 -116.234265 -116.242410 -116.210790 -116.228339 -116.202868 -116.226096 -116.212026 -116.258334 -116.216481 
-116.208859 -116.222438 -116.218892 -116.213597 -116.239964 -116.238589 -116.216530 -116.224527 -116.235281 -116.205161 -116.226729 -116.209339 -116.244079 -116.249761 -116.236687 -116.247776 -116.204412 -116.202475 -116.224949 -116.209937 -116.221926 
-116.202384 -116.239323 -116.212973 -116.238088 -116.243093 -116.211132 -116.213127 -116.219115 -116.210831 -116.216320 -116.258073 -116.215468 -116.209482 -116.207626 -116.256814 
-116.249344 -116.210411 -116.211969 -116.209739 -116.226834 -116.221251 -116.222690 -116.210851 -116.207095 -116.229589 -116.249146 -116.234658 -116.219479 -116.257126 -116.225099 -116.241616 -116.204274 -116.246174 -116.218420 -116.242636 -116.252326 -116.224121 -116.219316 -116.219223 -116.213088 -116.251886 
-116.260034 -116.231422 -116.233022 -116.230998 -116.230171 -116.216751 -116.216469 -116.258176 -116.217417 -116.223705 -116.243906 -116.247415 -116.234388 -116.215292 -116.255992 -116.248110 -116.240790 -116.203846 -116.217126 -116.234472 -116.208842 -116.232383 -116.247068 -116.205881 -116.231512 
-116.235389 -116.217756 -116.215574 -116.229484 -116.204160 -116.252433 -116.254565 -116.255718 -116.211449 -116.214172 -116.223071 -116.214499 -116.249230 -116.215859 -116.242412 -116.254741 -116.205006 -116.213914 -116.251850 -116.204867 -116.235111 -116.255625 
-116.245682 -116.220503 -116.216387 -116.256921 -116.234874 -116.247180 -116.248267 -116.252141 -116.229585 -116.202410 -116.244243 
-116.243151 -116.227711 -116.243786 -116.241015 -116.241582 -116.241859 -116.250698 -116.219452 -116.228478 -116.217006 -116.228743 -116.220351 -116.229082 
-116.220159 -116.234233 -116.229722 -116.242908 -116.204000 -116.217469 -116.207748 -116.234988 -116.245671 -116.231688 -116.209608 -116.210927 -116.203447 -116.245820 -116.216890 -116.247062 -116.227418 -116.203601 -116.251902 
-116.211677 -116.244541 -116.254479 -116.232811 -116.229108 -116.221158 -116.246137 -116.212206 -116.227955 -116.228972 -116.204717 -116.209313 -116.256483 -116.224988 -116.225375 -116.209798 -116.233349 -116.236388 -116.252995 -116.249252 -116.215586 -116.227091 -116.258089 -116.209858 -116.209933 
-116.246769 -116.205584 -116.213628 -116.241360 -116.206603 -116.206156 -116.255197 -116.227783 -116.248088 -116.207048 -116.233109 -116.223034 -116.243782 -116.206314 -116.257043 -116.257277 -116.237936 -116.212686 -116.209994 -116.223511 -116.244483 -116.237641 -116.256520 -116.249290 -116.242259 -116.213562 -116.254465 -116.222836 -116.205620 -116.254773 -116.212433 -116.210065 -116.238016 -116.250323 -116.247472 -116.250709 
-116.228607 -116.241071 -116.227386 -116.217482 -116.256558 -116.252883 -116.208011 -116.205181 -116.221356 -116.212187 -116.219127 -116.230492 -116.228980 -116.258337 -116.240960 -116.223840 -116.236333 -116.211550 -116.221946 -116.238233 -116.243685 -116.247268 -116.232336 -116.210226 -116.204362 -116.258100 -116.258476 -116.252813 
-116.236694 -116.226906 -116.234714 -116.213904 -116.252355 -116.232388 -116.233802 -116.225341 -116.208503 -116.219566 -116.254272 -116.255077 -116.231866 -116.253136 -116.213662 -116.211254 -116.242497 -116.213540 -116.204431 -116.258068 -116.238769 -116.222988 
-116.256697 -116.209385 -116.220369 -116.238895 -116.222777 -116.215838 -116.226149 -116.211143 -116.254542 -116.251147 -116.205555 -116.218657 -116.236362 -116.206517 -116.204202 -116.241404 -116.255444 -116.254375 -116.253520 -116.258326 -116.254888 -116.217422 -116.204635 -116.217715 -116.213271 
-116.225020 -116.227942 -116.246898 -116.259172 -116.222903 -116.258174 -116.243256 -116.237122 -116.227774 -116.209493 -116.217888 -116.202550 -116.256246 -116.248390 -116.208056 -116.204925 -116.203003 -116.225450 -116.245129 -116.250319 -116.210876 -116.202967 -116.257920 
-116.207744 -116.223066 -116.226997 -116.247524 -116.214743 -116.216473 -116.222437 -116.229488 -116.241325 -116.244489 -116.208669 -116.242551 -116.229541 -116.230091 -116.224600 -116.215336 -116.211586 -116.234287 -116.229471 -116.253527 -116.238854 -116.247291 -116.223535 -116.216381 -116.234334 -116.210391 -116.235042 -116.259783 -116.223883 -116.203535 -116.209162 
-116.208549 -116.255327 -116.217083 -116.242308 -116.247368 -116.236530 -116.254932 -116.233325 -116.243671 -116.255962 -116.206053 -116.209253 -116.256124 -116.226723 -116.210137 -116.217141 -116.224724 -116.212948 -116.235690 -116.227832 -116.211816 -116.214691 -116.250046 -116.248128 -116.258780 -116.217921 -116.240482 -116.206834 -116.252615 -116.236978 -116.229844 -116.227647 -116.206324 -116.226281 -116.229036 
-116.251429 -116.203610 -116.202917 -116.222182 -116.242411 -116.222602 -116.243337 -116.257860 -116.215174 -116.231213 -116.251028 -116.236203 -116.204518 
-116.223995 -116.245519 -116.243231 -116.233774 -116.230897 
-116.209018 -116.226318 -116.227837 -116.251433 -116.213295 -116.255823 -116.211282 -116.211232 -116.207254 -116.216228 -116.258492 -116.208392 -116.206865 -116.228231 -116.214527 -116.220980 -116.206575 -116.233647 -116.238821 -116.237010 -116.214415 -116.220688 -116.207107 -116.210521 -116.219551 -116.206306 
-116.242378 -116.251301 -116.230466 -116.254419 -116.244207 -116.219514 -116.252191 -116.245758 -116.232471 -116.204402 -116.216548 -116.229631 -116.255598 -116.250601 -116.248622 
-116.208012 -116.223739 -116.254436 -116.235074 -116.249578 -116.211229 -116.255523 -116.241770 -116.209813 -116.224890 -116.257613 -116.237467 -116.205768 -116.242732 -116.215420 -116.233931 -116.222236 -116.239926 -116.224574 -116.244976 -116.216151 -116.242025 -116.237037 -116.258085 -116.252509 -116.225493 -116.252799 -116.233377 -116.235351 -116.248655 
-116.252539 -116.231031 -116.234231 -116.208463 -116.244260 -116.243116 -116.242844 -116.207311 -116.227147 -116.227191 -116.226590 -116.239059 -116.212032 -116.249527 -116.247565 -116.225605 -116.205573 -116.245763 -116.214685 -116.252413 -116.225408 -116.253863 -116.213412 
-116.210159 -116.219865 -116.202462 -116.215126 -116.202663 -116.251426 -116.216106 -116.223947 -116.257063 -116.206623 -116.204340 -116.251344 -116.251892 -116.230141 -116.238476 -116.236027 -116.214437 -116.251129 -116.221401 -116.252683 -116.203183 -116.211301 -116.239134 
-116.203090 -116.253952 -116.250572 -116.241572 -116.235922 -116.234120 -116.242784 -116.216473 -116.205620 -116.245840 -116.241704 -116.247910 -116.223741 -116.257231 -116.220920 -116.248436 -116.203320 -116.222481 -116.215599 -116.235069 -116.256360 -116.256055 -116.254447 -116.231975 -116.245020 
-116.238985 -116.250358 -116.215545 -116.225548 -116.237611 -116.243091 -116.241708 -116.223315 -116.237141 -116.239576 -116.203642 -116.214400 
-116.253500 -116.231700 -116.222436 -116.215728 -116.226093 -116.227824 -116.247212 -116.241449 -116.236584 -116.208431 -116.248998 -116.206287 -116.236897 -116.253740 -116.215477 -116.259341 -116.213830 -116.256222 -116.238016 -116.219334 -116.219272 -116.224501 -116.250384 -116.253722 -116.214596 -116.217502 -116.205022 -116.258438 -116.238671 
-116.208501 -116.255231 -116.203976 -116.248652 -116.242702 -116.208707 -116.223779 -116.222261 -116.229967 -116.213054 -116.213101 -116.253720 -116.258859 -116.225411 -116.253782 -116.210048 -116.216496 -116.221816 -116.216329 -116.210369 -116.242650 -116.243896 
-116.240378 -116.225672 -116.259644 -116.239141 -116.245824 -116.238652 -116.212783 -116.204534 -116.223792 -116.224101 -116.231104 -116.259644 -116.241413 -116.206713 -116.251457 -116.255886 -116.239485 -116.253320 -116.238129 -116.234804 -116.259187 -116.253457 -116.239377 -116.207319 -116.229051 -116.223287 -116.251583 -116.256583 -116.215172 -116.220695 -116.217522 
-116.251187 -116.245884 -116.210264 -116.228323 -116.209749 -116.236865 -116.225617 -116.236818 -116.203037 -116.232901 -116.234814 -116.234086 -116.244160 -116.241804 -116.242396 -116.249665 -116.257030 -116.246164 -116.257126 -116.205902 -116.223130 
-116.227618 -116.206561 -116.217894 -116.227309 -116.210612 -116.218359 -116.214022 -116.259742 -116.245150 -116.220530 -116.251121 -116.239028 -116.219878 -116.249343 -116.235916 -116.227085 -116.258162 -116.232099 -116.252168 -116.217572 -116.258861 -116.209620 -116.221442 -116.226648 -116.234908 -116.224672 -116.204372 -116.219970 -116.217155 -116.208500 -116.241247 
-116.259541 -116.251357 -116.252738 -116.235731 -116.224272 -116.241666 -116.241650 -116.257799 -116.226549 -116.206503 -116.241550 -116.214427 -116.213383 -116.237384 -116.235670 -116.212559 -116.209623 -116.233750 -116.247199 -116.234365 
-116.243179 -116.251015 -116.202730 -116.237389 -116.238945 -116.234052 -116.215614 -116.207208 -116.237754 -116.244631 -116.249267 -116.255981 -116.216553 -116.230173 -116.233475 -116.255999 
-116.209591 -116.231975 -116.217820 -116.258869 -116.224822 -116.252699 -116.221434 -116.221933 -116.245337 -116.228338 -116.250039 -116.235682 -116.231402 -116.254217 -116.251034 -116.216871 -116.224165 -116.259167 -116.250142 
-116.223639 -116.236537 -116.232851 -116.228434 -116.214079 -116.236702 -116.210927 -116.204864 -116.228592 -116.251000 -116.216086 -116.219468 -116.207572 -116.214921 -116.231424 -116.215563 -116.243613 -116.238314 -116.226374 -116.226236 -116.225383 -116.233395 -116.254652 -116.231647 -116.204539 -116.243825 -116.253513 -116.203055 
-116.236013 -116.228393 -116.206990 -116.234001 -116.244293 -116.257657 -116.238953 -116.250882 -116.222871 -116.213146 -116.250148 -116.242470 -116.217887 -116.243286 -116.259406 -116.255350 -116.259196 -116.220217 
-116.222120 -116.214646 -116.243957 -116.242279 -116.233372 -116.221679 -116.235278 -116.221393 -116.225924 -116.227647 -116.245054 -116.222620 -116.210846 -116.227397 -116.253825 -116.256701 
-116.256387 -116.225954 -116.238632 -116.251566 -116.229128 -116.240750 -116.230389 -116.213668 -116.234869 -116.244193 -116.229368 -116.223624 -116.253542 -116.211881 -116.203068 -116.254042 -116.232362 -116.216912 -116.229373 -116.232209 -116.236657 -116.253512 -116.230014 -116.215420 -116.225546 -116.226850 -116.202599 -116.247770 -116.204722 -116.244750 -116.214856 -116.207497 -116.229667 -116.233987 -116.256825 -116.256292 -116.235315 -116.218699 -116.209018 -116.241837 
-116.240045 -116.230965 -116.208755 -116.234863 -116.248291 -116.254010 -116.210808 -116.246559 -116.207550 -116.216517 -116.251476 -116.204815 -116.214618 -116.238207 -116.238084 -116.214765 -116.216453 -116.259653 -116.226077 -116.206791 -116.202806 -116.244665 
-116.223689 -116.225383 -116.234761 -116.215512 -116.220404 -116.226849 -116.218206 -116.238186 -116.247652 -116.252079 -116.258721 -116.241834 -116.244755 -116.208799 -116.223823 -116.220219 -116.256945 
-116.212816 -116.237364 -116.225433 -116.223430 -116.240342 -116.233270 -116.202933 -116.232887 -116.217717 -116.248520 -116.259715 -116.237320 -116.230711 -116.216422 -116.232222 -116.249485 -116.257477 
