0.000000 0.074261
0.000000 0.023632
0.000000 0.022417
0.000000 0.031275
0.000000 0.026622
0.000000 0.130617
0.000000 0.022801
0.000000 0.026628
0.000000 0.017460
0.000000 0.022719
0.000000 0.043165
0.000000 0.026048
0.000000 0.069459
0.000000 0.025690
0.000000 0.039492
0.000000 0.084794
0.000000 0.041112
0.000000 0.058857
0.000000 0.063841
0.000000 0.042371
0.000000 0.022744
0.000000 0.020360
0.000000 0.047981
0.000000 0.017083
0.000000 0.044306
0.000000 0.042749
0.000000 0.020297
0.000000 0.016307
0.000000 0.030829
0.000000 0.019947
0.000000 0.028777
0.000000 0.040772
0.000000 0.048415
0.000000 0.029316
0.000000 0.055128
0.000000 0.020295
0.000000 0.014151
0.000000 0.023762
0.000000 0.034061
0.000000 0.031082
0.000000 0.024011
0.000000 0.055723
0.000000 0.047072
0.000000 0.035851
0.000000 0.048321
0.000000 0.025343
0.000000 0.038710
0.000000 0.063015
0.000000 0.067907
0.000000 0.036037
0.000000 0.044192
0.000000 0.027014
0.000000 0.038274
0.000000 0.033642
0.000000 0.045540
0.000000 0.096506
0.000000 0.135931
0.000000 0.020614
0.000000 0.019350
0.000000 0.075137
0.000000 0.082287
0.000000 0.033836
0.000000 0.063070
0.000000 0.017899
0.000000 0.020757
0.000000 0.028529
0.000000 0.018971
0.000000 0.025754
0.000000 0.028427
0.000000 0.025593
0.000000 0.040590
0.000000 0.048733
0.000000 0.021828
0.000000 0.030611
0.000000 0.029840
0.000000 0.046096
0.000000 0.019656
0.000000 0.064371
0.000000 0.027755
0.000000 0.035095
0.000000 0.019341
0.000000 0.085105
0.000000 0.067760
0.000000 0.036438
0.000000 0.020083
0.000000 0.021995
0.000000 0.014983
0.000000 0.058142
0.000000 0.021478
0.000000 0.019176
0.000000 0.015178
0.000000 0.040591
0.000000 0.026040
0.000000 0.020544
0.000000 0.025914
0.000000 0.021278
0.000000 0.103047
0.000000 0.060911
0.000000 0.036092
0.000000 0.043610
