 58.380306 881.180990
 71.984936 878.854718
 76.807446 883.081800
 71.264977 880.878803
 49.237473 880.782617
 60.480055 877.135257
 71.843752 878.190443
 69.737868 882.260322
 87.559436 878.421358
 71.851796 878.773156
 67.653809 876.531006
 71.322721 881.544046
 45.198027 880.578082
110.239093 881.318568
 73.178113 881.911439
 50.860670 883.211248
 40.929851 879.801118
 66.094085 880.258511
 45.999217 881.529170
 72.648044 882.697191
 72.766692 881.127489
102.474733 882.183407
 55.268271 881.549270
 67.363234 881.330341
 52.396123 881.088633
 42.750149 878.930794
 84.887059 879.870358
 75.082866 878.919330
 71.519182 880.174661
116.438063 882.662109
 87.789531 878.370856
 76.672204 883.043921
 46.952603 881.020482
 63.145065 881.066434
 47.635289 882.604403
 78.235087 880.492384
 83.134046 881.185564
 55.816196 878.989703
 68.500862 880.565982
 54.261997 877.804694
100.253857 882.777845
 61.692258 881.255671
 69.635115 883.046381
 67.912023 883.578651
 76.355563 880.199497
 87.369877 879.825249
 35.219516 880.009151
 62.307317 881.120158
 64.967416 881.853924
 67.075852 881.396721
 75.628746 878.860028
 72.170500 882.472730
 70.442169 877.381159
 82.064631 883.347640
 63.249350 880.604281
 48.083579 879.929747
 59.992000 879.697085
 73.432503 880.829890
 80.546412 878.542261
 48.982880 881.409997
 48.094114 878.633461
 68.683328 878.174511
 49.536687 881.800633
 82.482156 883.108271
 90.914264 879.856470
 76.696607 879.838020
 87.910442 882.828663
 58.681595 880.107346
 72.421665 878.878221
 78.945269 882.491467
 47.447256 882.847985
 57.942288 878.506676
 94.233464 881.810686
 60.888841 882.289660
 60.664098 879.109854
 54.542937 881.336757
 81.703821 884.189347
 60.685133 883.568415
 89.435130 876.266765
 71.300122 877.872129
 76.095701 879.100017
 66.766395 879.949754
 63.880313 881.779182
 55.611214 868.958870
 67.770574 876.752050
 72.830240 874.859607
 91.244476 876.898307
 70.231755 881.108473
 76.142679 879.084273
 88.691001 877.719299
 89.361607 881.939577
 75.018104 880.355431
 79.310001 874.907636
 56.082464 881.019382
 66.757040 878.515871
100.252739 883.800188
 52.289848 881.322840
 43.754942 880.151574
 36.828187 879.261666
 78.775311 881.468880
