35.881502 35.859956 35.886311 35.887016 35.841085 35.842861 35.844649 35.855258 35.857358 35.849543 35.852189 35.865668 
35.869929 35.863598 35.881957 35.861584 35.841455 35.875326 35.862028 35.872387 35.879844 35.879614 35.865615 35.876505 35.844531 35.849812 35.867051 35.854168 35.856941 35.879850 35.855265 
35.856312 35.885895 35.855430 35.865859 35.855788 35.873888 35.851505 35.854829 35.854570 35.848834 35.888443 35.876516 35.849469 35.887802 35.863658 35.880929 35.853313 35.841273 35.842690 35.884614 35.854882 35.865626 35.868393 
35.880595 35.881594 35.881361 35.847527 35.861289 35.888861 35.888206 35.891914 35.848860 35.856127 35.851083 35.852827 35.884075 35.855387 35.842917 35.861674 35.881991 35.889726 35.890147 35.881665 
35.882080 35.870683 35.852886 35.888225 35.866836 35.860525 35.846841 35.887151 35.853513 35.854812 35.854636 
35.890855 35.880373 35.847244 35.843556 35.875679 35.873395 35.859436 35.863510 35.867092 35.861786 35.884179 35.846691 35.847593 35.842027 
35.863728 35.883371 35.854952 35.841624 35.855714 35.847517 35.873500 35.856644 35.842984 35.875047 35.886355 35.863963 35.849617 35.870739 35.865067 35.851642 35.857120 35.865184 35.850058 35.872985 
35.847965 35.871821 35.854346 35.842455 35.879018 35.851122 35.890482 35.858853 35.887441 35.887657 35.849261 35.859888 35.873574 35.869347 35.883121 35.883867 35.881590 35.869921 35.871844 35.881255 35.844986 
35.883016 35.855980 35.866276 35.846400 35.879125 35.877866 35.849377 35.890213 35.882199 35.885934 35.855009 35.859958 35.881935 35.875041 35.853623 35.881342 35.883909 35.845787 35.882068 35.885521 35.849525 35.889134 35.872397 35.878239 35.891209 35.843625 35.860456 35.863562 
35.868785 35.892351 35.862737 35.864746 35.887035 35.875513 35.877899 35.842457 35.883823 35.872367 35.862923 35.881451 35.872939 35.877251 35.847750 35.882361 35.852620 35.882667 35.870069 35.889274 
35.882991 35.879486 35.868155 35.880760 35.868979 35.851080 35.887963 35.875338 35.863941 35.856291 35.840872 35.862930 35.841147 35.891339 35.857411 35.867414 
35.868783 35.842559 35.873343 35.891387 35.866887 35.888638 35.866108 35.888556 35.866108 35.870922 35.871944 35.850244 35.860446 35.885801 35.884882 35.849163 35.879875 35.848072 35.874104 35.849814 
35.891577 35.876658 35.840717 35.878109 35.878952 35.848810 35.868258 
35.852138 35.867805 35.890065 35.854684 35.890587 35.884813 35.854444 35.865235 35.883239 35.859402 35.849722 35.879360 35.849623 35.868618 35.886940 35.842476 35.890452 35.891420 35.854381 35.881633 35.866400 35.847705 35.853354 35.858094 35.849983 35.890053 35.851590 35.857454 35.870204 35.866184 35.888384 35.865898 35.879052 35.890897 35.845726 35.843788 35.875182 35.843579 
35.879897 35.848559 35.850084 35.877019 35.864876 35.867997 35.872257 35.849236 35.869208 35.868273 35.887280 35.860467 35.868575 35.869072 35.889979 35.876764 35.891026 35.891412 35.865688 35.864051 35.877013 
35.875880 35.857513 35.847512 35.881223 35.870083 35.869161 35.867871 35.883266 35.873700 35.847996 35.852921 35.875371 35.875116 
35.850535 35.847148 35.847261 35.858032 35.861912 35.876810 35.886389 
35.891385 35.844310 35.851164 35.875383 35.887746 35.876540 35.877540 35.877400 35.880647 35.879734 35.852590 35.862654 35.870518 35.885115 
35.883223 35.888248 35.854452 35.868548 35.848569 35.849398 35.858170 35.872555 
35.868134 35.856184 35.890861 35.871237 35.881462 35.850455 35.860629 35.889518 35.844217 35.878722 35.877561 35.862201 35.891529 35.852857 35.878573 35.847518 35.870358 35.855919 35.864335 
35.849065 35.875514 35.864328 35.851217 35.847237 35.857849 35.851115 35.870965 35.888618 35.858751 35.887707 35.860708 35.846772 35.884976 35.877431 35.886251 35.857612 35.882468 35.886034 35.841090 35.875043 35.883975 
35.881061 35.850554 35.854508 35.884120 35.889093 35.867587 35.875982 35.871566 35.871096 35.859962 35.879109 35.852057 35.878760 35.857467 35.855779 35.864382 35.846101 35.889085 35.858117 35.871310 35.887949 35.878599 35.859147 35.885544 35.886139 35.890114 35.852032 35.881662 35.860133 35.862779 35.849384 35.889565 35.848685 35.865309 
35.873047 35.850891 35.858528 35.859895 35.877245 35.857718 35.875185 35.876330 35.882764 35.865418 35.842557 35.869268 35.876139 
35.866109 35.861009 35.852529 35.848599 35.850924 35.846822 35.877115 35.864974 35.858728 35.864678 35.859590 35.840436 35.883036 35.869642 35.842145 35.882162 35.858465 35.846770 35.840550 35.858894 35.876491 35.850938 
35.840804 35.890617 35.885483 35.876502 35.882217 35.881929 35.861671 35.890092 35.869968 35.860759 35.848028 35.865695 
35.884085 35.877670 35.874213 35.847624 35.849250 35.890865 35.884763 
35.869436 35.853526 35.876027 35.870059 35.856524 35.842726 35.859058 35.861225 35.855346 35.887383 35.863182 35.891804 35.892267 35.845413 35.865360 35.879025 35.851223 35.880348 35.885572 35.872697 35.878509 35.843191 35.859451 35.855801 35.888635 35.881428 35.883233 
35.890859 35.874861 35.883330 35.888439 35.857922 35.880593 35.847911 35.883590 35.879457 35.860167 35.840479 35.876927 35.870600 35.855788 35.887918 35.888709 35.869358 35.887292 35.880483 35.885360 35.861474 35.888750 35.854326 
35.859298 35.855572 35.869277 35.883085 35.855255 35.841573 35.856735 35.890244 35.884997 35.879174 35.890782 35.860161 35.875647 35.885621 35.875220 35.864393 35.855802 35.849676 35.861876 35.892119 
35.842399 35.869083 35.865416 35.865544 35.851427 35.856704 35.865451 35.867378 35.852671 35.881710 35.862486 35.867889 35.863738 35.859653 35.843737 35.877380 35.852616 35.874592 35.886017 35.850117 35.889349 35.863123 35.857424 35.846485 35.879112 35.881257 35.886284 35.890002 35.854753 35.843038 35.853373 35.844921 35.852462 35.853494 35.851622 35.854770 35.876851 35.849907 35.892372 
35.846401 35.842230 35.866011 35.841145 35.854864 35.858181 35.841499 35.854332 35.887341 35.855231 35.883389 35.875511 35.892149 35.868727 35.846203 35.889427 35.875016 35.847995 35.862784 35.848521 35.883130 35.849873 35.867279 35.851292 35.844769 35.881159 35.859832 
35.853005 35.861117 35.880154 35.845573 35.871241 35.873890 35.873734 35.874649 35.853097 35.846273 35.883435 35.868137 35.870433 35.874746 35.864340 35.857252 35.844055 35.887233 35.854834 35.848300 35.864090 35.884428 
35.874297 35.864133 35.880955 35.874282 35.867922 35.863638 35.876708 35.880061 35.889493 35.850951 35.843996 35.850458 
35.857685 35.869235 35.852265 35.841061 35.890266 35.857279 35.880446 35.868621 35.852576 35.867964 35.870129 35.843911 35.871380 35.887840 35.890474 35.867954 35.865636 35.849536 
35.863661 35.849427 35.872240 35.868532 35.864070 35.846183 35.891410 35.841849 35.859728 35.841591 
35.865643 35.871253 35.878281 35.876780 35.866860 35.877111 35.891896 35.852310 35.858851 35.867330 35.874846 35.853181 35.840559 35.885768 35.885610 35.853159 35.858910 35.871340 35.876385 35.851414 35.872235 35.845285 35.848420 35.891017 
35.844925 35.884652 35.883181 35.865216 35.875676 35.857914 35.850149 35.882587 35.862436 35.870915 35.888348 35.842707 35.853335 35.857828 35.886885 35.865983 35.867324 35.863060 35.869862 35.851793 35.870352 35.863178 35.856164 35.890404 35.845198 35.865996 35.885660 
35.856825 35.846077 35.852606 35.874222 35.845698 35.888402 35.863403 35.864139 35.847778 35.842886 35.886914 35.848541 35.842655 35.892196 35.863629 
35.882635 35.852258 35.878953 35.871149 35.864866 35.860960 35.853707 35.886701 35.884308 35.874762 35.889859 35.860324 35.890958 35.845329 35.861940 35.889348 35.862261 35.890034 35.866209 
35.886754 35.857054 35.846304 35.857566 35.858123 35.877335 35.872125 35.888781 35.868320 35.868468 35.845978 35.892157 35.867285 35.886158 35.846161 35.892349 
35.863703 35.888155 35.854043 35.881586 35.885222 35.883257 35.851749 35.886068 35.862468 35.879362 35.883596 35.865183 35.868469 35.887783 35.844066 35.881084 35.878617 35.889515 35.851539 35.857790 35.852548 35.844085 35.843001 35.857498 35.892350 35.856066 35.880240 35.840917 35.861843 35.880291 35.888114 35.869532 35.846675 35.867418 35.860447 
35.877727 35.860786 35.846468 35.884327 35.868631 35.864765 35.867154 35.870662 35.871016 35.858152 35.860923 35.878086 35.855753 35.876868 
35.880713 35.869601 35.847545 35.847070 35.872367 35.882084 35.876859 35.857921 35.889144 35.860817 35.869543 35.841884 35.865988 35.867257 35.868597 35.848633 35.889881 
35.854479 35.865449 35.878684 35.878256 35.866232 35.884543 35.854750 35.864352 35.884367 35.863381 35.844624 35.883228 35.863289 35.878153 35.853727 35.856596 35.871955 
35.863056 35.848083 35.840910 35.888136 35.884601 35.884274 35.859684 35.861097 35.876287 35.890845 35.864314 35.866641 35.889108 35.857221 35.850049 35.885996 35.862028 35.853899 35.856052 35.862027 
35.876017 35.859540 35.869288 35.875407 35.877344 35.865345 35.878753 35.859301 35.846208 35.884949 35.852979 35.888606 35.857425 35.875695 35.889744 35.859095 35.845040 35.867348 35.861292 35.882687 35.884916 35.860018 35.850073 35.843014 35.872234 35.869696 
35.870906 35.850306 35.862125 35.845381 35.850968 35.887466 35.845590 
35.862761 35.887106 35.858755 35.866643 35.877443 35.889559 35.859612 35.861664 35.876883 35.875973 35.876745 35.862972 35.880175 
35.888172 35.849080 35.885093 35.864829 35.863641 35.882394 35.867967 35.849219 35.845234 35.885323 35.878840 35.887689 35.852164 35.841291 35.840732 35.891771 
35.858095 35.861350 35.881549 35.851537 35.863915 35.866109 35.855910 35.877981 35.850174 35.844824 35.871797 35.870194 35.890659 35.856098 35.867361 35.843138 35.877062 
35.849074 35.865630 35.875519 35.849091 35.846454 35.883193 35.849126 35.855855 35.843799 35.855406 35.845741 35.851918 35.844596 35.845650 35.857771 35.842754 35.862806 35.880375 35.880959 35.852275 
35.877608 35.858045 35.891538 35.869659 35.858816 35.855280 35.875379 35.870625 35.842993 35.843859 35.871944 35.858696 35.868923 35.872954 35.873548 35.862701 35.858426 35.874974 35.849328 35.877292 35.888386 35.891958 
35.877726 35.864594 35.885013 35.844863 35.872509 35.871541 35.885835 35.876978 35.863593 35.858900 35.843868 35.869142 35.880126 35.873613 35.854260 35.888471 35.869472 
35.875476 35.849820 35.890396 35.862306 35.869625 35.840861 35.854076 35.851748 35.877615 35.843099 35.885774 35.890210 35.879692 35.847227 35.852731 35.870649 35.886305 35.858360 35.872877 35.879691 35.867430 35.846792 35.847474 
35.844915 35.847170 35.876880 35.853609 35.864861 35.873810 35.855846 35.870093 35.885143 35.878389 35.865018 35.845123 35.850262 35.858625 35.861594 
35.886169 35.841791 35.857514 35.867210 35.882023 35.865769 35.851057 35.846644 
35.867045 35.845570 35.841994 35.863903 35.848689 35.887545 35.843049 35.841838 35.889030 35.873254 35.886672 35.860021 
35.890642 35.866581 35.863137 35.867766 35.883635 35.880611 35.887476 35.886920 35.882547 35.879825 35.845194 35.851047 35.854984 35.870473 35.855821 35.890038 35.849765 35.887689 35.890424 35.857766 35.862454 35.863634 
35.888761 35.887008 35.856530 35.859833 35.849404 35.892350 35.872960 35.850654 35.848537 35.854242 35.869987 35.867993 35.890006 35.848718 35.845749 35.849339 35.881570 35.859239 35.867363 35.879480 35.867151 35.858403 35.876333 35.851283 35.881956 35.848495 
35.876428 35.884322 35.845451 35.849360 35.868777 35.890616 35.848190 35.841138 35.860073 35.867687 
35.840950 35.884903 35.863999 35.856824 35.857192 35.849275 35.860580 35.859557 35.870573 
35.852616 35.868915 35.864962 35.858247 35.863824 35.851893 35.860451 35.863609 35.885443 35.857107 35.874499 35.867000 35.863511 35.852322 35.849303 35.843284 35.847312 
35.846822 35.891545 35.876282 35.847900 35.869683 35.851191 35.863412 35.850186 35.857116 35.874151 35.856457 
35.863752 35.874906 35.872763 35.842857 35.864479 35.850931 35.852906 35.844808 35.872466 35.865140 35.864576 35.890826 35.885886 35.884222 35.890335 35.867382 35.865871 35.869535 35.850390 35.848097 35.891650 35.869275 35.848812 35.884229 35.886657 35.855563 35.866772 
35.875439 35.886842 35.882079 35.881995 35.860864 35.865502 35.844809 35.847505 35.856371 35.885059 35.840782 35.868937 35.883485 35.889098 35.870505 35.843611 35.886675 35.876775 35.890258 35.845165 35.868348 35.849205 35.886415 35.887646 35.886924 35.890627 35.879960 35.887260 35.884233 
35.888117 35.867711 35.888462 35.875657 35.871732 35.890171 35.887345 35.872721 35.877531 35.860589 35.853792 35.880840 35.859935 35.882648 35.875952 35.872885 35.861396 35.869727 35.870904 35.856036 
35.879698 35.841978 35.883012 35.853541 35.883351 35.860619 35.846635 35.866681 35.861526 35.888972 35.844270 35.880161 35.847209 35.855615 35.849570 35.849068 35.871192 35.842357 35.888062 35.851311 35.862324 35.885030 35.875934 35.860318 35.878472 35.885965 35.848744 
35.886688 35.891559 35.860405 35.888250 35.862753 35.864606 35.850061 35.844890 35.841255 35.880033 35.867130 35.877522 35.863325 35.854512 
35.891807 35.867446 35.858762 35.860622 35.872346 35.852415 35.889524 35.868270 35.870270 35.842442 35.868796 35.861766 35.884078 35.846530 35.842267 35.860180 35.865982 35.857096 
35.856885 35.878442 35.877964 35.862549 35.858921 35.886234 35.892358 35.884848 35.840769 35.878316 35.868136 35.852992 35.845205 35.845779 35.841807 35.870764 35.888659 35.862393 35.866176 35.841869 35.868816 35.880939 35.884409 35.884517 
35.843489 35.870268 35.884130 35.877215 35.871419 35.846928 35.883688 35.861827 35.875144 35.887490 
35.863190 35.865422 35.884485 35.867560 35.840992 35.851234 35.854447 35.882447 35.875563 35.888520 35.865171 35.863893 
35.847682 35.881577 35.885665 35.878426 35.870499 35.853284 35.856827 35.861238 35.874757 35.862240 35.852488 35.845947 35.870556 35.887489 35.885820 35.864628 35.877896 35.846281 35.846966 35.848139 35.882064 35.873351 35.891000 35.885734 35.857085 35.879566 35.848468 35.873347 35.867054 35.859211 35.886291 
35.877774 35.869097 35.863137 35.875121 35.882159 35.882510 35.891287 35.870321 35.870113 35.848589 35.869876 35.873509 35.885019 35.848952 35.857297 35.858104 35.863545 
35.861386 35.887448 35.849777 35.853943 35.857885 35.873010 35.874198 35.850446 35.877015 35.856096 35.866685 35.876454 35.841233 35.873739 35.848405 35.871867 35.879765 35.891734 
35.877897 35.843215 35.889234 35.863193 35.852040 35.867541 35.857731 35.855276 35.856183 35.890795 35.868128 35.858535 
35.864953 35.858256 35.883950 35.860636 35.862106 35.875455 35.884934 35.879088 35.851463 35.856538 35.851908 35.891619 35.865145 35.852839 35.875074 35.842716 35.886926 35.856427 35.888700 35.857568 35.840814 35.856928 35.851998 35.851620 35.845769 
35.862120 35.868791 35.868816 35.880793 35.844173 35.842991 35.871036 35.876118 35.885512 35.876232 35.857746 35.889968 35.882214 
35.850866 35.847817 35.887988 35.881581 35.857469 35.867761 35.846482 35.889665 35.850762 35.851686 35.852238 35.869857 35.853244 35.868641 35.880672 35.863569 35.865555 35.843389 35.841946 35.870034 35.889394 35.886396 35.867566 35.890016 35.870211 35.863752 35.872390 35.862499 35.841851 
35.861446 35.845506 35.891412 35.850085 35.853234 35.852071 35.861979 35.847346 35.881537 35.878434 35.849433 35.874603 35.889237 35.854991 35.847857 35.867769 35.858713 35.846118 35.873357 
35.883724 35.865783 35.848015 35.869166 35.859902 35.848470 35.855802 35.879021 35.878180 35.858629 35.846359 35.882310 35.890699 35.846418 35.871499 35.859117 35.854811 35.874676 35.864346 35.888393 35.855199 35.854439 35.850729 35.884398 35.888347 35.841037 
35.853188 35.866683 35.872189 35.884897 35.852827 35.871843 35.848577 35.875904 35.865249 35.861493 35.874674 35.891398 35.851504 35.871112 35.868012 35.851383 35.874955 
35.887361 35.868541 35.879739 35.849421 35.848270 35.883457 35.873629 35.890903 35.851642 35.845357 35.860964 35.881841 35.851522 35.856117 35.842088 
35.849487 35.885525 35.883715 35.870830 35.856949 35.871134 35.868689 35.860565 35.870524 35.869499 35.855799 35.856713 35.841259 35.843672 
35.859084 35.846396 35.848014 35.854742 35.842008 35.867816 35.846052 35.846262 35.875863 35.850114 35.887050 35.869026 35.880764 35.886613 35.880762 35.848932 35.845755 35.857148 
35.864270 35.858359 35.871160 35.873499 35.857784 35.861378 35.881520 35.862167 35.884992 35.844576 35.849078 35.842114 35.880879 35.877373 35.876713 35.884061 35.890618 35.865621 35.874070 35.872225 35.859444 
35.863198 35.874149 35.872541 35.845429 35.888848 35.861682 35.852209 35.875318 35.874013 35.873235 35.847137 35.845528 35.864640 35.875736 35.873569 35.877407 35.861628 35.889104 35.879861 35.842523 35.852325 35.868393 35.885954 35.866721 35.865494 35.878577 35.844770 35.855805 35.844502 35.868269 35.873906 
35.881984 35.864252 35.841410 35.850518 35.883831 35.889991 35.845945 35.848563 35.875022 35.842219 35.847111 35.846855 35.871824 35.872419 35.841747 35.889890 35.857171 35.890268 35.876590 
35.850855 35.853555 35.864524 35.877538 35.889911 35.863839 35.872513 35.862372 35.855292 35.851907 35.884782 35.864162 35.860871 35.889425 35.882017 35.891568 35.872878 35.863807 35.861655 35.888255 35.865860 35.877985 35.862537 
35.887682 35.861515 35.848435 35.869632 35.852998 35.846019 35.873006 35.890648 35.859335 35.843608 35.846595 35.876002 35.880963 35.887351 35.851050 35.860937 35.882041 35.858700 35.856101 35.873607 35.858164 35.886942 35.868992 35.875071 35.868305 35.851303 35.853880 35.877687 35.886950 
35.862903 35.848577 35.867926 35.888704 35.856699 35.848546 35.888605 35.865148 35.845389 35.850530 35.884825 35.867153 35.841374 35.865482 35.884686 35.869953 35.850345 35.881589 35.884225 35.889310 35.880529 35.881104 35.858537 35.842040 35.888813 35.852151 35.846289 35.842258 35.855814 35.884967 
35.889593 35.865811 35.842683 35.871482 35.856540 35.851718 35.865052 35.861534 35.881153 35.851940 35.868889 35.892284 35.857321 35.854607 35.862309 35.842251 35.844981 35.864383 
35.870279 35.870921 35.875279 35.875451 35.856181 35.859702 35.850147 35.848570 35.843856 35.878146 35.884950 35.884237 35.892106 35.879204 35.855724 35.860202 35.889397 35.850572 35.854946 35.874309 35.889757 35.891460 
35.856875 35.842491 35.857893 35.849335 35.880105 35.867443 35.847235 35.871096 35.849898 35.849788 35.856477 35.888251 35.871165 35.864963 35.854711 35.848673 
35.843588 35.875721 35.852753 35.883094 35.867482 35.841350 35.888726 35.865952 35.884623 35.889272 35.874984 35.891520 35.852782 35.840609 35.877132 35.881934 35.854240 35.842567 35.848418 
35.890201 35.847619 35.859219 35.863853 35.869004 35.858518 35.869430 35.862211 35.868817 35.857748 35.887914 35.848671 35.868162 35.878409 35.866903 35.890161 35.882359 35.849043 35.863230 35.879271 35.857457 35.863358 35.843190 35.859514 35.877540 35.884172 35.863392 35.863049 35.860243 35.847002 35.866449 35.891816 35.840683 35.861513 
35.852381 35.858492 35.867199 35.843945 35.878217 35.879838 35.890497 35.889500 35.875362 35.870085 35.877146 35.875457 
35.843632 35.864664 35.889970 35.863507 35.856353 35.878347 35.858611 35.882441 
35.868310 35.858023 35.874644 35.881469 35.840777 35.856013 
35.846230 35.852159 35.888334 35.880785 35.874823 35.868291 35.879835 35.844842 35.855073 35.847488 35.850162 35.855928 35.868064 35.863320 35.886561 35.863846 35.878285 35.892079 35.847310 35.851974 35.883526 
