  0.172965 148.656967
  0.158508 142.364554
  0.169511 161.189044
  0.175404 155.425806
  0.182316 154.677119
  0.176984 171.387272
  0.163945 134.341934
  0.165694 147.296456
  0.174658 151.607586
  0.184032 152.703620
  0.170054 132.389941
  0.171768 155.587364
  0.167616 140.908861
  0.168380 161.005285
  0.168985 159.111165
  0.166149 155.339221
  0.162142 153.674761
  0.178259 145.908755
  0.177633 145.712341
  0.172661 161.945597
  0.181259 146.262591
  0.167995 153.668664
  0.180467 153.424855
  0.164905 161.968963
  0.167220 145.860473
  0.171317 163.115376
  0.171426 150.279489
  0.190226 134.767032
  0.165360 154.935935
  0.168061 152.832637
  0.166217 166.579228
  0.165448 160.195044
  0.177570 158.478527
  0.181987 159.594661
  0.182245 159.213055
  0.180544 144.715957
  0.171662 160.492092
  0.162150 151.217950
  0.177892 143.449385
  0.161880 148.104037
  0.166179 157.294095
  0.171414 161.555269
  0.175456 143.603431
  0.173952 152.611870
  0.165273 146.375555
  0.160297 142.774069
  0.173524 145.085387
  0.180898 153.259221
  0.173315 163.573669
  0.166724 154.602027
  0.169185 129.527583
  0.176303 152.299364
  0.186020 140.064386
  0.170947 155.815190
  0.161583 162.901988
  0.167347 158.171729
  0.172941 153.143769
  0.189418 142.893158
  0.182548 149.179433
  0.171043 148.493664
  0.162212 159.771963
  0.159823 142.521387
  0.169767 146.053242
  0.173412 140.540080
  0.186151 140.994992
  0.171462 140.406336
  0.174195 147.582397
  0.170886 155.510114
  0.173331 142.212434
  0.170621 150.860848
  0.167585 154.476017
  0.181208 142.780553
  0.173628 154.788779
  0.165929 145.228750
  0.177927 175.697624
  0.169922 141.942708
  0.167278 165.533648
  0.177258 154.739622
  0.181250 166.995602
  0.172721 164.409495
  0.171801 147.753495
  0.178062 144.891718
  0.174215 162.109304
  0.173757 138.701213
  0.173721 157.490264
  0.182762 139.230539
  0.175035 141.853589
  0.172412 158.268260
  0.179289 149.772978
  0.184689 150.720939
  0.179084 154.937473
  0.174864 135.390317
  0.180261 136.324490
  0.182777 151.433971
  0.163994 159.360744
  0.176420 146.439751
  0.169390 162.436445
  0.172663 150.736559
  0.170985 140.691038
  0.175692 169.769210
