-116.234346 -116.220633 -116.206864 -116.250916 -116.239229 -116.218808 -116.238845 -116.245201 -116.257283 -116.209676 -116.253465 -116.256344 
-116.234547 -116.254969 -116.234636 -116.249528 -116.210204 -116.248195 -116.245722 -116.244022 -116.249539 -116.248590 -116.223585 -116.254539 -116.207626 -116.237269 -116.256446 -116.208114 -116.211221 -116.239619 -116.259915 
-116.256160 -116.233943 -116.237819 -116.219681 -116.206703 -116.241221 -116.246561 -116.232583 -116.237742 -116.230740 -116.218786 -116.250683 -116.216143 -116.219770 -116.216122 -116.222011 -116.243273 -116.242909 -116.256325 -116.204932 -116.252644 -116.212634 -116.205309 
-116.257523 -116.243418 -116.240295 -116.251229 -116.229743 -116.252277 -116.252245 -116.253942 -116.228827 -116.210454 -116.220083 -116.235319 -116.211495 -116.227302 -116.260033 -116.210818 -116.219202 -116.224691 -116.239273 -116.212063 
-116.235993 -116.256162 -116.225887 -116.218121 -116.231683 -116.239211 -116.237348 -116.217780 -116.259806 -116.212851 -116.257853 
-116.236416 -116.254059 -116.223633 -116.213706 -116.214433 -116.229070 -116.215914 -116.248751 -116.229516 -116.229156 -116.213731 -116.233033 -116.223502 -116.239909 
-116.258900 -116.239638 -116.208225 -116.256396 -116.241656 -116.208515 -116.208375 -116.217560 -116.258712 -116.220142 -116.240443 -116.222810 -116.258419 -116.245640 -116.217805 -116.206105 -116.224049 -116.250802 -116.205761 -116.235298 
-116.206601 -116.242006 -116.236690 -116.218463 -116.213040 -116.235918 -116.224093 -116.246927 -116.215399 -116.210666 -116.208587 -116.237426 -116.235766 -116.249686 -116.256067 -116.207341 -116.237637 -116.221667 -116.217486 -116.251472 -116.237276 
-116.231190 -116.210169 -116.253454 -116.224329 -116.238294 -116.222660 -116.245244 -116.224708 -116.232975 -116.253746 -116.225732 -116.221635 -116.231707 -116.241289 -116.256498 -116.258148 -116.243720 -116.246145 -116.204978 -116.206637 -116.225875 -116.221976 -116.222481 -116.243275 -116.222501 -116.206811 -116.250096 -116.226238 
-116.204422 -116.229457 -116.210075 -116.247115 -116.222274 -116.254061 -116.251287 -116.235102 -116.241734 -116.205382 -116.230858 -116.229765 -116.233163 -116.223964 -116.250273 -116.248618 -116.205218 -116.236852 -116.246788 -116.258246 
-116.207867 -116.204933 -116.244185 -116.239506 -116.239435 -116.224048 -116.247038 -116.243831 -116.226709 -116.220473 -116.250854 -116.249007 -116.230443 -116.248822 -116.214499 -116.248976 
-116.246557 -116.204535 -116.207878 -116.254467 -116.214028 -116.208397 -116.219892 -116.243900 -116.258267 -116.215614 -116.222589 -116.245494 -116.247501 -116.259537 -116.207563 -116.221534 -116.240625 -116.242150 -116.257776 -116.229862 
-116.216323 -116.211090 -116.236974 -116.241785 -116.220803 -116.220818 -116.254064 
-116.207998 -116.235673 -116.242763 -116.257942 -116.241005 -116.223668 -116.216605 -116.238267 -116.232947 -116.224497 -116.205821 -116.214404 -116.237980 -116.243495 -116.220746 -116.228665 -116.219890 -116.236945 -116.210135 -116.202379 -116.210290 -116.212195 -116.243778 -116.224217 -116.256765 -116.259373 -116.236518 -116.220684 -116.257384 -116.202686 -116.213315 -116.252556 -116.213647 -116.240904 -116.233097 -116.229532 -116.238369 -116.251976 
-116.227378 -116.256313 -116.259371 -116.249542 -116.257677 -116.210703 -116.250628 -116.235847 -116.253150 -116.239951 -116.211306 -116.238719 -116.211254 -116.204830 -116.217013 -116.255257 -116.256578 -116.234392 -116.246768 -116.236250 -116.213601 
-116.221577 -116.251893 -116.236934 -116.223639 -116.241023 -116.241116 -116.254630 -116.210409 -116.235892 -116.235037 -116.247549 -116.228773 -116.233191 
-116.215360 -116.223853 -116.213835 -116.252767 -116.221886 -116.239688 -116.240631 
-116.221266 -116.252098 -116.211877 -116.216399 -116.253187 -116.257351 -116.229332 -116.213458 -116.232277 -116.219053 -116.256594 -116.259820 -116.250212 -116.244900 
-116.232468 -116.202456 -116.241395 -116.253211 -116.206401 -116.254779 -116.238902 -116.237520 
-116.212951 -116.258124 -116.209611 -116.215570 -116.235963 -116.258518 -116.222542 -116.249817 -116.251167 -116.250540 -116.211780 -116.221834 -116.203743 -116.232963 -116.207726 -116.258843 -116.243462 -116.234352 -116.240506 
-116.212226 -116.251342 -116.224491 -116.240693 -116.214269 -116.242204 -116.204561 -116.249626 -116.227939 -116.202905 -116.210808 -116.214628 -116.219603 -116.238891 -116.248147 -116.213128 -116.212581 -116.225831 -116.208131 -116.218724 -116.227332 -116.219113 
-116.256825 -116.236146 -116.211245 -116.237994 -116.233383 -116.229341 -116.211519 -116.229733 -116.233245 -116.217427 -116.234113 -116.234522 -116.245085 -116.215036 -116.236628 -116.243038 -116.257482 -116.229763 -116.239125 -116.225535 -116.229594 -116.228498 -116.224179 -116.204006 -116.206598 -116.214530 -116.239437 -116.214419 -116.210862 -116.240328 -116.236553 -116.232630 -116.236308 -116.252859 
-116.255424 -116.229109 -116.257451 -116.235219 -116.258865 -116.231803 -116.202944 -116.205677 -116.249842 -116.207451 -116.213234 -116.216127 -116.250557 
-116.259085 -116.202496 -116.202673 -116.202564 -116.234497 -116.228017 -116.212407 -116.244463 -116.258087 -116.246146 -116.205129 -116.231539 -116.256367 -116.235383 -116.237673 -116.218823 -116.207239 -116.206327 -116.252549 -116.226421 -116.222472 -116.254233 
-116.224648 -116.246743 -116.234841 -116.228373 -116.222582 -116.214743 -116.229596 -116.217485 -116.237597 -116.245578 -116.220525 -116.256412 
-116.210440 -116.232983 -116.258894 -116.254189 -116.245087 -116.245973 -116.204373 
-116.238325 -116.240206 -116.234331 -116.240814 -116.251780 -116.203209 -116.254321 -116.244231 -116.224469 -116.238963 -116.258890 -116.237549 -116.204376 -116.252078 -116.258882 -116.229766 -116.259112 -116.206940 -116.214647 -116.215689 -116.205273 -116.257436 -116.244543 -116.248620 -116.229674 -116.239159 -116.257917 
-116.225017 -116.239325 -116.217436 -116.209660 -116.239931 -116.204756 -116.241837 -116.216688 -116.230355 -116.251119 -116.212573 -116.211257 -116.246775 -116.209963 -116.237104 -116.210992 -116.227866 -116.225687 -116.213640 -116.208896 -116.221944 -116.222806 -116.248251 
-116.219346 -116.234772 -116.237916 -116.260073 -116.202815 -116.205504 -116.242466 -116.219067 -116.256480 -116.212374 -116.244766 -116.248715 -116.235954 -116.253336 -116.206737 -116.233844 -116.218542 -116.227811 -116.206458 -116.241362 
-116.255040 -116.219117 -116.206630 -116.208396 -116.248727 -116.215513 -116.245050 -116.214997 -116.231025 -116.217629 -116.224233 -116.237200 -116.219751 -116.215173 -116.249401 -116.257613 -116.250472 -116.215087 -116.212677 -116.202725 -116.205074 -116.247297 -116.209014 -116.229943 -116.243616 -116.213069 -116.235585 -116.226908 -116.213077 -116.254693 -116.219622 -116.213728 -116.253674 -116.210397 -116.207502 -116.211371 -116.240937 -116.229540 -116.259217 
-116.225634 -116.234547 -116.231527 -116.258099 -116.208976 -116.208334 -116.230870 -116.228119 -116.226570 -116.258379 -116.222115 -116.213478 -116.238378 -116.256711 -116.230581 -116.213652 -116.205701 -116.228831 -116.220960 -116.258736 -116.227108 -116.229604 -116.225316 -116.256417 -116.252162 -116.224212 -116.235522 
-116.235752 -116.233065 -116.234717 -116.215224 -116.258962 -116.224734 -116.209432 -116.238870 -116.203677 -116.211144 -116.256253 -116.216280 -116.218065 -116.209714 -116.243886 -116.205554 -116.238102 -116.232689 -116.216759 -116.208998 -116.211794 -116.210795 
-116.220435 -116.228674 -116.222217 -116.249058 -116.248750 -116.242114 -116.251570 -116.216369 -116.252870 -116.206841 -116.229694 -116.219792 
-116.210315 -116.232667 -116.248236 -116.224198 -116.236779 -116.207905 -116.241584 -116.240297 -116.211353 -116.229397 -116.245022 -116.240433 -116.243965 -116.230829 -116.202508 -116.225223 -116.250143 -116.217896 
-116.238134 -116.251248 -116.231256 -116.243668 -116.215244 -116.240109 -116.219063 -116.242434 -116.204700 -116.210388 
-116.232309 -116.226426 -116.207556 -116.247133 -116.250729 -116.242583 -116.241415 -116.211427 -116.233663 -116.249298 -116.215063 -116.237253 -116.219565 -116.256771 -116.238200 -116.206470 -116.242837 -116.230193 -116.218556 -116.248497 -116.228481 -116.221676 -116.231968 -116.249928 
-116.217079 -116.251605 -116.241659 -116.245253 -116.239722 -116.251552 -116.239701 -116.229443 -116.210088 -116.255024 -116.225714 -116.252220 -116.231466 -116.258030 -116.252563 -116.235600 -116.203516 -116.240462 -116.254536 -116.215892 -116.218758 -116.227643 -116.230049 -116.221585 -116.252632 -116.213070 -116.249911 
-116.255348 -116.234547 -116.230635 -116.240834 -116.211239 -116.250456 -116.204952 -116.219313 -116.242586 -116.214903 -116.217596 -116.244739 -116.240844 -116.207509 -116.223744 
-116.238199 -116.234002 -116.248355 -116.254808 -116.230856 -116.253306 -116.242445 -116.244629 -116.252321 -116.209863 -116.240934 -116.204772 -116.247946 -116.224993 -116.243126 -116.239091 -116.212824 -116.260045 -116.251846 
-116.212012 -116.249817 -116.218613 -116.248912 -116.249539 -116.214527 -116.256642 -116.203361 -116.220224 -116.209298 -116.225741 -116.249770 -116.222854 -116.242560 -116.256407 -116.239267 
-116.208604 -116.204672 -116.241527 -116.227993 -116.221305 -116.236234 -116.232029 -116.258661 -116.230773 -116.257789 -116.244099 -116.239301 -116.221683 -116.244406 -116.214047 -116.222871 -116.243501 -116.216336 -116.202434 -116.257828 -116.258110 -116.243086 -116.260087 -116.244013 -116.218712 -116.210263 -116.239740 -116.208128 -116.257930 -116.226783 -116.235868 -116.210379 -116.228243 -116.222575 -116.246056 
-116.214604 -116.260009 -116.249673 -116.219291 -116.246298 -116.215661 -116.235215 -116.212716 -116.209134 -116.227073 -116.234550 -116.248298 -116.212871 -116.229839 
-116.214424 -116.217269 -116.225139 -116.202884 -116.243037 -116.226222 -116.225258 -116.243772 -116.256371 -116.224940 -116.225704 -116.253611 -116.250589 -116.244804 -116.204274 -116.251928 -116.258752 
-116.222643 -116.218431 -116.240807 -116.217878 -116.229015 -116.226792 -116.225293 -116.245845 -116.256583 -116.252066 -116.259066 -116.252737 -116.230595 -116.214633 -116.216137 -116.242907 -116.211484 
-116.202365 -116.206576 -116.216583 -116.245085 -116.217281 -116.258123 -116.223170 -116.256545 -116.225694 -116.231879 -116.221281 -116.232031 -116.241136 -116.230098 -116.246019 -116.221972 -116.235267 -116.220112 -116.257621 -116.238320 
-116.221405 -116.244569 -116.250934 -116.208456 -116.211095 -116.216781 -116.233541 -116.230145 -116.244520 -116.205395 -116.236682 -116.204108 -116.207629 -116.221680 -116.243550 -116.256020 -116.242039 -116.256456 -116.257034 -116.203392 -116.249074 -116.243138 -116.212738 -116.250706 -116.218799 -116.209447 
-116.212439 -116.255665 -116.215164 -116.257198 -116.220964 -116.207595 -116.260126 
-116.250755 -116.245578 -116.249489 -116.208954 -116.229297 -116.211932 -116.234093 -116.237620 -116.225224 -116.230453 -116.258416 -116.213797 -116.205094 
-116.223674 -116.233145 -116.231730 -116.224910 -116.240328 -116.224936 -116.235573 -116.238557 -116.253881 -116.226458 -116.219826 -116.241362 -116.237543 -116.216968 -116.247297 -116.223032 
-116.221787 -116.204353 -116.228621 -116.251030 -116.257755 -116.259169 -116.231247 -116.212342 -116.257961 -116.222676 -116.231223 -116.241850 -116.203439 -116.209491 -116.253503 -116.219037 -116.210765 
-116.225723 -116.254640 -116.243103 -116.243150 -116.216333 -116.258451 -116.211383 -116.255880 -116.251009 -116.224048 -116.207821 -116.209243 -116.206212 -116.256438 -116.250719 -116.245879 -116.224360 -116.207344 -116.216859 -116.218548 
-116.226024 -116.216082 -116.216127 -116.218485 -116.249411 -116.216271 -116.230880 -116.258168 -116.215228 -116.243582 -116.216416 -116.228152 -116.251386 -116.226816 -116.217905 -116.238936 -116.206060 -116.237133 -116.224754 -116.221431 -116.234779 -116.247732 
-116.243940 -116.239750 -116.233675 -116.222875 -116.226533 -116.257200 -116.217835 -116.252191 -116.208386 -116.241325 -116.258346 -116.231547 -116.259502 -116.256844 -116.206755 -116.213882 -116.209097 
-116.253753 -116.203985 -116.230405 -116.257589 -116.258779 -116.242922 -116.256336 -116.240595 -116.202982 -116.242978 -116.203092 -116.255614 -116.220388 -116.226966 -116.216162 -116.232632 -116.253684 -116.225259 -116.236439 -116.211275 -116.228064 -116.220103 -116.208623 
-116.233071 -116.207959 -116.205628 -116.202357 -116.253624 -116.203302 -116.259721 -116.215916 -116.250590 -116.248124 -116.216153 -116.216508 -116.223057 -116.245459 -116.245640 
-116.218122 -116.233153 -116.258003 -116.235520 -116.223286 -116.255017 -116.218696 -116.217827 
-116.257774 -116.232036 -116.204155 -116.235454 -116.225520 -116.248669 -116.257589 -116.230028 -116.235313 -116.205591 -116.209029 -116.217981 
-116.244157 -116.213799 -116.257182 -116.253248 -116.244182 -116.224439 -116.230416 -116.228349 -116.255741 -116.233079 -116.228285 -116.221170 -116.250373 -116.230964 -116.240164 -116.213588 -116.217145 -116.248237 -116.244968 -116.216943 -116.223622 -116.243644 
-116.252363 -116.204867 -116.220239 -116.204974 -116.228149 -116.210968 -116.216133 -116.241923 -116.222008 -116.259600 -116.236467 -116.220427 -116.205353 -116.238586 -116.226772 -116.248262 -116.239608 -116.227462 -116.232467 -116.216912 -116.204855 -116.243981 -116.253118 -116.210756 -116.242095 -116.226381 
-116.229409 -116.213922 -116.235266 -116.256153 -116.253984 -116.220953 -116.237560 -116.230074 -116.254564 -116.213272 
-116.247799 -116.202782 -116.246845 -116.224278 -116.204537 -116.223373 -116.220089 -116.222544 -116.245062 
-116.240981 -116.233406 -116.246908 -116.237168 -116.258457 -116.231657 -116.242585 -116.231432 -116.210513 -116.229245 -116.209117 -116.258880 -116.210427 -116.239041 -116.206485 -116.257918 -116.245741 
-116.219180 -116.226045 -116.243682 -116.255795 -116.254756 -116.225917 -116.204643 -116.230845 -116.211752 -116.231483 -116.219628 
-116.208901 -116.203050 -116.229414 -116.212782 -116.231178 -116.245086 -116.235875 -116.252166 -116.204880 -116.244083 -116.221739 -116.212678 -116.240733 -116.205722 -116.210949 -116.219488 -116.206498 -116.233016 -116.228831 -116.244710 -116.225228 -116.208912 -116.247899 -116.211482 -116.242601 -116.257724 -116.255054 
-116.238949 -116.222817 -116.214924 -116.231773 -116.229278 -116.218770 -116.237187 -116.206599 -116.253688 -116.228138 -116.244790 -116.248754 -116.246058 -116.226692 -116.227221 -116.245287 -116.230985 -116.221595 -116.232288 -116.239764 -116.251292 -116.255782 -116.246289 -116.207421 -116.238526 -116.204470 -116.218600 -116.217763 -116.259779 
-116.258438 -116.243980 -116.205994 -116.245294 -116.233050 -116.204974 -116.256642 -116.237971 -116.235474 -116.248073 -116.228718 -116.214542 -116.251788 -116.210783 -116.232490 -116.224962 -116.260022 -116.241693 -116.235989 -116.224734 
-116.218385 -116.223553 -116.246653 -116.249207 -116.236114 -116.258997 -116.202720 -116.232316 -116.239586 -116.245437 -116.216859 -116.224884 -116.244666 -116.252314 -116.213893 -116.211564 -116.219029 -116.237008 -116.226619 -116.216994 -116.233619 -116.237919 -116.208830 -116.236015 -116.215774 -116.258964 -116.210564 
-116.240935 -116.238565 -116.207648 -116.238269 -116.250393 -116.211821 -116.255201 -116.239848 -116.234562 -116.244293 -116.209288 -116.233579 -116.223985 -116.233535 
-116.226356 -116.239442 -116.226380 -116.259422 -116.223611 -116.229102 -116.204135 -116.236238 -116.236554 -116.227073 -116.208666 -116.244153 -116.251293 -116.229436 -116.256942 -116.204999 -116.256246 -116.207321 
-116.245547 -116.220478 -116.251166 -116.230937 -116.246953 -116.218488 -116.232907 -116.203522 -116.204648 -116.238203 -116.255289 -116.211407 -116.210776 -116.233710 -116.251183 -116.252114 -116.230203 -116.240785 -116.202837 -116.243951 -116.224966 -116.210056 -116.215792 -116.229323 
-116.204533 -116.240474 -116.232882 -116.204932 -116.211724 -116.232558 -116.229109 -116.211815 -116.249547 -116.245956 
-116.232497 -116.256112 -116.241710 -116.230543 -116.260104 -116.252996 -116.233764 -116.224604 -116.209374 -116.242426 -116.226322 -116.257988 
-116.255840 -116.223389 -116.259804 -116.258204 -116.231016 -116.254571 -116.231522 -116.240606 -116.236284 -116.204398 -116.203746 -116.241872 -116.227018 -116.256225 -116.255275 -116.241262 -116.257677 -116.207406 -116.258114 -116.245146 -116.243701 -116.231870 -116.219453 -116.255432 -116.231821 -116.202435 -116.243446 -116.213011 -116.213187 -116.251325 -116.238536 
-116.239495 -116.259259 -116.251456 -116.204792 -116.255583 -116.209484 -116.245586 -116.218755 -116.219197 -116.212852 -116.210535 -116.216545 -116.224030 -116.229861 -116.218209 -116.227475 -116.258602 
-116.236362 -116.245964 -116.216980 -116.215120 -116.231604 -116.248168 -116.209619 -116.245691 -116.218578 -116.249359 -116.222305 -116.244441 -116.220921 -116.229983 -116.241864 -116.219324 -116.250509 -116.246329 
-116.233542 -116.219953 -116.259977 -116.259849 -116.253235 -116.221027 -116.242906 -116.259381 -116.238528 -116.226233 -116.232237 -116.205721 
-116.235908 -116.207520 -116.212290 -116.213327 -116.223721 -116.206108 -116.250183 -116.225321 -116.255740 -116.242309 -116.227534 -116.219616 -116.231116 -116.251620 -116.220869 -116.241935 -116.235426 -116.249360 -116.217573 -116.228734 -116.232951 -116.257869 -116.249077 -116.213099 -116.229203 
-116.248612 -116.210223 -116.239545 -116.243743 -116.235443 -116.211920 -116.259655 -116.212698 -116.222763 -116.222790 -116.244697 -116.226902 -116.217799 
-116.238120 -116.235226 -116.230050 -116.212704 -116.243270 -116.243277 -116.221687 -116.232075 -116.242428 -116.244815 -116.246672 -116.240201 -116.255648 -116.259031 -116.257527 -116.258416 -116.231303 -116.254466 -116.257453 -116.207037 -116.225852 -116.213389 -116.225165 -116.249591 -116.227200 -116.221544 -116.218384 -116.235206 -116.238221 
-116.221412 -116.239158 -116.221010 -116.244833 -116.205964 -116.219186 -116.249321 -116.241412 -116.217397 -116.251482 -116.237884 -116.235893 -116.243983 -116.218575 -116.256119 -116.228346 -116.254286 -116.238445 -116.212775 
-116.231279 -116.215107 -116.234019 -116.259379 -116.215836 -116.233682 -116.222671 -116.212457 -116.222992 -116.238774 -116.228121 -116.207655 -116.232758 -116.225646 -116.206848 -116.209384 -116.230456 -116.240641 -116.209764 -116.250998 -116.230328 -116.217893 -116.247623 -116.233300 -116.206323 -116.223103 
-116.224076 -116.205409 -116.221767 -116.204871 -116.229161 -116.253818 -116.250427 -116.230391 -116.205775 -116.230596 -116.205492 -116.259593 -116.255493 -116.221741 -116.235265 -116.206790 -116.255532 
-116.252772 -116.217008 -116.217899 -116.249479 -116.222447 -116.226414 -116.216512 -116.208512 -116.244422 -116.222754 -116.240184 -116.239904 -116.203982 -116.216875 -116.257910 
-116.250306 -116.231595 -116.249502 -116.233867 -116.249724 -116.249269 -116.232725 -116.213343 -116.218288 -116.208465 -116.216109 -116.210240 -116.225460 -116.255267 
-116.244219 -116.225369 -116.246559 -116.259650 -116.207277 -116.212710 -116.234830 -116.212484 -116.208729 -116.248013 -116.237701 -116.220563 -116.235968 -116.232232 -116.220612 -116.220553 -116.211248 -116.251024 
-116.230260 -116.220505 -116.258217 -116.204719 -116.213853 -116.231606 -116.256052 -116.217416 -116.227861 -116.206378 -116.238346 -116.234795 -116.236926 -116.210888 -116.233079 -116.254262 -116.222073 -116.211344 -116.250172 -116.214548 -116.209464 
-116.217818 -116.247134 -116.210208 -116.243721 -116.235094 -116.238758 -116.203832 -116.207527 -116.235829 -116.236718 -116.229111 -116.222186 -116.243111 -116.243454 -116.235857 -116.208734 -116.212916 -116.252975 -116.223065 -116.240673 -116.209711 -116.242928 -116.222788 -116.220899 -116.241598 -116.249356 -116.224460 -116.248362 -116.255395 -116.249339 -116.254223 
-116.202969 -116.217810 -116.236722 -116.233625 -116.233581 -116.240358 -116.225032 -116.206185 -116.240256 -116.211428 -116.257200 -116.238360 -116.212803 -116.249090 -116.241114 -116.258067 -116.246434 -116.217731 -116.242593 
-116.212818 -116.211348 -116.252971 -116.248776 -116.229675 -116.202478 -116.233042 -116.218596 -116.215263 -116.205660 -116.234860 -116.228953 -116.258761 -116.202841 -116.233766 -116.233944 -116.222599 -116.220729 -116.212018 -116.225337 -116.235841 -116.219283 -116.254510 
-116.253038 -116.208340 -116.212823 -116.202495 -116.227868 -116.243376 -116.218903 -116.251434 -116.234776 -116.211057 -116.214569 -116.243169 -116.230134 -116.203531 -116.251735 -116.231113 -116.213974 -116.256095 -116.207992 -116.202927 -116.253911 -116.253389 -116.206068 -116.231124 -116.215266 -116.216274 -116.224551 -116.212175 -116.206849 
-116.224253 -116.248999 -116.229359 -116.227524 -116.237310 -116.222092 -116.256584 -116.210615 -116.214683 -116.202502 -116.237037 -116.253166 -116.258474 -116.205561 -116.236618 -116.258873 -116.208466 -116.207717 -116.203649 -116.257026 -116.219387 -116.256823 -116.212186 -116.228518 -116.258514 -116.207492 -116.232070 -116.228716 -116.247408 -116.252157 
-116.233636 -116.240930 -116.229337 -116.206063 -116.251092 -116.229614 -116.223298 -116.209779 -116.238497 -116.208947 -116.216577 -116.241577 -116.245002 -116.251976 -116.241678 -116.216196 -116.221194 -116.254507 
-116.204931 -116.217754 -116.207075 -116.244492 -116.253134 -116.228505 -116.243648 -116.246333 -116.224438 -116.220941 -116.225713 -116.251407 -116.240859 -116.237757 -116.210069 -116.240713 -116.235264 -116.255359 -116.249362 -116.204834 -116.222611 -116.205786 
-116.233858 -116.228054 -116.218621 -116.247689 -116.252113 -116.244680 -116.208719 -116.218452 -116.203693 -116.254881 -116.254940 -116.210931 -116.256041 -116.216246 -116.240593 -116.246678 
-116.254440 -116.210447 -116.206424 -116.227570 -116.255309 -116.227369 -116.204117 -116.206835 -116.252131 -116.253394 -116.218622 -116.258146 -116.260116 -116.240659 -116.205377 -116.250905 -116.208251 -116.245128 -116.210925 
-116.223850 -116.226548 -116.259043 -116.223401 -116.212378 -116.258873 -116.254747 -116.217205 -116.259482 -116.216277 -116.234782 -116.232684 -116.217773 -116.208152 -116.218174 -116.219974 -116.223526 -116.223248 -116.203090 -116.214022 -116.221556 -116.246514 -116.249266 -116.235700 -116.209237 -116.253980 -116.233771 -116.210933 -116.210147 -116.214430 -116.232840 -116.216322 -116.209175 -116.231331 
-116.232232 -116.259913 -116.236345 -116.236609 -116.224591 -116.255406 -116.254477 -116.223361 -116.227497 -116.233561 -116.206969 -116.221958 
-116.229064 -116.234509 -116.238030 -116.226285 -116.251720 -116.212214 -116.241771 -116.221049 
-116.258084 -116.242483 -116.215136 -116.238679 -116.205653 -116.258839 
-116.254548 -116.222013 -116.243548 -116.232590 -116.245090 -116.242602 -116.209128 -116.207272 -116.237131 -116.227462 -116.232076 -116.236281 -116.206760 -116.224383 -116.245245 -116.242985 -116.259240 -116.212126 -116.204308 -116.221349 -116.255053 
