  35.862537 -116.240161
  35.877354 -116.239538
  35.849166 -116.257547
  35.847972 -116.208101
  35.872039 -116.258030
  35.849044 -116.256579
  35.856392 -116.221779
  35.860456 -116.229179
  35.872060 -116.251125
  35.869369 -116.205064
  35.880632 -116.249411
  35.870720 -116.238907
  35.867461 -116.253434
  35.871290 -116.214156
  35.883378 -116.216378
  35.880176 -116.229250
  35.881545 -116.235098
  35.855361 -116.218673
  35.874999 -116.235873
  35.864050 -116.213155
  35.888937 -116.247477
  35.842467 -116.207705
