  35.870903 -116.258627
  35.848306 -116.216985
  35.844448 -116.223377
  35.884831 -116.219775
  35.870307 -116.235743
  35.865780 -116.218268
  35.880398 -116.251400
  35.884751 -116.243011
  35.890443 -116.225271
  35.890801 -116.245317
  35.850547 -116.211816
  35.882966 -116.228821
  35.843959 -116.252066
  35.875900 -116.202945
  35.862074 -116.248930
  35.841257 -116.221921
  35.867660 -116.213820
  35.840641 -116.205805
  35.880217 -116.214628
  35.886257 -116.251808
  35.873485 -116.224536
  35.851542 -116.215979
