 89.338764 801.687512
100.781900 799.629984
139.557070 797.900973
100.841074 805.230080
 78.149505 802.450711
 68.005072 803.087308
 88.992347 802.034577
 84.556519 803.729384
 96.681750 802.200505
 80.728166 804.058834
 94.314884 803.793580
 65.707135 803.442870
 56.513542 803.178201
 79.846702 802.331283
 73.565466 795.045507
 94.307208 802.911172
 68.937045 799.921187
 64.849883 801.755097
 79.970589 800.414900
 47.244838 806.245139
 63.805355 802.600265
 95.413953 802.945976
 91.987919 804.513257
 69.409496 797.438539
 95.289757 801.366101
 71.569624 802.873377
 83.953553 801.906478
 52.553018 804.397894
 66.358386 804.270018
 76.997107 801.580657
 89.092767 803.980508
 60.805757 802.644014
 92.551340 800.919656
 95.816349 804.642093
 89.855636 804.355515
 63.552098 799.740191
109.153283 804.934628
 72.929713 802.893250
 71.568449 803.781988
 97.936014 802.687721
 68.212834 801.738298
 74.183150 802.660173
 95.215972 803.174539
 58.310761 804.490758
 72.634269 803.929038
 54.602625 800.432133
 99.551800 805.514252
116.198246 802.068742
 57.260997 802.619369
 74.440820 801.946200
 48.823674 802.559229
 82.685187 803.237993
 96.811794 801.640405
 63.165232 798.616369
 56.227594 803.113530
 36.226580 801.152587
 78.506681 800.332971
 76.700085 800.630726
 99.102856 802.381494
 72.745877 802.159613
 74.060758 800.368828
 78.085619 802.939520
 62.066111 801.238875
 66.290542 804.611153
 42.655473 803.142504
 81.517796 801.210854
 69.358337 800.605992
 53.730625 802.086728
 47.776836 802.718346
 85.743693 804.173143
 56.796246 804.587125
 90.943484 802.616032
 76.476087 800.594986
 52.654124 803.100547
 72.198372 801.620423
 55.899609 803.037727
 77.455322 803.412109
102.532966 799.701365
 91.492982 798.746711
 76.633520 801.005318
 76.912585 802.549933
 66.725291 796.196013
 51.838788 804.627165
 78.380127 802.378103
 94.812871 802.702992
 71.864977 799.432423
 76.884000 797.167756
 65.303017 802.997327
 70.520448 802.758168
 92.524133 800.125400
100.080514 805.166659
105.468448 800.554183
 89.057169 800.799359
 43.565676 803.331698
 81.226579 801.206655
 70.283792 802.357245
 90.871751 802.622365
 52.602721 804.420383
 50.355813 801.688241
 80.015903 804.097182
