  0.176364 116.573826
  0.205825 121.772795
  0.176290 122.827946
  0.169523 120.643860
  0.189298 109.728794
  0.175247 107.256657
  0.184881 119.261601
  0.197190 111.222100
  0.177129 108.262970
  0.177371 117.858207
  0.177290 111.993519
  0.176162 107.429634
  0.181567 103.132379
  0.179191 128.088513
  0.185612  95.152207
  0.178887 109.839627
  0.181971 107.069307
  0.187225 114.591328
  0.202519 111.989472
  0.176050 112.283869
  0.191513 112.178871
  0.185304 120.567089
  0.192877 114.703921
  0.184018 130.610849
  0.185104 122.265616
  0.176936 117.247644
  0.190397 115.729212
  0.177230 114.423720
  0.189118 122.619495
  0.192283 115.831589
  0.184868 106.121876
  0.174613 117.470054
  0.164652 118.086188
  0.171169 121.585726
  0.173341 115.199610
  0.186194 110.907693
  0.176144 106.836634
  0.189004 106.048501
  0.174703 108.223743
  0.190823 108.513559
  0.171888 122.630190
  0.186592 113.373544
  0.179691 123.928448
  0.173369 122.804917
  0.187361 110.712294
  0.179273 113.381701
  0.184711 117.575273
  0.190068 120.610385
  0.175176 110.314510
  0.180234 109.287650
  0.184817 106.111578
  0.195020 117.806802
  0.190344 119.468131
  0.182447 109.194480
  0.187016 108.810933
  0.180429 117.635176
  0.176158 118.474946
  0.206093 118.577877
  0.190553 116.763106
  0.183969 114.991538
  0.182780 114.618332
  0.183651 120.938079
  0.188296 111.839123
  0.186922 112.432989
  0.185726 121.653965
  0.193023 106.118833
  0.178654 110.119647
  0.188323 109.672887
  0.187505 119.844453
  0.186840 111.027116
  0.167306 109.635902
  0.187301 122.503962
  0.192573 110.655981
  0.173979 112.815781
  0.176197 108.652338
  0.182721 107.756301
  0.176342 120.271259
  0.207667 110.126145
  0.209613 109.665291
  0.177815 113.520992
  0.170915 114.000508
  0.175280 115.842007
  0.178567 113.935541
  0.166248 115.783457
  0.183544 122.014427
  0.179486 110.137595
  0.180324 105.326466
  0.186544 108.656227
  0.188923 119.506474
  0.202552 129.985645
  0.192064 115.263070
  0.181875 119.126994
  0.197964 123.823081
  0.186473 114.053751
  0.176609 123.936470
  0.175000 115.115052
  0.209602 122.438765
  0.174474 115.393149
  0.192146 129.702743
  0.179803 114.535994
