0.507083 0.458161 2.651815 0.070188 3.420030 0.009826 0.712292 1.866590 1.120845 22.585237 2.413052 0.054536 6.451085 0.484981 6.252898 4.258863 0.070080 
0.937074 38.043097 2.345130 1.020761 7.751467 0.020933 6.733579 3.216153 0.054097 0.131734 11.250091 0.215791 0.020684 0.203874 1.384310 
10.857311 7.705884 1.221790 0.385396 2.473453 1.722162 0.893013 5.403310 3.361628 7.522272 0.041515 21.671048 1.586340 0.408090 12.149009 0.252341 12.967512 56.101926 0.224914 2.186065 2.064177 5.455327 1.635311 
3.622191 0.174043 1.601620 12.874486 4.492436 3.819218 1.165995 0.688372 3.149320 0.190441 0.955811 3.021758 3.101290 2.703583 6.077629 0.064422 4.402482 0.462122 2.556565 2.189033 8.745827 0.157851 0.613825 10.127570 
4.550718 0.313575 0.339353 8.039591 4.012811 7.654091 2.741376 51.506957 51.929957 0.553348 1.155787 9.997830 3.238122 0.680597 0.731416 
22.381973 3.207422 11.051193 3.958941 0.985701 1.493974 2.778734 0.929264 0.236853 16.349147 0.881086 0.484348 2.172974 0.081714 0.712032 3.994725 1.821240 6.648606 40.217815 0.724471 0.287350 0.691459 
4.272858 1.023407 0.856492 0.595005 2.722717 4.364124 0.116933 0.810443 0.345942 1.523253 0.655169 1.177976 0.048621 1.599317 2.143264 0.269102 2.636854 2.831611 5.582347 0.823895 2.282498 2.038901 0.263300 0.627430 0.273758 
0.631256 8.527697 4.422919 0.032428 0.110920 1.129895 0.700984 6.531388 0.778358 29.710657 0.135999 3.322538 0.966675 0.025302 0.568711 28.719496 5.813525 35.682050 0.297808 
0.066598 3.430475 3.891522 7.355252 3.072879 0.580582 0.142611 4.475232 1.242376 1.078326 8.807129 0.080852 0.705323 97.649597 1.181171 15.079894 0.672805 12.562738 4.625928 
3.757766 0.813954 8.083559 0.027873 9.605377 0.359727 102.854659 0.419224 0.234957 0.507103 0.123350 
0.311839 1.693015 0.159947 4.277457 0.022959 7.426482 6.073630 0.003573 
0.034768 10.352848 0.454694 0.010275 0.024589 1.643700 0.072209 0.008953 0.047383 0.011509 0.295828 0.010035 0.043774 0.651391 0.625699 0.399269 5.151517 1.275597 0.067194 0.361242 0.215237 0.017766 
0.106564 9.373990 0.809370 0.300601 3.874662 0.009822 3.414976 2.085495 0.016287 0.427218 0.120867 1.510605 0.697322 3.573020 0.107465 0.035843 
0.510557 0.545129 0.200981 3.849152 0.068136 4.682775 18.738566 0.116811 3.673094 0.033208 6.377216 1.203792 42.885761 0.032737 13.607528 0.017004 25.986732 
1.498262 7.087620 0.095296 0.350046 16.518264 13.676974 1.358153 13.330473 0.110240 0.417695 6.009219 3.917687 18.558967 0.011873 0.074439 17.419406 0.598106 
4.983127 1.053882 75.474393 5.661112 10.595767 2.816049 0.073040 0.610418 2.558075 3.395314 0.456981 0.184009 2.114469 17.859665 0.176396 0.082329 0.063496 
1.091575 4.541926 0.151030 13.702410 10.598974 16.060512 1.892365 7.215147 4.123999 0.857960 3.275398 0.157793 1.642065 0.629887 4.635611 0.180699 10.383316 0.930682 0.563724 0.112788 17.007312 2.883955 
2.976317 1.223042 13.742175 8.044282 4.268939 3.190419 0.691618 10.997018 2.416974 77.821351 3.047230 1.785082 3.874748 3.215492 1.170183 62.146342 67.461163 7.804753 18.414137 20.003837 1.474271 4.039522 6.401611 83.936960 31.382209 16.418609 0.636969 44.211299 9.823970 2.459261 5.366126 20.302256 2.609720 4.571542 0.546101 0.576359 150.685547 2.243295 0.190537 
1.565571 1.009004 0.792186 0.215611 1.300717 4.226416 54.395255 1.579827 0.392050 0.668561 6.409512 0.928376 0.263168 1.331252 1.013719 21.525845 0.471134 1.271909 0.277285 3.214928 0.052998 1.628788 0.203319 0.059937 13.919001 24.318466 1.863714 12.019774 17.364309 4.652127 
2.433272 19.111659 0.027652 5.508956 29.336684 3.655878 3.188152 0.071340 0.019966 2.853838 0.364386 0.029523 0.341769 0.634417 4.797392 29.491552 0.134747 0.262694 0.431045 0.676267 0.466046 1.068704 3.967092 6.706939 1.282869 0.128001 0.093432 66.194136 2.931206 
0.198497 12.274617 10.236499 11.350886 0.573489 2.579721 0.793631 0.100132 1.957778 47.122526 34.682270 0.530423 1.290648 0.065375 
1.876374 1.148058 2.279351 0.394830 5.212924 0.672546 1.914808 0.997504 5.465008 1.392148 0.362602 1.028253 0.363264 0.763012 0.444455 0.198319 0.687824 2.435600 0.596995 0.063529 0.241858 0.023560 0.100090 4.815479 0.057733 0.720720 0.142989 0.842933 4.323824 0.444108 1.042377 0.241688 0.029590 0.984488 1.424059 0.681791 0.377906 0.090847 0.812249 0.786979 1.563598 3.420501 1.227735 3.205964 
3.055668 4.112132 0.359945 0.158986 0.094499 0.422338 3.953335 1.715593 21.947286 
1.131649 3.587164 93.605620 1.145968 4.615920 1.353746 56.725279 0.656401 58.502705 0.217400 10.098790 0.457036 1.719100 0.090041 2.567059 16.971360 0.506438 1.400651 7.380551 0.650683 1.530040 13.262143 44.769950 0.825040 0.889589 7.244197 1.678204 33.739149 0.506487 0.607092 0.072687 0.262170 
1.247692 0.174927 4.562824 2.161598 8.100332 0.196240 0.037811 0.284099 2.944352 1.635264 0.690506 0.184928 13.834660 2.482451 1.437185 4.268230 
3.608188 11.218777 0.195559 1.761687 0.339672 0.291471 1.316202 11.923866 0.064021 0.024504 44.612103 3.168122 
1.953547 22.133683 0.156345 0.271547 0.219200 4.909677 0.598293 0.671671 18.256133 1.289589 8.073975 2.198568 0.998149 0.248213 1.748730 2.911732 0.868044 1.210178 4.504231 0.018447 0.615455 1.097227 0.738378 2.864221 2.181335 14.530414 0.022261 
24.181223 1.906359 0.036021 2.770205 8.571241 0.046913 0.029812 4.389701 10.451272 0.699719 0.081839 0.015918 4.330675 
0.361826 0.009152 0.228795 0.353559 18.253885 0.112215 2.623593 2.649885 0.009537 
3.395281 7.939876 1.234776 2.085468 1.935181 12.366871 23.619034 0.199460 0.387106 2.536856 7.758714 5.670472 1.818018 0.762283 2.565280 0.899156 0.717275 1.233395 0.398832 2.228213 24.381367 5.725978 
4.947281 1.130653 4.894542 0.113905 0.171650 5.605044 0.425489 27.161255 0.793014 6.231729 2.626326 0.479171 0.246768 0.571563 2.129968 5.022906 2.648328 6.714746 
1.134162 0.128969 0.034173 0.046436 0.018501 1.637847 23.391052 0.070661 18.592813 6.293358 0.384940 0.056817 0.850240 0.016369 0.140395 2.306077 2.430796 1.610218 0.450509 0.112526 6.816771 0.943106 3.233488 0.217328 0.674697 16.210106 0.723719 0.427234 2.562852 
7.492216 0.223067 0.805976 5.310932 0.062787 0.196706 16.265754 1.487639 7.848024 2.040876 1.723154 5.065495 14.688447 0.860460 0.548087 3.415851 0.909756 0.643447 0.764549 0.260557 3.505240 2.672068 2.696631 16.661286 8.460855 1.148131 0.232270 0.966150 1.272602 0.074049 0.239916 0.235666 
4.432916 9.475695 0.212285 2.658351 0.504003 2.571843 0.058054 0.009375 0.115784 0.352323 0.593673 2.191222 0.319680 12.106405 0.086884 0.201798 0.670190 36.841383 0.015610 0.046403 0.035101 2.772058 0.086033 5.861750 0.827202 10.247878 1.219294 0.037177 0.099271 1.111302 
2.695684 0.278651 4.390489 1.089804 0.881216 3.027862 3.062761 0.208288 3.372889 56.400691 2.206046 1.881785 0.438343 0.440525 2.309142 
0.611809 1.008442 15.289287 35.334736 158.206105 2.635659 0.241558 171.663610 0.713832 4.178435 19.216172 30.780777 16.124476 27.899051 0.139247 1.718901 0.998043 1.443181 
0.235533 10.711494 0.045825 19.085340 0.091416 0.251779 3.648583 1.550956 2.850100 0.016498 
2.587385 0.145569 0.054848 0.126767 0.524042 9.845411 9.230609 0.197316 6.355924 0.836201 2.093235 3.745313 2.289368 0.225163 0.794222 2.706881 9.456133 0.504039 17.612356 
0.864940 0.148411 4.605516 0.603590 0.829552 29.860537 33.134284 0.067378 0.206118 2.082273 0.515060 0.904622 0.078299 0.047135 3.207768 1.053222 
0.264230 1.869608 16.384384 0.399400 0.214380 1.269711 89.135116 8.524439 5.302451 0.159050 26.628652 0.137598 0.189934 0.303684 1.088173 1.348479 1.617348 0.268156 8.247841 1.243872 0.858984 
1.413321 15.364942 4.449325 0.160821 2.783529 2.159388 1.451561 1.361385 2.941712 6.921204 2.070482 0.056259 1.084684 2.212773 1.035757 0.561539 1.437071 0.302119 0.884027 3.777260 0.278237 0.825036 10.273388 
0.026985 23.754498 4.689172 2.020558 0.904654 33.231975 0.054848 0.191028 1.796424 0.426384 0.067930 1.540568 0.115032 1.114111 0.055964 0.016987 0.669983 1.714684 12.603958 2.450195 0.744397 7.879618 1.774670 0.011247 5.402036 22.930214 3.115199 0.009168 20.240970 0.035662 0.397003 0.374903 
2.413918 30.421183 16.932497 0.458941 0.917440 0.097413 0.069905 
2.858220 2.926042 0.946089 0.569477 1.012078 2.399602 0.184298 85.785327 0.548385 0.109056 1.645752 0.977382 0.776321 
8.912614 3.993268 0.175846 0.034371 0.740564 19.288190 0.436800 0.278424 69.702343 26.186957 7.409976 16.334076 6.794207 0.063269 2.980894 3.882984 1.874019 0.080641 1.747535 
3.014332 0.337826 0.130245 0.790823 0.012361 0.036792 0.316438 0.540005 1.591395 1.627725 1.647336 4.051495 2.643400 14.970049 0.011156 0.714733 6.197037 0.136201 8.987718 1.325454 10.329759 0.035809 3.006259 0.183067 2.002207 0.281972 0.015834 
1.593586 0.186004 2.418582 0.277887 2.437272 0.055519 3.822437 0.035332 2.365428 0.464880 13.947776 0.066225 0.004300 2.065245 1.384554 34.256784 2.834592 0.012650 
0.003775 0.128940 0.322855 1.024778 5.114914 0.016107 9.099918 0.007147 0.054581 4.894404 0.178114 
3.897289 0.232186 0.283095 18.161036 35.407822 0.012757 0.083780 0.125885 0.384412 0.086205 0.179391 0.104474 0.296328 0.268519 0.213050 1.974865 0.144894 0.323815 0.033003 7.797993 0.012177 0.097037 6.214747 2.385467 
6.462006 4.641526 1.992734 0.716965 9.427868 0.887482 9.241653 8.563537 0.128690 2.843990 5.913912 1.225224 2.624047 3.189325 65.075817 1.460958 18.166554 
2.931339 0.029043 1.182417 1.446615 4.620730 35.585086 0.172183 11.803578 3.297060 0.056595 101.988389 71.886002 0.327755 0.435493 8.051047 0.960998 78.489071 19.851694 20.345892 1.068869 0.212092 0.057142 67.076401 
44.893994 0.171114 0.037773 8.713920 4.955228 1.543104 5.043852 22.200379 3.029267 16.512201 1.841615 2.730490 1.949984 5.445537 2.440390 27.238760 
1.005203 0.794570 0.463484 3.664036 1.498211 0.957844 4.937238 1.244807 0.839125 0.757585 2.086414 2.893701 2.005167 0.277290 
0.047915 1.058602 82.043765 1.289095 0.204907 0.057191 7.431484 2.103245 0.373611 0.175877 1.218211 0.578350 0.440460 9.366267 0.891543 0.062311 0.469519 0.725983 1.111522 5.036853 2.766083 1.024324 
3.653523 62.908521 0.319456 0.370961 4.594961 0.051523 1.489185 5.554976 2.378909 0.281256 
0.008143 5.165724 0.823538 5.463458 4.182852 0.601077 0.852338 4.055191 4.872957 0.270604 0.021012 0.015778 0.478056 
6.912199 1.301997 2.501631 1.424146 11.078130 0.105876 1.715886 0.042325 10.424950 0.595116 0.365128 13.873588 1.393983 27.076301 11.094955 0.235900 0.645706 1.667048 46.115070 8.807437 14.616910 0.862416 0.026856 0.376427 
14.106021 9.695381 2.111480 0.387407 1.140453 1.191702 0.686634 3.393816 0.508969 4.397667 
1.716480 0.122495 7.083664 3.218301 2.028717 4.058175 3.276231 
0.874415 14.680592 4.004458 0.767103 3.276690 0.640686 4.890587 0.607635 4.548809 0.064178 5.065907 0.030208 3.455903 6.477685 0.149874 0.380024 2.156063 0.180745 0.790551 2.234666 3.097916 3.037604 0.612659 0.270871 0.308606 28.816560 0.551359 0.248060 0.632899 54.775415 1.078922 2.494946 5.601154 1.438310 0.110308 
7.260802 3.459410 66.714791 0.389903 7.636221 0.235389 137.805257 78.796323 6.639859 78.147509 23.644185 25.106245 29.264512 3.636937 30.462142 0.926297 66.560581 2.865142 0.965760 11.420037 1.347162 1.403820 483.217313 11.388115 6.394273 0.200328 20.098031 
2.934873 0.181836 0.573000 0.221777 13.663887 0.446797 3.003336 0.970016 1.320251 0.717152 1.128943 2.178308 0.422178 0.225623 6.224368 0.569776 0.014839 0.591966 
1.584492 0.120722 1.888592 0.231793 0.803406 2.028826 0.346506 7.048277 0.112661 7.209846 0.255977 0.152941 0.049685 2.282398 3.365627 0.261552 0.159473 0.141324 14.608372 2.324194 0.195582 8.796213 0.338663 1.315928 0.399509 0.327704 0.271680 2.492121 0.553429 0.727046 1.070114 0.207636 0.595653 
0.044101 1.394480 0.135374 0.191640 8.187979 0.018837 0.342563 0.043758 0.043546 3.290730 2.859510 1.163938 0.157401 5.459970 0.988745 1.736535 0.089001 0.082124 0.210448 3.270503 0.349361 0.450011 0.725007 0.001851 
10.925528 58.644466 0.778607 0.224521 2.692857 0.954389 3.096365 8.052322 1.421254 0.302173 2.763444 0.044164 0.084608 0.388409 0.335409 0.223351 135.199692 4.321573 0.167440 2.243006 8.580000 2.454963 0.372861 7.465485 0.250849 0.669070 0.310858 7.071352 
3.045166 0.359136 0.429703 0.254471 0.388159 0.753320 0.081022 7.564041 0.248560 3.754234 1.860529 3.203331 3.066902 1.373984 24.073363 
6.918421 1.751941 8.302989 0.316794 4.029284 0.121645 0.889304 0.832063 0.320119 0.163363 0.502921 0.283043 0.006953 1.944976 1.768080 0.068392 0.126084 0.526609 15.166728 0.145681 0.044015 0.971016 0.615840 0.149330 2.235528 0.130714 0.422524 3.296820 0.032184 0.056206 9.860739 2.079993 2.373681 0.661162 
0.711320 0.734276 0.281092 0.036978 4.880752 0.073066 0.043193 9.737047 12.234791 0.405622 0.017176 1.888934 1.851030 1.408958 12.829518 0.611161 3.652367 0.165949 1.504612 0.023535 0.504909 0.413745 0.801324 2.512266 0.130485 26.234219 
0.187176 0.492373 1.064320 14.555503 0.006823 0.046264 0.681262 1.843218 0.008036 0.014347 4.317462 0.299761 0.352962 7.514260 5.340689 0.823043 0.068658 0.312595 4.478016 1.005409 1.884158 0.150048 15.770766 0.048617 0.171388 1.730378 0.494508 0.024390 0.361724 7.273597 0.036508 2.139514 6.095546 1.372718 0.037098 
10.459194 2.467709 0.927212 1.166783 2.961048 6.183011 3.179257 0.320555 3.876574 10.148008 6.227491 0.496548 3.030555 40.622214 1.267905 0.150554 1.428676 1.862832 0.058102 3.119215 0.317535 0.148307 1.123156 2.709244 4.113842 14.357128 1.788518 2.451021 14.796252 11.042726 1.117902 4.002706 3.436749 34.854074 7.692899 50.764080 0.468553 0.722057 0.876615 
8.923215 0.455672 1.685433 1.450375 1.764929 0.012448 0.374398 1.075122 2.751349 5.035456 0.675311 6.074500 0.086044 0.084147 1.132360 0.523913 0.836306 1.301657 2.890219 0.284164 0.990189 1.086246 0.231373 1.056246 1.757529 0.093618 1.930968 2.517058 1.010220 1.486118 0.259884 
0.387418 0.701494 0.085501 0.882476 1.751177 0.089421 0.234585 0.023984 13.236528 0.466429 0.038754 0.507863 0.078338 0.028489 7.016155 0.646269 0.447238 22.879875 0.010352 0.158196 
2.674546 0.532072 65.461527 0.039109 2.311316 0.864775 12.002464 0.562901 4.671353 5.889553 0.255107 
0.830325 47.046462 1.333708 0.052786 0.414343 0.025720 2.585106 15.514074 22.590607 3.556868 0.470215 0.483199 2.886181 39.580413 0.429643 97.128674 1.747372 18.283669 1.877495 0.427185 40.587249 19.282150 
0.945964 0.061497 9.032267 5.065224 70.042156 3.043720 8.294748 0.192285 6.099116 6.840264 1.710772 
9.164016 0.002706 0.605787 9.468585 0.001831 0.026417 0.030595 0.588664 0.901278 0.187055 0.512076 7.467832 4.227230 0.039346 0.118666 0.218815 0.138134 0.066593 1.685763 1.935071 0.053995 
0.086628 2.632842 3.958958 0.036562 8.608487 0.361704 2.381784 0.087346 0.367657 0.033223 7.434578 0.127368 1.926587 1.288563 
11.876907 2.745518 1.159882 0.231488 20.103467 2.076866 1.434521 0.427451 7.515473 3.009857 0.154016 0.064949 0.135359 0.420095 0.409403 6.618274 3.269440 0.761002 
0.054428 9.778815 0.733411 2.238116 0.176957 0.182495 0.012558 0.376071 0.494078 0.201919 1.371033 0.241450 2.977702 0.819393 0.047423 8.048440 0.161127 2.401000 12.944399 3.985463 7.864750 1.078752 17.049310 0.807876 
2.384521 0.371078 9.200676 16.345466 3.708016 0.056953 0.150505 0.139943 1.990034 0.029638 1.892843 0.035151 4.952167 8.211845 0.501345 0.033834 0.341852 0.114625 0.158861 0.058995 1.457157 7.026073 0.195411 0.016815 2.989180 0.237790 0.191240 0.209441 0.053286 0.130546 1.651707 0.039842 0.656786 0.451837 0.104689 15.414657 
1.654412 11.997152 6.853242 3.194234 4.013635 0.045275 2.578133 1.000438 0.494325 2.072035 0.458065 0.477610 1.614085 1.354903 0.439138 3.045664 0.599917 7.791764 2.978431 0.329549 0.924470 5.160150 1.314917 26.769138 0.198019 21.617659 
0.029567 0.507305 3.445357 48.468370 0.470486 7.706272 0.203357 2.384564 2.729839 0.553850 3.966504 0.541545 0.135537 3.667388 4.413473 0.956296 0.221334 7.592544 7.751466 1.581825 5.683264 1.738129 0.236779 0.301678 0.124656 6.068681 0.317014 2.212557 1.647442 6.736012 4.133202 
2.170987 0.319994 0.020098 6.227571 0.320686 7.938643 2.085303 0.039205 1.893673 
0.111246 1.119915 0.768409 1.100941 0.139378 1.705934 0.470825 0.165178 0.598998 3.534302 0.235631 1.104477 0.135686 8.634082 0.662036 0.035632 0.174717 0.113604 0.191008 0.058784 
0.534564 0.894637 10.610209 0.044881 9.842461 0.131050 2.112378 2.454785 0.022513 0.088819 0.473305 32.178982 5.760523 0.570839 0.049590 2.638325 0.071611 0.106783 5.435941 0.020842 0.342674 
1.334366 1.141480 2.887691 5.248105 1.486133 2.896520 7.444917 1.310429 4.354881 0.527524 1.938061 1.281010 
1.452084 0.101251 0.392514 0.013692 15.666091 0.681878 3.049173 6.150251 6.450378 0.006711 0.481772 0.104290 0.490959 6.585349 5.186205 0.109618 0.051971 0.538718 0.279184 0.727117 0.084920 
0.051059 0.067181 0.078539 0.747966 3.896536 4.144532 0.487919 0.582881 0.745840 29.757227 0.517513 5.221515 2.678123 0.295949 0.129667 4.809645 11.390869 4.138631 5.800977 2.720579 61.189639 0.120806 0.063061 19.430539 0.195345 1.370953 0.562408 0.153194 0.073971 3.331504 5.227350 0.291530 0.842463 5.039067 0.015739 4.703578 0.215023 8.560741 3.560826 4.121581 0.030125 16.442388 
5.007410 0.133808 37.676504 0.066389 1.430003 21.889777 1.008413 5.112556 18.872814 0.336593 2.055315 1.118608 3.357863 0.707574 1.835256 0.076899 
0.658972 13.562440 2.449377 23.766913 0.233711 11.758685 1.365181 4.412153 0.226694 0.064257 0.639965 
2.213461 22.377895 0.413257 0.013406 3.312518 16.520761 3.605792 3.853592 0.367998 0.024828 0.027424 0.006830 
2.379950 52.159264 11.150278 1.476498 0.641605 11.476446 0.767925 85.258927 0.912002 6.957582 0.059738 
0.257479 4.624896 0.783444 0.921053 1.921056 21.012335 0.412162 18.819966 5.413143 0.264294 
0.386028 0.099852 0.768472 4.617058 2.938367 0.816127 0.736589 0.084211 6.873193 26.989656 0.842146 2.011605 0.232937 0.268030 0.669668 1.293880 82.394553 0.916989 19.759501 4.327888 10.304485 23.755391 0.145035 0.083345 29.194494 5.176901 0.083457 0.466331 0.069286 0.116349 0.980245 0.500479 2.869413 
0.365759 28.647084 30.967176 2.634186 0.044131 0.019741 
0.804972 0.356201 0.740395 3.124187 0.100532 0.352306 0.791336 4.331100 27.136911 1.240034 1.076770 0.059055 0.505601 0.856096 1.049365 0.752636 0.435448 0.311873 3.244013 0.487860 
0.194829 0.191660 1.621050 0.293876 0.650531 6.022250 0.690928 3.463378 0.074601 0.650565 24.654876 6.264618 0.166649 31.715267 3.341828 2.432506 15.386560 0.523190 
26.810362 5.651575 2.227576 1.471565 5.017983 0.631843 9.203460 0.131405 0.103815 1.198327 4.080107 0.166549 8.531724 1.856508 0.075116 136.252588 0.021818 0.709722 
3.766232 0.115579 1.999103 7.039062 0.590433 0.486568 2.348147 7.181152 5.785107 0.930103 4.488462 2.178375 3.789789 0.388553 0.304078 1.091559 0.335081 1.624943 0.060878 0.105138 19.308523 
0.044908 19.547933 0.326311 10.550879 0.293775 1.612500 0.183190 2.408327 0.055359 9.082708 0.913003 0.671600 9.704428 0.422323 0.069504 2.757607 1.913826 18.879753 1.265736 19.412773 0.961662 5.701650 
