35.883423 35.884388 35.890206 35.877849 35.858139 35.842708 35.886076 35.886230 35.858952 35.854209 35.850598 35.863271 35.861831 35.847745 35.887457 35.884700 35.850797 35.842698 35.859578 35.852874 35.849644 35.849745 35.876632 35.891694 35.862320 35.880408 35.876721 
35.844808 35.844856 35.888384 35.841632 35.883072 35.865712 35.877994 35.848315 35.882265 35.879597 35.865516 35.845499 35.854159 35.867238 35.876652 35.856633 35.841370 35.840533 35.875296 35.868447 35.879010 35.880271 35.845350 35.852419 35.870534 35.875883 35.876687 35.880033 35.856662 35.875982 35.865433 35.873548 35.851161 35.845627 
35.886636 35.865177 35.857092 35.873566 35.864440 35.844591 35.843301 35.876229 35.889102 35.889356 35.848871 35.881983 35.872380 35.858304 35.852625 35.876567 35.887248 35.848324 35.846232 35.863153 35.860252 35.865653 35.879708 35.850844 35.869317 35.891840 35.863981 35.861496 35.873516 35.884954 35.860317 35.843695 35.877797 35.851042 35.851780 35.846828 35.842557 35.886713 35.862092 35.861145 35.859220 35.874252 35.849396 35.841456 35.867737 35.855819 35.867385 35.866657 35.849088 35.885716 35.859475 
35.873953 35.848165 35.888145 35.849295 35.842843 35.869136 35.846723 35.882828 35.877604 35.872153 35.863135 35.887465 35.860448 35.851512 35.858364 35.884928 35.867967 35.852856 35.858389 35.869250 35.880653 35.875528 35.846774 35.853563 35.843862 35.840508 35.861040 35.849131 35.846951 
35.848045 35.847321 35.859731 35.859188 35.869164 35.869072 35.859138 35.853211 35.861933 35.873059 35.857468 35.877215 35.877584 35.867599 35.869288 35.860222 35.888296 35.855654 35.888587 35.889210 35.869292 35.868760 35.853543 
35.884233 35.844438 35.875249 35.887466 35.872352 35.854723 35.864470 35.891601 35.879412 35.879296 35.850345 35.884046 35.841386 35.865328 35.862418 35.854400 
35.890310 35.873468 35.884962 35.892067 35.874447 35.877465 35.867616 35.886224 35.855353 35.861132 35.891835 35.866243 35.844958 35.876433 35.881384 35.883023 35.841575 35.890135 35.891416 35.880211 35.863343 35.863570 
35.885821 35.879201 35.876373 35.892269 35.874942 35.858561 35.877900 35.863290 35.842719 35.851260 35.858025 35.889253 35.855425 35.862987 35.891607 35.867404 35.853481 35.876297 35.889348 35.845806 35.843111 35.870060 35.885182 35.881606 35.866198 35.891990 35.867491 
35.875652 35.847999 35.845564 35.884606 35.843706 35.886971 35.881970 35.872812 35.856172 35.844176 35.870694 35.840653 35.889780 35.848954 35.867511 35.845013 35.859651 35.867909 35.867379 35.880730 35.867618 35.880585 35.860801 35.844023 35.849044 35.840845 35.850003 35.878108 35.879903 
35.845621 35.890441 35.872686 35.848262 35.886559 35.886722 35.886457 35.892271 35.876013 35.861221 35.866990 35.880758 35.848304 35.874562 35.885618 35.870137 35.845302 35.858639 35.876416 35.854423 35.860155 35.885917 35.862443 
35.848123 35.852222 35.866629 35.888938 35.885797 35.847844 35.849218 35.848038 35.864026 35.842537 35.851001 35.844740 35.890829 35.845694 35.858706 35.859948 35.865052 35.863361 35.846083 35.855537 35.879297 35.889601 35.853013 35.843653 35.843162 35.863617 35.872467 35.854429 35.865449 35.859067 
35.858521 35.874791 35.885170 35.883562 35.863940 35.848421 35.856532 35.847523 35.865275 35.852838 35.888642 35.881263 35.870136 35.859342 35.871406 35.850861 35.845228 
35.858725 35.881665 35.864455 35.840907 35.890341 35.870190 35.886292 35.867837 35.884372 35.841937 35.873291 
35.851127 35.843679 35.850112 35.870517 35.875223 35.874977 35.863091 35.865487 35.862762 35.876063 35.846493 35.853391 35.882138 35.852949 35.856278 35.859540 35.883154 35.883768 35.861399 35.860934 35.840787 35.850267 35.865109 
35.844189 35.863828 35.866273 35.843245 35.855122 35.849736 35.843575 35.890813 35.857721 35.855419 35.885094 35.883817 35.840457 35.873116 35.861577 35.874233 35.886273 35.869361 35.850994 
35.862068 35.883194 35.879590 35.889398 35.881713 35.860277 35.862420 35.873507 35.844257 35.881669 35.885307 35.874416 35.879571 35.843463 35.872463 35.887248 35.892318 35.842216 35.870649 35.888221 35.874279 35.847636 35.885194 35.849448 35.867326 35.879810 35.858943 35.866472 35.885690 
35.867555 35.847334 35.846559 35.888656 35.890115 35.855038 35.845809 35.882093 35.880308 35.880463 35.883581 35.884399 35.865236 35.840861 35.859478 35.871374 35.882240 
35.883143 35.857971 35.849102 35.847489 35.859329 35.861608 35.866319 35.857989 35.860263 35.846127 35.879677 35.854803 35.883424 35.847611 35.847647 35.844108 35.883632 35.866441 35.841884 
35.865962 35.843348 35.841525 35.848534 35.877678 35.855817 35.852565 35.853981 35.865035 35.859976 35.885046 35.844322 35.852957 35.851701 35.866329 35.867199 35.858688 35.862715 35.874868 35.843460 35.864047 35.870595 35.877038 35.889756 
35.859273 35.865941 35.879626 35.873763 35.873860 35.890751 35.886248 35.873164 35.890456 35.841520 
35.879899 35.878818 35.857555 35.890052 35.851240 35.889494 35.879705 35.881965 35.888688 35.890260 35.882921 35.869468 35.845459 35.887414 35.872784 35.841568 
35.883367 35.857303 35.870656 35.883148 35.880184 35.845725 35.886473 35.858336 35.849125 35.864401 35.876800 35.871662 35.872911 35.842748 35.889425 35.874347 35.844528 35.880351 35.875493 35.858422 35.878867 35.840488 35.848635 35.853355 35.860618 35.868677 35.883869 35.857477 
35.880833 35.889551 35.844304 35.860471 35.856105 35.855461 35.850700 35.870074 35.874465 35.868847 35.856743 35.864975 35.879306 35.885908 35.847497 35.858323 35.890881 35.867279 35.871163 35.881613 35.844158 35.869628 35.849476 35.870454 35.889790 
35.871055 35.885872 35.872359 35.861976 35.842104 35.862615 35.841456 35.880693 35.880375 35.873299 35.884809 35.841677 35.846967 35.847033 35.856085 35.858747 35.879322 35.886245 35.879709 
35.867362 35.857066 35.846043 35.852856 35.852942 35.877665 35.884306 35.841543 35.875452 35.848135 35.863162 35.845844 35.882834 35.890996 35.864967 35.884849 35.885804 35.846277 35.875479 35.843988 35.849964 35.883194 35.842283 35.871353 35.873180 35.848746 35.873421 35.882563 35.883024 
35.883214 35.863391 35.879235 35.865351 35.888830 35.869223 35.867988 35.860384 35.856983 35.875463 35.869225 35.885349 35.861735 35.888334 35.858002 35.879842 35.872018 35.842488 
35.871906 35.881442 35.886919 35.884196 35.861224 35.846119 35.868344 35.867771 35.870585 35.862244 35.886104 35.849571 35.865806 35.886961 35.874354 35.889767 35.868380 35.856518 35.882892 35.861294 35.856115 35.841675 35.860214 
35.875017 35.850935 35.848700 35.887487 35.873752 35.888444 35.840531 35.891249 35.879276 35.845156 
35.862992 35.871129 35.863131 35.848499 35.858684 35.874237 35.849353 35.868551 35.845844 35.860090 35.880003 35.889310 35.875943 35.840483 35.880143 35.851539 
35.886990 35.842007 35.842023 35.871733 35.876272 35.849035 35.877469 35.884345 35.841755 35.879100 35.844014 35.855869 35.864936 35.866324 35.879514 35.866445 35.857654 
35.854135 35.858926 35.889022 35.888379 35.851085 35.885825 35.862360 35.859577 35.862257 35.873646 35.890812 35.843091 35.860881 35.860761 35.855802 35.886846 35.881515 35.878091 35.858541 35.866083 35.889256 35.861284 35.868368 35.843783 35.853166 35.874900 
35.877045 35.879376 35.865609 35.875633 35.890667 35.890795 35.859260 35.864426 35.867384 35.877374 35.859695 35.889535 35.871405 35.877735 35.872818 35.856009 
35.840779 35.841953 35.879897 35.847862 35.865291 35.868562 35.865795 35.885685 35.867417 35.881091 35.842515 35.872970 35.878236 35.841477 35.891415 35.844582 35.849726 35.885552 35.871160 35.858454 35.866272 35.876135 35.860797 35.871018 35.846064 35.850037 35.851279 35.861946 
35.891268 35.874022 35.869289 35.858479 35.844316 35.841112 35.865900 35.889297 35.884886 35.867869 35.865746 35.892236 35.890472 35.858423 35.850052 35.886822 35.854566 35.862085 35.879169 35.877583 35.864694 35.873991 35.871314 35.884166 35.869478 35.851452 35.864635 35.876060 35.854849 35.859915 35.848240 35.873633 
35.853900 35.891513 35.841015 35.892232 35.876504 35.876245 35.841553 35.849991 35.840496 35.844289 35.862004 35.852767 35.860133 35.871163 35.840510 35.857735 35.850373 35.851270 35.859633 35.862000 35.891452 35.878956 35.865892 35.885972 35.858713 
35.846796 35.861911 35.850287 35.845336 35.885046 35.880244 35.842142 35.877898 35.849671 35.849507 35.856393 35.847738 35.883776 35.847876 35.850863 35.842698 
35.851115 35.851904 35.868734 35.871479 35.874392 35.848175 35.862254 35.841353 35.874369 35.874353 35.859997 35.847511 35.843115 35.887884 35.864936 35.855081 35.871932 35.868494 35.869022 35.857000 35.874212 35.859794 35.882644 35.883762 35.844922 35.849338 35.850483 35.846794 35.844553 35.887263 35.848513 35.885632 35.889792 35.851215 35.848844 35.873819 35.876018 
35.888473 35.880444 35.885140 35.841511 35.861246 35.846244 35.844847 35.851766 35.855609 35.842016 35.851767 35.885028 35.855797 35.864893 35.889104 35.869369 35.848883 35.851975 
35.887531 35.874886 35.877372 35.877202 35.865571 35.877777 35.863512 35.890179 35.881285 35.865683 35.884220 35.882851 35.873601 35.852788 35.847605 35.875747 35.842618 35.846558 
35.872442 35.848600 35.863042 35.843353 35.880077 35.885223 35.879414 35.844767 35.855836 35.844052 35.867652 35.866594 35.875584 35.848249 35.873502 35.855931 35.858164 35.880063 35.885292 35.845691 35.840614 35.869068 35.846483 35.843773 35.871178 35.864223 35.876716 35.891689 35.861075 35.855846 35.860910 
35.856569 35.874146 35.853548 35.841272 35.876097 35.865308 35.889930 35.880486 35.855389 35.869504 35.865055 35.888193 35.854123 35.880402 
35.840511 35.855901 35.869397 35.845614 35.861457 35.879311 35.871258 35.849389 35.873563 35.870603 35.851815 35.881208 35.871414 35.869507 35.873288 35.872191 35.863969 35.866367 35.877727 35.876028 35.877673 35.856436 35.856192 35.875957 
35.850288 35.851563 35.845327 35.886234 35.866510 35.879690 35.886156 35.877282 35.847259 35.857856 35.845643 35.886336 35.856378 35.857102 35.873297 35.860602 35.849810 35.883446 35.865622 35.867193 35.860829 35.885712 35.852125 35.848859 35.875777 35.863825 35.851848 35.879104 
35.843948 35.884338 35.881079 35.888193 35.886081 35.875001 35.884664 35.851137 35.858372 35.883799 35.850968 
35.860439 35.891978 35.844823 35.876404 35.852690 35.845954 35.864834 35.859735 35.879141 35.844943 35.864665 35.852177 35.872799 35.887081 35.874982 35.885603 35.849360 35.849943 35.886922 35.883171 
35.869167 35.885554 35.855365 35.876924 35.868748 35.858430 35.875557 35.882148 35.867192 35.888306 35.881182 35.850916 35.843905 35.865543 35.867879 
35.876969 35.888206 35.892200 35.858378 35.865052 35.862065 35.855375 35.882528 35.873874 35.878556 35.861292 35.858247 35.841949 35.848230 35.856041 35.857158 35.840906 35.859561 35.841353 35.887737 35.845124 35.849604 35.876450 35.850786 35.843326 35.857697 35.872656 35.851869 35.852596 35.865853 35.848655 35.886763 
35.862108 35.849143 35.871365 35.876151 35.875099 35.892173 35.866109 35.845176 35.865679 35.857989 35.870837 35.865351 35.892113 35.879349 35.869852 35.843173 35.876111 35.880908 35.883730 35.880180 35.851274 35.855312 35.854556 35.849635 35.848101 35.851746 35.846978 35.851001 35.881969 35.853148 35.882551 35.852584 35.842578 35.857252 35.843283 35.859522 35.849218 35.881446 35.847702 
35.854011 35.872365 35.877580 35.849069 35.861324 35.873421 35.886755 35.848498 35.858358 35.875062 35.875727 35.871317 35.854210 35.845106 35.844822 35.866757 
35.867041 35.876443 35.864774 35.852205 35.850734 35.881444 35.847447 35.843350 35.877078 35.861102 35.868506 35.843131 35.889377 35.870157 35.843339 35.866309 35.888594 35.855354 
35.885471 35.866916 35.865427 35.853254 35.842184 35.849692 35.877345 35.845275 35.869069 35.889589 
35.849214 35.869807 35.850508 35.856494 35.871456 35.882670 35.884348 35.858488 35.887408 35.873172 35.859431 35.873560 35.863361 35.882926 35.843953 35.859807 35.878155 35.870966 35.847731 35.883734 35.845223 35.883720 
35.892162 35.888478 35.842143 35.861354 35.859554 35.879259 35.852387 35.869662 35.843870 35.863193 35.887265 35.884774 35.885072 35.868990 35.871408 35.846150 35.869237 35.878467 35.883303 35.876577 35.866394 35.863818 35.855524 35.865863 35.882144 35.885101 
35.879916 35.858450 35.872916 35.849023 35.844935 35.854526 35.877740 35.879024 35.850203 35.850027 35.879748 35.860020 35.853382 35.872044 35.850933 
35.880985 35.891192 35.867193 35.885633 35.844377 35.847969 35.875572 35.843582 35.879987 35.883379 35.891091 
35.867261 35.852212 35.862520 35.890200 
35.851101 35.880372 35.879375 35.853644 35.866394 35.882107 35.850698 35.855120 35.882721 35.884130 35.882561 35.866458 35.855097 35.849994 35.873876 35.857476 35.860643 35.846634 35.844517 35.846703 35.871007 35.882204 
35.874277 35.854432 35.856267 35.848233 35.845013 35.879336 35.858742 35.888096 35.848226 35.883660 35.892331 35.870333 35.882119 35.862352 35.889216 35.878451 35.873899 35.857431 
35.855965 35.891745 35.856255 35.863248 35.855714 35.878379 35.860160 35.873814 35.845806 35.846741 35.842678 35.848821 35.858668 35.874109 35.873994 35.892286 35.887847 35.854366 35.888885 35.867444 35.874732 35.847013 35.851962 35.863090 35.844198 35.888671 35.889482 35.843787 35.879051 35.881567 
35.848551 35.873038 35.841047 35.870535 35.875555 35.889310 35.883378 35.845859 35.886125 35.866742 35.878881 35.868636 35.853201 35.851657 35.873039 35.886399 35.860367 35.870975 35.882260 35.864947 35.871298 35.871682 
35.851048 35.861545 35.858723 35.862967 35.874996 35.849766 35.866799 35.857632 35.852332 35.880131 35.869476 35.849562 35.871946 35.841642 35.840663 35.859560 35.889976 35.850767 35.850444 35.876721 35.862163 35.871664 
35.850662 35.879187 35.871328 35.884035 35.854500 35.847316 35.856964 35.858623 35.865982 35.890024 35.886025 35.892279 35.844531 35.860171 35.855965 35.879945 35.844927 35.865271 35.857533 35.851665 
35.876608 35.863681 35.855095 35.884738 35.883671 35.879554 35.846938 35.851439 35.864111 35.877884 35.848255 35.891028 
35.880029 35.881583 35.874973 35.869548 35.843272 35.850843 35.888686 35.874310 35.889930 35.883339 35.870860 35.853219 35.851593 35.862349 35.852092 35.847557 35.874042 35.887413 35.842496 
35.856412 35.874937 35.875352 35.857253 35.877977 35.847601 35.858692 35.889440 
35.881879 35.857109 35.869551 35.870200 35.858820 35.852233 35.871022 35.869221 35.856714 35.845412 35.854180 35.859201 35.843017 35.853691 35.889675 35.866850 35.868330 35.863751 35.842638 35.857696 
35.887724 35.854116 35.855792 35.881059 35.858522 35.889580 35.859452 35.879289 35.846282 35.884314 35.888611 35.882247 35.869992 35.889577 35.875108 35.872724 35.875399 35.874367 35.866007 
35.877843 35.857550 35.841229 35.891127 35.866951 35.850819 35.880083 35.870325 35.840732 35.852906 35.852161 35.871254 
35.874883 35.867886 35.873194 35.852541 35.846750 35.876924 35.885680 35.867428 35.891322 35.851792 35.856893 35.883313 
35.887718 35.843906 35.883830 35.878404 35.892359 35.841102 35.858479 35.843311 35.847872 35.889036 35.849853 35.889871 35.871647 35.842994 35.848590 35.842868 35.845203 35.881664 35.868569 35.874687 35.870316 35.848033 35.872733 35.870476 35.884325 35.846846 
35.869171 35.869312 35.889483 35.847891 35.846504 35.869645 35.853780 35.876119 35.852959 35.858342 35.852071 35.844047 
35.887234 35.840756 35.853361 35.866912 35.890813 35.889303 35.860070 35.840397 35.867466 35.847002 35.872354 35.887245 35.888776 35.861747 35.879305 35.891435 35.887811 35.841336 35.862744 35.888070 35.862145 35.881403 35.850332 35.877477 35.850661 35.861203 35.885021 
35.846638 35.889384 35.857874 35.874451 35.850826 35.870346 35.854785 35.854598 35.847823 35.871806 35.861904 35.847099 35.888749 35.848537 35.892306 35.861924 35.887132 35.845022 35.888176 35.841079 
35.877636 35.852537 35.841202 35.865160 35.888739 35.886023 35.844034 35.882479 35.849196 35.879670 35.872763 35.886970 
35.886412 35.865652 35.881937 35.864765 35.858758 35.875606 35.886738 35.848868 35.856685 35.880163 35.886230 35.886465 35.872696 35.866444 35.860334 35.890139 35.875364 35.872707 
35.881429 35.882254 35.885386 35.875096 35.888508 35.862496 35.862317 35.843413 35.885846 35.864202 35.850224 35.885829 35.853562 35.863058 35.841204 
35.850627 35.859448 35.865393 35.864004 35.879763 35.892170 35.868644 35.860349 35.861305 35.885978 35.842971 35.866624 35.843145 35.847668 35.844994 35.873098 35.851220 35.841875 35.850531 35.864476 
35.883395 35.874354 35.850078 35.850390 35.850155 35.843670 35.863453 35.854200 35.873960 35.876371 35.887744 35.864719 35.847647 35.874852 35.858297 35.847368 35.874442 35.886196 35.878531 35.880930 35.857583 35.887163 35.855406 35.888858 35.872075 35.887560 35.886645 35.845796 35.867026 35.866569 35.885689 35.878372 35.888503 
35.870252 35.869836 35.872701 35.873713 35.864676 35.861053 35.850425 35.856004 35.853169 35.855910 35.871973 35.884089 35.868378 35.871151 35.876472 35.872824 35.841644 35.882826 35.891925 35.868186 35.863179 35.877621 35.854493 35.863574 35.867884 35.878648 35.862296 
35.871890 35.857053 35.844615 35.886282 35.849345 35.890017 35.877752 35.862044 35.863861 35.856187 35.859929 35.864451 35.860335 35.846073 35.872492 35.875178 35.856762 35.874318 35.844891 35.877283 35.853151 35.865722 35.878180 35.849815 35.861981 
35.882458 35.888541 35.863409 35.881155 35.869635 35.846832 35.848722 35.871198 35.859955 35.862452 35.855161 35.862413 35.872400 35.845712 35.866859 35.876934 35.873605 35.852119 35.889512 35.859495 
35.885519 35.847914 35.891483 35.863414 35.869568 35.856699 35.846149 35.866988 35.841574 35.876390 35.889019 35.858718 35.879276 35.856085 35.883331 35.888919 
35.889999 35.885183 35.846754 35.890569 35.867978 35.844833 35.886424 35.875807 35.891761 35.853762 35.864751 
35.845051 35.855233 35.883592 35.844190 35.891788 35.874752 35.845444 35.841063 35.842387 35.865765 35.848868 35.861075 35.880933 35.845106 35.858362 35.855836 35.874795 35.892106 35.878256 
35.848853 35.865053 35.854754 35.886214 35.861883 35.882844 35.850102 35.856667 35.872096 35.863515 35.853879 35.890364 35.873889 35.890823 35.880823 35.886129 35.887603 35.875727 35.845787 35.871126 35.846660 35.892234 35.878999 35.844860 35.840492 35.883120 35.850613 35.847304 35.849332 35.864119 35.879115 35.882427 35.854490 
35.844080 35.881799 35.860740 35.877849 35.845995 35.856603 35.851649 35.869282 35.864539 35.857046 35.858318 35.856809 35.887631 35.859122 35.846051 
35.880245 35.892293 35.885677 35.842785 35.844806 35.870642 35.868036 35.858504 35.861782 35.868717 35.865177 35.878323 35.880748 35.868903 35.876694 35.846392 35.892149 35.873522 35.883693 35.879378 
35.888920 35.859902 35.858813 35.854986 35.844284 35.856144 35.866739 35.869376 35.874825 35.851134 35.878231 35.849971 35.877602 35.858172 35.871174 35.887818 35.865021 35.883189 35.855877 35.890636 
35.849751 35.891984 35.861153 35.846775 35.852252 35.849938 35.847295 35.841131 35.873863 35.860913 35.842762 35.883521 35.891756 35.850142 35.855380 35.842687 35.881766 
35.873677 35.875679 35.871712 35.885524 35.843368 35.866322 35.887230 35.860475 35.871981 35.886438 35.850997 35.886959 35.874259 35.861108 35.842126 35.880311 35.877490 35.862773 35.861862 35.840955 35.850690 35.847571 35.850458 35.873037 35.880359 35.869779 35.882701 35.864993 35.891379 
35.880137 35.869989 35.877573 35.887890 35.888982 35.871808 35.878171 35.862222 35.843476 35.854532 35.887835 35.855605 35.871809 35.891766 35.858458 35.859350 35.842807 35.887925 35.887239 35.874438 35.869557 35.875134 35.876227 35.867933 35.848931 35.872036 35.872864 35.870045 35.886604 35.848489 35.847976 35.870694 35.848298 35.873315 
35.843253 35.849052 35.885321 35.873325 35.890534 35.869216 35.867997 35.847615 35.872482 35.875646 35.862086 35.876177 35.856093 35.868477 35.878455 35.860014 35.890723 35.846149 35.883668 35.850049 35.846918 35.889245 35.855222 35.846406 35.869794 35.867588 35.845060 35.854793 35.887736 35.878276 35.858628 35.866751 35.867175 35.860906 35.870032 35.890963 35.873099 
35.867222 35.865723 35.858954 35.875020 35.855615 35.885821 35.840525 35.842414 35.851832 35.866620 35.873757 35.878321 35.847013 35.849530 35.860805 35.847993 35.875150 35.869000 35.867755 35.883419 35.844482 35.884469 35.844240 35.868579 35.875165 
35.882547 35.885281 35.867941 35.853238 35.843071 35.867864 35.864686 35.841327 35.879910 
35.885949 35.877584 35.848909 35.856139 35.844721 35.883325 35.876166 35.889858 35.850927 35.874925 35.850882 35.878474 35.867638 35.889705 35.854293 35.878674 35.853034 35.863924 35.884812 35.875541 35.857310 35.850507 
35.885904 35.862011 35.841300 35.842903 35.841491 35.890874 35.873259 35.870061 35.883599 35.877286 35.888831 35.885757 35.860334 35.855937 35.874853 
35.854052 35.885512 35.852003 35.849205 35.878095 35.848503 35.861858 35.861358 35.842100 35.889871 35.888019 35.851672 35.863795 35.844868 35.855337 35.869075 35.859143 35.870989 35.868842 35.870459 35.872358 35.872293 35.859534 35.870899 35.878772 35.885409 35.860309 35.870989 35.864965 
35.864035 35.856833 35.880895 35.890767 35.845729 35.853606 35.841767 35.867760 35.885182 35.884039 35.876318 
35.885802 35.860168 35.859707 35.865259 35.863602 35.855869 35.848306 35.850454 
35.862537 35.877354 35.849166 35.847972 35.872039 35.849044 35.856392 35.860456 35.872060 35.869369 35.880632 35.870720 35.867461 35.871290 35.883378 35.880176 35.881545 35.855361 35.874999 35.864050 35.888937 35.842467 
