-116.231850 -116.209860 -116.219146 -116.235101 -116.229016 -116.231732 -116.202816 -116.221135 -116.224564 -116.253367 -116.219606 -116.213040 -116.219054 -116.217982 -116.233726 -116.215616 -116.229303 -116.233088 -116.206954 -116.214655 -116.228381 -116.204621 -116.250841 -116.215494 -116.226812 -116.253829 -116.230707 
-116.221383 -116.209085 -116.250353 -116.249465 -116.212578 -116.258839 -116.251901 -116.246842 -116.221799 -116.245155 -116.226723 -116.256012 -116.217463 -116.218367 -116.242526 -116.231476 -116.250592 -116.239903 -116.260127 -116.239190 -116.214172 -116.211455 -116.256782 -116.250942 -116.219218 -116.255543 -116.242603 -116.225861 -116.207469 -116.224249 -116.248267 -116.244485 -116.215055 -116.220268 
-116.228021 -116.228506 -116.251100 -116.257582 -116.246293 -116.223426 -116.227598 -116.226830 -116.227219 -116.228191 -116.247938 -116.220076 -116.215231 -116.225400 -116.212373 -116.227443 -116.237544 -116.234296 -116.220112 -116.225780 -116.214999 -116.252360 -116.228777 -116.205354 -116.247693 -116.220533 -116.248896 -116.208753 -116.230433 -116.212085 -116.243555 -116.237587 -116.237566 -116.251293 -116.243457 -116.231745 -116.250498 -116.238892 -116.254862 -116.231530 -116.219333 -116.253488 -116.233989 -116.225930 -116.215827 -116.254243 -116.258442 -116.215176 -116.212868 -116.255140 -116.235642 
-116.249011 -116.222844 -116.216183 -116.241374 -116.213911 -116.233581 -116.250538 -116.221827 -116.241027 -116.229478 -116.236939 -116.211256 -116.224649 -116.205443 -116.258917 -116.244397 -116.238786 -116.223165 -116.213231 -116.258458 -116.245418 -116.232447 -116.204547 -116.250718 -116.247183 -116.240710 -116.233646 -116.248085 -116.229224 
-116.227425 -116.217623 -116.213866 -116.204598 -116.245815 -116.234867 -116.205429 -116.247630 -116.220835 -116.227644 -116.221655 -116.247722 -116.216966 -116.208037 -116.204554 -116.233754 -116.248482 -116.239787 -116.237362 -116.223389 -116.203855 -116.210326 -116.258301 
-116.226418 -116.255741 -116.245262 -116.212861 -116.241015 -116.232899 -116.232341 -116.213371 -116.250322 -116.231726 -116.217178 -116.241831 -116.223625 -116.240036 -116.226497 -116.208395 
-116.256094 -116.211724 -116.250681 -116.223800 -116.205840 -116.238322 -116.206250 -116.257171 -116.234852 -116.207961 -116.231018 -116.238648 -116.204618 -116.249382 -116.212413 -116.208666 -116.215056 -116.219522 -116.217492 -116.202868 -116.216316 -116.226914 
-116.230777 -116.233261 -116.231040 -116.252539 -116.244344 -116.245222 -116.204264 -116.237740 -116.202946 -116.252024 -116.207126 -116.208873 -116.256047 -116.259796 -116.211506 -116.223874 -116.245441 -116.254210 -116.228722 -116.215692 -116.258121 -116.236019 -116.250511 -116.219370 -116.214358 -116.249947 -116.245045 
-116.248692 -116.219348 -116.251301 -116.234187 -116.214330 -116.255173 -116.253936 -116.242850 -116.236048 -116.254995 -116.236603 -116.205430 -116.251702 -116.232457 -116.234756 -116.223909 -116.244615 -116.206322 -116.241114 -116.256493 -116.251211 -116.227484 -116.248015 -116.220559 -116.225456 -116.253920 -116.230237 -116.232965 -116.248099 
-116.210755 -116.233991 -116.246229 -116.255797 -116.247650 -116.216320 -116.216055 -116.233042 -116.252078 -116.243112 -116.238630 -116.225348 -116.246715 -116.225552 -116.202348 -116.222221 -116.236167 -116.210913 -116.207252 -116.235307 -116.237917 -116.231634 -116.209089 
-116.210471 -116.234919 -116.241491 -116.259202 -116.213837 -116.251229 -116.248987 -116.225209 -116.252856 -116.240003 -116.217346 -116.209794 -116.256047 -116.238718 -116.235916 -116.210928 -116.240663 -116.248219 -116.217352 -116.225599 -116.248799 -116.207528 -116.237916 -116.217785 -116.237039 -116.221760 -116.222855 -116.206018 -116.242831 -116.229229 
-116.258854 -116.247676 -116.202842 -116.223302 -116.215990 -116.205802 -116.209007 -116.238507 -116.233138 -116.204854 -116.259125 -116.251555 -116.211786 -116.251194 -116.231465 -116.212094 -116.229850 
-116.211688 -116.229784 -116.208649 -116.255819 -116.230098 -116.246501 -116.213695 -116.206780 -116.230606 -116.226024 -116.237605 
-116.240402 -116.254649 -116.233044 -116.256026 -116.235418 -116.238379 -116.242371 -116.249865 -116.247507 -116.237406 -116.227660 -116.205269 -116.241720 -116.229481 -116.218312 -116.250327 -116.214018 -116.253381 -116.254033 -116.260034 -116.241770 -116.231095 -116.231551 
-116.205834 -116.244551 -116.257387 -116.259271 -116.202443 -116.206171 -116.256358 -116.258754 -116.220957 -116.244064 -116.245239 -116.259347 -116.216704 -116.220499 -116.250379 -116.254798 -116.257954 -116.223033 -116.217492 
-116.220630 -116.248380 -116.217508 -116.247952 -116.259460 -116.255581 -116.236647 -116.221761 -116.210049 -116.259782 -116.207744 -116.247847 -116.234351 -116.224354 -116.244852 -116.209668 -116.256772 -116.218441 -116.252125 -116.206085 -116.217310 -116.249614 -116.211168 -116.242506 -116.244033 -116.224359 -116.205383 -116.221137 -116.231368 
-116.209919 -116.251726 -116.248091 -116.250832 -116.228941 -116.222326 -116.208617 -116.245327 -116.240021 -116.259871 -116.253665 -116.216493 -116.223383 -116.228020 -116.257495 -116.208658 -116.256756 
-116.231865 -116.249485 -116.221571 -116.248065 -116.211899 -116.255707 -116.224742 -116.205129 -116.238585 -116.222788 -116.246586 -116.214836 -116.230043 -116.221898 -116.258991 -116.223936 -116.256188 -116.230057 -116.247979 
-116.223792 -116.214117 -116.210783 -116.204185 -116.214528 -116.239628 -116.235960 -116.259092 -116.244033 -116.246838 -116.249334 -116.226041 -116.203463 -116.255306 -116.214822 -116.244745 -116.256067 -116.209234 -116.207413 -116.256964 -116.234359 -116.235733 -116.253279 -116.236982 
-116.215406 -116.240155 -116.206084 -116.255474 -116.224493 -116.230394 -116.231048 -116.204916 -116.253474 -116.225946 
-116.226563 -116.249880 -116.217330 -116.213578 -116.227283 -116.226538 -116.232538 -116.220471 -116.240731 -116.252364 -116.234419 -116.237492 -116.219628 -116.223654 -116.259163 -116.258499 
-116.243491 -116.204500 -116.250223 -116.259160 -116.238540 -116.255324 -116.213140 -116.214925 -116.202923 -116.245572 -116.203822 -116.226647 -116.205726 -116.216297 -116.258685 -116.231121 -116.228416 -116.223235 -116.220590 -116.227869 -116.206970 -116.220651 -116.233582 -116.245482 -116.255478 -116.204712 -116.218027 -116.207983 
-116.202551 -116.224599 -116.234817 -116.239245 -116.229060 -116.217957 -116.241660 -116.227508 -116.238397 -116.228813 -116.236151 -116.233763 -116.203354 -116.202993 -116.220476 -116.234414 -116.210130 -116.231676 -116.232367 -116.237392 -116.249905 -116.221711 -116.239639 -116.209668 -116.239815 
-116.203224 -116.239314 -116.228884 -116.215505 -116.229003 -116.238755 -116.204102 -116.241658 -116.229188 -116.257685 -116.217777 -116.236031 -116.211102 -116.226822 -116.210494 -116.226394 -116.214851 -116.225896 -116.213474 
-116.245932 -116.218359 -116.246292 -116.250646 -116.210540 -116.205293 -116.215995 -116.211031 -116.219696 -116.253577 -116.248191 -116.254101 -116.221280 -116.253147 -116.206193 -116.251663 -116.226154 -116.244074 -116.257545 -116.243340 -116.226563 -116.256603 -116.217039 -116.259917 -116.255788 -116.259091 -116.256195 -116.212671 -116.203363 
-116.211226 -116.211405 -116.215697 -116.228603 -116.253161 -116.235007 -116.233551 -116.252449 -116.226641 -116.231521 -116.256928 -116.207812 -116.234577 -116.212921 -116.218622 -116.216870 -116.205353 -116.248508 
-116.222838 -116.247495 -116.253495 -116.228067 -116.256121 -116.241813 -116.218780 -116.235552 -116.242871 -116.248013 -116.236362 -116.234021 -116.218899 -116.208560 -116.209100 -116.214200 -116.255023 -116.227939 -116.254616 -116.254354 -116.238866 -116.228789 -116.244567 
-116.246527 -116.258073 -116.214565 -116.255186 -116.218915 -116.209638 -116.215007 -116.213525 -116.204180 -116.216340 
-116.244407 -116.239880 -116.215807 -116.217364 -116.232605 -116.229578 -116.238961 -116.256713 -116.242725 -116.249658 -116.234116 -116.254941 -116.219126 -116.216046 -116.225351 -116.232046 
-116.251171 -116.239235 -116.241405 -116.232048 -116.238512 -116.244786 -116.224321 -116.254764 -116.203383 -116.228416 -116.206970 -116.257286 -116.206882 -116.219969 -116.207548 -116.230311 -116.212533 
-116.242004 -116.236028 -116.213577 -116.220237 -116.250672 -116.213704 -116.234773 -116.258256 -116.212094 -116.230201 -116.236479 -116.237553 -116.245635 -116.233253 -116.248729 -116.226070 -116.254017 -116.250066 -116.227843 -116.204809 -116.244881 -116.232261 -116.233222 -116.214108 -116.211469 -116.202946 
-116.243477 -116.253306 -116.209999 -116.259065 -116.212878 -116.223285 -116.217664 -116.223009 -116.211405 -116.254117 -116.210680 -116.229738 -116.205232 -116.215109 -116.254290 -116.215406 
-116.214314 -116.256970 -116.217850 -116.221959 -116.229603 -116.250634 -116.237062 -116.225841 -116.238790 -116.257386 -116.206068 -116.238684 -116.229918 -116.204752 -116.230433 -116.209716 -116.221615 -116.250388 -116.224040 -116.237068 -116.216108 -116.224369 -116.206738 -116.241897 -116.213565 -116.242520 -116.228270 -116.255293 
-116.208620 -116.242536 -116.202729 -116.202582 -116.205064 -116.235344 -116.233626 -116.218059 -116.236648 -116.222904 -116.254311 -116.238236 -116.219595 -116.206389 -116.257485 -116.259302 -116.238746 -116.204204 -116.259819 -116.243407 -116.217437 -116.203454 -116.220183 -116.260040 -116.248845 -116.226648 -116.228357 -116.245941 -116.222213 -116.252250 -116.227055 -116.205357 
-116.255822 -116.226837 -116.202397 -116.207686 -116.224766 -116.250648 -116.238246 -116.250323 -116.258419 -116.233901 -116.256392 -116.226219 -116.239867 -116.205836 -116.253117 -116.212363 -116.232388 -116.236024 -116.243030 -116.224596 -116.255218 -116.236193 -116.209503 -116.223012 -116.220070 
-116.225733 -116.213601 -116.245333 -116.257745 -116.248259 -116.215623 -116.245850 -116.227542 -116.234394 -116.210816 -116.234325 -116.252392 -116.251113 -116.240129 -116.258027 -116.243894 
-116.211630 -116.222712 -116.219833 -116.254801 -116.207084 -116.224716 -116.219122 -116.211121 -116.213546 -116.244891 -116.236416 -116.203925 -116.214844 -116.257546 -116.259516 -116.209578 -116.204563 -116.252119 -116.237102 -116.208701 -116.245129 -116.225689 -116.212137 -116.217200 -116.244306 -116.243843 -116.214392 -116.233930 -116.230454 -116.243150 -116.221343 -116.245548 -116.214712 -116.220333 -116.222051 -116.209375 -116.253603 
-116.230801 -116.240940 -116.205287 -116.253663 -116.210989 -116.213057 -116.216141 -116.257925 -116.203600 -116.255669 -116.202464 -116.220159 -116.233698 -116.257344 -116.206985 -116.231821 -116.217275 -116.207514 
-116.207382 -116.237938 -116.258380 -116.218781 -116.241316 -116.243148 -116.240650 -116.257706 -116.237778 -116.213414 -116.221063 -116.241186 -116.217547 -116.247443 -116.205154 -116.250363 -116.202577 -116.246513 
-116.239557 -116.242157 -116.221304 -116.216588 -116.222885 -116.222458 -116.221133 -116.226355 -116.238259 -116.235488 -116.240211 -116.209399 -116.209228 -116.208147 -116.202751 -116.231288 -116.204216 -116.209877 -116.216418 -116.231866 -116.249173 -116.227139 -116.230597 -116.229090 -116.236363 -116.207611 -116.216185 -116.217417 -116.204422 -116.258776 -116.247095 
-116.217242 -116.208045 -116.209816 -116.208898 -116.209552 -116.250684 -116.234007 -116.243749 -116.233879 -116.242811 -116.260032 -116.225208 -116.236988 -116.209448 
-116.253770 -116.235317 -116.228029 -116.253466 -116.243240 -116.224582 -116.257914 -116.235472 -116.224133 -116.246058 -116.242400 -116.211096 -116.250993 -116.220520 -116.244476 -116.225529 -116.234966 -116.241843 -116.234381 -116.218814 -116.224223 -116.203486 -116.224427 -116.212880 
-116.252539 -116.251294 -116.222933 -116.234880 -116.206745 -116.212837 -116.223458 -116.243998 -116.233894 -116.222071 -116.216750 -116.239246 -116.222325 -116.258633 -116.219153 -116.222437 -116.220298 -116.205189 -116.232986 -116.229264 -116.251704 -116.227818 -116.207245 -116.260154 -116.234886 -116.204497 -116.242407 -116.206608 
-116.223109 -116.244135 -116.247069 -116.216656 -116.209452 -116.209687 -116.247292 -116.237697 -116.256881 -116.259346 -116.249809 
-116.210655 -116.230651 -116.236118 -116.217440 -116.223404 -116.228727 -116.213583 -116.253674 -116.218745 -116.218111 -116.253146 -116.253497 -116.233886 -116.249201 -116.224289 -116.236525 -116.216211 -116.235912 -116.218092 -116.254713 
-116.237725 -116.214515 -116.257993 -116.218758 -116.232399 -116.228830 -116.235666 -116.257943 -116.227761 -116.245652 -116.234277 -116.215608 -116.205628 -116.203852 -116.207213 
-116.228693 -116.216850 -116.238469 -116.251543 -116.252962 -116.238286 -116.257204 -116.233874 -116.215925 -116.214967 -116.231336 -116.252239 -116.245720 -116.235922 -116.226280 -116.223184 -116.228945 -116.230751 -116.207522 -116.253863 -116.248720 -116.208511 -116.252584 -116.259303 -116.222162 -116.229339 -116.233041 -116.259578 -116.213339 -116.218378 -116.251595 -116.250064 
-116.232562 -116.253783 -116.254556 -116.218154 -116.225872 -116.229114 -116.241927 -116.229718 -116.208455 -116.227188 -116.224246 -116.245766 -116.225079 -116.237180 -116.254976 -116.250967 -116.244938 -116.249078 -116.234583 -116.250522 -116.255604 -116.243455 -116.220178 -116.250287 -116.226279 -116.231628 -116.244568 -116.217764 -116.212369 -116.235016 -116.227375 -116.244087 -116.212525 -116.249382 -116.243456 -116.238293 -116.245750 -116.259052 -116.245099 
-116.257422 -116.210442 -116.217252 -116.246654 -116.254920 -116.232187 -116.225104 -116.229064 -116.236739 -116.214929 -116.256805 -116.211864 -116.259217 -116.230298 -116.253839 -116.206056 
-116.228653 -116.220652 -116.239554 -116.203364 -116.222788 -116.242226 -116.249368 -116.247241 -116.256916 -116.207517 -116.246533 -116.230225 -116.259617 -116.210753 -116.212028 -116.257683 -116.244490 -116.214040 
-116.220519 -116.251470 -116.238087 -116.233402 -116.229391 -116.254490 -116.247196 -116.238628 -116.203807 -116.259353 
-116.208833 -116.213933 -116.239891 -116.219391 -116.206113 -116.233497 -116.238401 -116.224163 -116.209525 -116.224083 -116.236527 -116.234431 -116.230023 -116.244570 -116.225718 -116.225720 -116.257432 -116.250762 -116.226653 -116.234067 -116.254520 -116.205047 
-116.259165 -116.208890 -116.223329 -116.217524 -116.210356 -116.202907 -116.212986 -116.236516 -116.213411 -116.236773 -116.225545 -116.254065 -116.254468 -116.223853 -116.244555 -116.207194 -116.239395 -116.255741 -116.205217 -116.253787 -116.239871 -116.226316 -116.203965 -116.228449 -116.216914 -116.228357 
-116.233680 -116.207091 -116.209657 -116.239865 -116.256146 -116.215800 -116.207878 -116.212751 -116.203494 -116.229081 -116.254569 -116.242603 -116.237640 -116.202431 -116.222269 
-116.225220 -116.253943 -116.206223 -116.234384 -116.246026 -116.212710 -116.233011 -116.231206 -116.237090 -116.203912 -116.230834 
-116.222350 -116.224996 -116.251176 -116.208089 
-116.225077 -116.248728 -116.231509 -116.233422 -116.232353 -116.255682 -116.222169 -116.248506 -116.230187 -116.228057 -116.251420 -116.206446 -116.250789 -116.221767 -116.239480 -116.237450 -116.203739 -116.238757 -116.219429 -116.250485 -116.247479 -116.259716 
-116.234398 -116.215192 -116.209576 -116.212924 -116.212078 -116.208800 -116.239733 -116.256607 -116.221621 -116.217247 -116.228840 -116.217477 -116.204071 -116.207048 -116.240478 -116.253481 -116.231927 -116.257004 
-116.204006 -116.237308 -116.237385 -116.239595 -116.234630 -116.237761 -116.238554 -116.256986 -116.207460 -116.251760 -116.245047 -116.232770 -116.231064 -116.253837 -116.224450 -116.232681 -116.243020 -116.245039 -116.203673 -116.214237 -116.234346 -116.239781 -116.258901 -116.227172 -116.248376 -116.213176 -116.247915 -116.259785 -116.235441 -116.256179 
-116.227552 -116.215514 -116.236718 -116.212033 -116.241387 -116.257324 -116.233997 -116.251298 -116.254255 -116.237387 -116.249077 -116.241644 -116.254394 -116.210308 -116.209532 -116.248465 -116.238280 -116.227470 -116.250791 -116.217947 -116.207503 -116.252592 
-116.218098 -116.242217 -116.245047 -116.225282 -116.208315 -116.208974 -116.228385 -116.233725 -116.243088 -116.217065 -116.240468 -116.223005 -116.245417 -116.236412 -116.257008 -116.213163 -116.229228 -116.204014 -116.256215 -116.217099 -116.247423 -116.247884 
-116.204291 -116.226484 -116.246882 -116.203895 -116.211955 -116.253697 -116.238070 -116.204690 -116.216272 -116.233492 -116.217053 -116.257351 -116.228405 -116.214863 -116.254802 -116.211968 -116.207417 -116.232241 -116.254426 -116.206177 
-116.245634 -116.215992 -116.204502 -116.207565 -116.214697 -116.220669 -116.233216 -116.209844 -116.202444 -116.239716 -116.215300 -116.227780 
-116.227532 -116.238367 -116.211353 -116.230449 -116.234720 -116.220600 -116.250405 -116.244992 -116.211652 -116.234866 -116.249404 -116.256837 -116.229636 -116.206829 -116.219394 -116.224017 -116.237105 -116.256033 -116.233923 
-116.227260 -116.231488 -116.259914 -116.239245 -116.243300 -116.211843 -116.258217 -116.236321 
-116.256982 -116.239812 -116.250683 -116.243447 -116.209633 -116.256622 -116.245455 -116.229107 -116.207825 -116.225946 -116.240255 -116.237127 -116.205024 -116.232276 -116.210000 -116.222184 -116.252429 -116.207797 -116.238270 -116.229990 
-116.243646 -116.203630 -116.219975 -116.249516 -116.241111 -116.225082 -116.220840 -116.226889 -116.242830 -116.234089 -116.236441 -116.211256 -116.214801 -116.256937 -116.258148 -116.255526 -116.255675 -116.254311 -116.256150 
-116.246020 -116.246465 -116.230083 -116.247068 -116.219966 -116.244398 -116.226694 -116.230529 -116.254875 -116.249089 -116.209815 -116.250364 
-116.229566 -116.248646 -116.243766 -116.205513 -116.229380 -116.253551 -116.220887 -116.226563 -116.226800 -116.208314 -116.256981 -116.250265 
-116.231434 -116.249011 -116.244391 -116.229293 -116.209102 -116.210088 -116.227752 -116.255511 -116.238280 -116.234565 -116.232521 -116.247793 -116.227394 -116.222990 -116.233056 -116.230367 -116.218775 -116.260132 -116.211000 -116.241052 -116.226575 -116.226399 -116.242832 -116.221966 -116.244660 -116.207032 
-116.241596 -116.247900 -116.229863 -116.210604 -116.243073 -116.251995 -116.247788 -116.206972 -116.247460 -116.256115 -116.242959 -116.252641 
-116.245761 -116.213278 -116.232311 -116.249354 -116.244503 -116.255963 -116.258020 -116.245131 -116.236696 -116.220786 -116.226853 -116.220502 -116.217265 -116.237759 -116.243371 -116.233348 -116.259184 -116.239641 -116.206396 -116.213083 -116.213339 -116.219699 -116.236649 -116.224207 -116.259975 -116.208578 -116.223639 
-116.225025 -116.219634 -116.223918 -116.220642 -116.242898 -116.243788 -116.241024 -116.241582 -116.239118 -116.246623 -116.229947 -116.223489 -116.223020 -116.203527 -116.242030 -116.222572 -116.216733 -116.211934 -116.225705 -116.218043 
-116.232829 -116.256332 -116.239094 -116.208504 -116.214710 -116.231238 -116.241646 -116.237975 -116.258433 -116.223406 -116.223380 -116.223100 
-116.232936 -116.248801 -116.241104 -116.252492 -116.238270 -116.241709 -116.237797 -116.233735 -116.221364 -116.202480 -116.218945 -116.222869 -116.252583 -116.236769 -116.244482 -116.207106 -116.223999 -116.238911 
-116.211439 -116.220548 -116.205811 -116.244183 -116.220905 -116.247382 -116.240897 -116.256875 -116.237070 -116.234252 -116.219397 -116.209339 -116.216268 -116.244359 -116.251099 
-116.205276 -116.249877 -116.212324 -116.234437 -116.233333 -116.226220 -116.253212 -116.207768 -116.253130 -116.223000 -116.228439 -116.235404 -116.223094 -116.226396 -116.228836 -116.231132 -116.213533 -116.243285 -116.238910 -116.255391 
-116.236267 -116.223322 -116.212618 -116.206001 -116.247760 -116.249928 -116.231204 -116.235920 -116.240494 -116.208251 -116.237758 -116.229870 -116.244665 -116.232601 -116.227014 -116.251163 -116.258894 -116.245929 -116.207306 -116.202722 -116.210593 -116.237547 -116.245420 -116.245527 -116.234543 -116.249505 -116.224000 -116.212296 -116.223532 -116.258356 -116.259618 -116.259694 -116.223585 
-116.205422 -116.224597 -116.209375 -116.247411 -116.238499 -116.212578 -116.203514 -116.217656 -116.214519 -116.258922 -116.238421 -116.208025 -116.252836 -116.228141 -116.211600 -116.253255 -116.209602 -116.223461 -116.218447 -116.221127 -116.204956 -116.228401 -116.254888 -116.252970 -116.209926 -116.258077 -116.226829 
-116.223328 -116.224765 -116.259515 -116.222929 -116.255628 -116.237385 -116.213579 -116.246424 -116.219955 -116.218860 -116.254475 -116.244416 -116.254512 -116.204114 -116.218113 -116.215434 -116.230056 -116.234605 -116.223870 -116.259409 -116.252391 -116.202364 -116.223498 -116.215104 -116.213906 
-116.247646 -116.215659 -116.236659 -116.248977 -116.253809 -116.213468 -116.211208 -116.214820 -116.222032 -116.212581 -116.258778 -116.233345 -116.249394 -116.219131 -116.234431 -116.228352 -116.226655 -116.226449 -116.244459 -116.241076 
-116.254938 -116.206665 -116.233385 -116.220034 -116.225047 -116.215237 -116.209731 -116.230740 -116.203958 -116.234587 -116.238056 -116.255854 -116.216762 -116.240105 -116.230674 -116.227116 
-116.248691 -116.218996 -116.215297 -116.251667 -116.246067 -116.253496 -116.214224 -116.220798 -116.250106 -116.218253 -116.232561 
-116.211281 -116.209183 -116.260133 -116.210327 -116.243377 -116.247202 -116.213694 -116.255886 -116.258466 -116.229378 -116.241164 -116.240641 -116.207499 -116.256751 -116.236276 -116.246376 -116.252497 -116.206683 -116.203330 
-116.203216 -116.250118 -116.210755 -116.215413 -116.217832 -116.205513 -116.217793 -116.242705 -116.249813 -116.216259 -116.255235 -116.247644 -116.218925 -116.253687 -116.237140 -116.243795 -116.218575 -116.213584 -116.207489 -116.250610 -116.245738 -116.238265 -116.227497 -116.240309 -116.226639 -116.235761 -116.255737 -116.227917 -116.243626 -116.221050 -116.248264 -116.249440 -116.203046 
-116.258470 -116.245544 -116.242671 -116.237901 -116.231422 -116.256985 -116.251621 -116.245941 -116.209292 -116.216501 -116.206119 -116.246256 -116.236533 -116.203309 -116.219674 
-116.229000 -116.237409 -116.216694 -116.245433 -116.250609 -116.241769 -116.205455 -116.219640 -116.231953 -116.230508 -116.221722 -116.254131 -116.218025 -116.213914 -116.255758 -116.256267 -116.227632 -116.207969 -116.251377 -116.249472 
-116.227168 -116.254951 -116.230036 -116.206240 -116.210875 -116.225532 -116.215000 -116.212719 -116.255365 -116.250483 -116.245496 -116.230548 -116.231031 -116.205705 -116.240545 -116.223981 -116.204861 -116.251062 -116.233337 -116.224603 
-116.242289 -116.246279 -116.213295 -116.218145 -116.223911 -116.238769 -116.218221 -116.237730 -116.258366 -116.258440 -116.250990 -116.257527 -116.214859 -116.242609 -116.240059 -116.256307 -116.238170 
-116.240278 -116.255138 -116.206005 -116.245434 -116.216716 -116.240394 -116.239655 -116.224721 -116.237636 -116.217342 -116.246193 -116.225624 -116.209791 -116.233881 -116.210032 -116.238159 -116.207965 -116.222268 -116.236374 -116.221161 -116.253234 -116.253428 -116.237361 -116.245618 -116.206455 -116.245326 -116.249376 -116.248246 -116.234265 
-116.229459 -116.210294 -116.211156 -116.216740 -116.237764 -116.234781 -116.253209 -116.234773 -116.257081 -116.215361 -116.252835 -116.236134 -116.237477 -116.247284 -116.229458 -116.238559 -116.244912 -116.232168 -116.204828 -116.222828 -116.249468 -116.219015 -116.219241 -116.234765 -116.208302 -116.255106 -116.224272 -116.206409 -116.230442 -116.244785 -116.213646 -116.246638 -116.205077 -116.251520 
-116.246952 -116.220382 -116.239653 -116.203535 -116.229522 -116.217432 -116.213485 -116.241119 -116.235631 -116.212990 -116.259388 -116.220168 -116.248476 -116.245758 -116.239039 -116.259512 -116.247087 -116.216749 -116.257213 -116.202871 -116.211781 -116.210095 -116.206947 -116.228099 -116.239295 -116.214935 -116.216001 -116.256950 -116.257304 -116.226260 -116.209121 -116.223752 -116.232638 -116.205595 -116.204776 -116.218383 -116.204547 
-116.244875 -116.211131 -116.209565 -116.245624 -116.235601 -116.256792 -116.242985 -116.210018 -116.233424 -116.234272 -116.248284 -116.245836 -116.206204 -116.216496 -116.214714 -116.255901 -116.205590 -116.241635 -116.223388 -116.234404 -116.219956 -116.232846 -116.240806 -116.240350 -116.208456 
-116.238879 -116.223041 -116.225358 -116.220531 -116.217795 -116.245474 -116.256365 -116.247074 -116.255191 
-116.252135 -116.217625 -116.212921 -116.219061 -116.252606 -116.222242 -116.238734 -116.251562 -116.214008 -116.205003 -116.255154 -116.254895 -116.215228 -116.254024 -116.221217 -116.202983 -116.241494 -116.254768 -116.226259 -116.245388 -116.217421 -116.245802 
-116.239593 -116.222654 -116.238633 -116.241386 -116.248255 -116.227762 -116.205195 -116.212889 -116.205033 -116.256723 -116.258791 -116.256496 -116.207222 -116.216785 -116.247912 
-116.225755 -116.234584 -116.212209 -116.251101 -116.225650 -116.220956 -116.205710 -116.237429 -116.206837 -116.217976 -116.208188 -116.254831 -116.205826 -116.228484 -116.203874 -116.203332 -116.212756 -116.239959 -116.206475 -116.205753 -116.242506 -116.205938 -116.213701 -116.258685 -116.211681 -116.250614 -116.249179 -116.218262 -116.259868 
-116.218615 -116.236387 -116.257715 -116.233893 -116.236320 -116.237118 -116.240315 -116.239800 -116.257860 -116.257008 -116.223819 
-116.228260 -116.215466 -116.216915 -116.256720 -116.245090 -116.225501 -116.235914 -116.235848 
-116.240161 -116.239538 -116.257547 -116.208101 -116.258030 -116.256579 -116.221779 -116.229179 -116.251125 -116.205064 -116.249411 -116.238907 -116.253434 -116.214156 -116.216378 -116.229250 -116.235098 -116.218673 -116.235873 -116.213155 -116.247477 -116.207705 
