-0.029026  0.866648
-0.114391  1.000475
 0.557202  0.618363
 0.187627  0.446746
 0.383223  0.524562
-0.064583  0.572309
 0.015430  0.480441
-0.114777  1.535727
 0.420532  0.652840
 0.100120  0.881586
-0.542799  0.891169
-0.590460  1.156666
-0.070488  1.873959
-0.027698  1.043435
-0.101491  0.983883
 0.276536  0.922773
 0.470346  0.439689
 0.845009  0.558015
 0.243399  0.631309
-0.067147  0.875836
 0.254585  0.496722
-0.244894  0.317953
 0.286308  0.601344
 0.488865  0.670724
-0.221931  0.676568
-0.100359  0.780493
-0.035923  0.504119
-0.384709  1.667561
-0.140128  1.061498
 0.496839  0.311183
 0.575186  0.608313
-0.119635  0.968660
-0.042776  0.609033
-0.289264  0.942875
 0.364288  0.367236
 0.903626  1.112120
-0.047501  1.417111
-0.020149  0.760037
-0.205777  1.845075
 0.273400  0.709772
 0.082940  0.403883
-0.401404  0.873208
 0.780146  2.080899
 0.081481  0.880216
 0.181369  0.649995
-0.068481  0.516860
-0.389893  1.123008
-0.649103  2.903724
-0.382539  1.006221
 0.550248  0.588340
 0.430923  2.118492
 0.495525  0.581220
 0.302973  0.322830
 0.070719  0.686619
-0.044144  0.916461
-0.352840  0.822914
 0.318900  0.766885
-0.012892  0.302837
 0.508614  5.347320
-0.005228  0.668290
 1.032095  0.586495
-0.174599  0.367927
-0.078864  0.419563
-0.772300  0.737763
 0.156451  0.513971
-0.098174  0.507244
-0.383582  1.020310
-0.303880  1.096891
-0.400917  0.881845
 0.438353  0.436651
-0.028686  0.400238
-0.400231  0.993441
 0.529706  2.107811
 0.394811  0.946904
 0.685871  1.283285
-0.878923  0.898696
-0.414281  0.772204
 0.011551  0.857864
-0.224611  0.470449
-0.504992  0.936822
 0.353776  0.437607
 0.092337  0.365022
-0.902687  3.354102
-0.310825  0.535982
-0.017279  1.989136
 0.192594  0.307739
-0.296852  1.043091
 0.094563  1.188817
 0.323227  0.794181
 0.286671  0.512000
-0.316940  1.115202
 0.527004  0.641541
 0.282107  0.544419
 0.210165  0.735697
-0.266203  1.151532
-0.128921  0.355267
 0.220767  0.686557
 0.181741  0.578352
 0.110256  0.421430
 0.057236  1.719064
