0.000000 0.021550
0.000000 0.014899
0.000000 0.012373
0.000000 0.028508
0.000000 0.015060
0.000000 0.040266
0.000000 0.037608
0.000000 0.016912
0.000000 0.025850
0.000000 0.024153
0.000000 0.018381
0.000000 0.035068
0.000000 0.247801
0.000000 0.031819
0.000000 0.049040
0.000000 0.023250
0.000000 0.029390
0.000000 0.017240
0.000000 0.020309
0.000000 0.685540
0.000000 0.027156
0.000000 0.022327
0.000000 0.042517
0.000000 0.042839
0.000000 0.019042
0.000000 0.035935
0.000000 0.041919
0.000000 0.098793
0.000000 0.036700
0.000000 0.056724
0.000000 0.021816
0.000000 0.034738
0.000000 0.023162
0.000000 0.025809
0.000000 0.023001
0.000000 0.027957
0.000000 0.016006
0.000000 0.033485
0.000000 0.036558
0.000000 0.019085
0.000000 0.041215
0.000000 0.037467
0.000000 0.032060
0.000000 0.056093
0.000000 0.031383
0.000000 0.029448
0.000000 0.023630
0.000000 0.019016
0.000000 0.018997
0.000000 0.027497
0.000000 0.128360
0.000000 0.033532
0.000000 0.022390
0.000000 0.029030
0.000000 0.044028
0.000000 0.193348
0.000000 0.034983
0.000000 0.045958
0.000000 0.026237
0.000000 0.017562
0.000000 0.025416
0.000000 0.026844
0.000000 0.094816
0.000000 0.023662
0.000000 0.055005
0.000000 0.044950
0.000000 0.037746
0.000000 0.048152
0.000000 0.051815
0.000000 0.020825
0.000000 0.025933
0.000000 0.030159
0.000000 0.030520
0.000000 0.041171
0.000000 0.030727
0.000000 0.028516
0.000000 0.037012
0.000000 0.016059
0.000000 0.046211
0.000000 0.021252
0.000000 0.026214
0.000000 0.052032
0.000000 0.030163
0.000000 0.034352
0.000000 0.014464
0.000000 0.031550
0.000000 0.062284
0.000000 0.044624
0.000000 0.040566
0.000000 0.016052
0.000000 0.015889
0.000000 0.013000
0.000000 0.022995
0.000000 0.062568
0.000000 0.042116
0.000000 0.038697
0.000000 0.014634
0.000000 0.082209
0.000000 0.061716
0.000000 0.041507
