35.869063 35.845772 35.891906 35.876829 35.852203 35.845456 35.844341 35.884477 35.890072 35.847099 35.875159 35.864511 35.888457 35.859285 35.840577 35.873927 35.884090 
35.872508 35.841264 35.892290 35.865949 35.888305 35.885772 35.848442 35.849126 35.863821 35.857977 35.880303 35.856256 35.885115 35.882768 35.885197 
35.864049 35.851073 35.862979 35.867477 35.845985 35.862387 35.887817 35.848734 35.890480 35.879116 35.864306 35.849375 35.863936 35.859987 35.845770 35.878227 35.841312 35.840634 35.841652 35.840519 35.874641 35.877461 35.869236 
35.846825 35.866856 35.877123 35.854096 35.854290 35.844112 35.840459 35.867693 35.843732 35.851663 35.868934 35.847046 35.885543 35.885134 35.846076 35.874692 35.865694 35.869237 35.848431 35.841577 35.850893 35.882462 35.888472 35.870925 
35.884195 35.865130 35.862940 35.855371 35.884945 35.849156 35.869300 35.843462 35.889831 35.858225 35.843374 35.878084 35.846244 35.841436 35.850687 
35.865874 35.845877 35.883252 35.877520 35.849193 35.888191 35.879452 35.841173 35.877123 35.888361 35.875669 35.871069 35.883948 35.872059 35.857494 35.866543 35.874702 35.885561 35.840398 35.858340 35.883455 35.876819 
35.874083 35.875325 35.841801 35.878656 35.886091 35.872541 35.862196 35.888664 35.875188 35.861017 35.840836 35.849158 35.861164 35.883237 35.850585 35.871709 35.871656 35.866526 35.864580 35.856067 35.864067 35.859629 35.849775 35.858383 35.846939 
35.875751 35.860436 35.842488 35.883884 35.858667 35.891834 35.873750 35.886140 35.888727 35.852884 35.857466 35.883497 35.859583 35.854187 35.880808 35.846840 35.861567 35.846513 35.877841 
35.863396 35.860945 35.889204 35.867142 35.871296 35.870322 35.853661 35.851331 35.852162 35.875633 35.885399 35.864216 35.883748 35.863262 35.864001 35.845581 35.883740 35.858645 35.891423 
35.879985 35.882680 35.891911 35.890677 35.855512 35.867278 35.848328 35.864582 35.874538 35.855488 35.875270 
35.860406 35.870646 35.858644 35.885237 35.875148 35.853146 35.854322 35.845414 
35.865168 35.858315 35.843878 35.856011 35.892082 35.854049 35.872938 35.877790 35.865339 35.882628 35.844556 35.840919 35.860545 35.865285 35.861641 35.859046 35.881579 35.863029 35.861920 35.843838 35.850592 35.889792 
35.867068 35.848450 35.849314 35.844046 35.871946 35.883120 35.872113 35.884396 35.872380 35.869538 35.873276 35.886984 35.862814 35.867158 35.849273 35.854002 
35.878211 35.871476 35.851086 35.880168 35.869362 35.874863 35.849616 35.875055 35.876717 35.849619 35.841991 35.863559 35.851876 35.876614 35.864281 35.851399 35.860692 
35.883159 35.868993 35.869740 35.881716 35.868982 35.881377 35.883243 35.865480 35.864509 35.855159 35.849274 35.869097 35.883746 35.859175 35.870824 35.861091 35.848636 
35.892290 35.875599 35.867701 35.891225 35.855287 35.879912 35.866104 35.866179 35.871923 35.868722 35.850610 35.843869 35.852450 35.885009 35.867455 35.864558 35.875817 
35.860394 35.885747 35.843855 35.842036 35.889399 35.871817 35.846973 35.846175 35.855056 35.855220 35.847555 35.853322 35.856793 35.861846 35.841199 35.854983 35.883340 35.881372 35.863566 35.884308 35.865103 35.866740 
35.857563 35.881463 35.842362 35.852048 35.843299 35.874531 35.845406 35.854039 35.868236 35.841778 35.850807 35.862154 35.889434 35.855498 35.881234 35.890202 35.842549 35.883022 35.844901 35.856161 35.866145 35.852050 35.858991 35.870359 35.884215 35.865059 35.868304 35.890581 35.887763 35.868837 35.852444 35.891914 35.863788 35.843076 35.843610 35.852032 35.867980 35.856128 35.874098 
35.840586 35.870435 35.858626 35.876107 35.861805 35.853923 35.888074 35.887305 35.846498 35.858120 35.879943 35.847641 35.849798 35.855991 35.885323 35.842512 35.878183 35.851646 35.857278 35.888101 35.885767 35.884427 35.875983 35.879265 35.869585 35.850987 35.846927 35.846270 35.861858 35.872631 
35.890822 35.844471 35.850610 35.847567 35.881063 35.878651 35.886981 35.847596 35.879150 35.857833 35.891893 35.854278 35.885555 35.872326 35.877062 35.846975 35.868960 35.865146 35.844491 35.889310 35.886604 35.857454 35.876967 35.841555 35.872911 35.858951 35.856386 35.855473 35.882983 
35.849591 35.890921 35.869309 35.853709 35.870344 35.850408 35.860135 35.878539 35.840683 35.849328 35.858953 35.883986 35.872004 35.891624 
35.843843 35.891229 35.875887 35.849887 35.842477 35.873329 35.859259 35.845517 35.857063 35.846076 35.860491 35.874026 35.868675 35.852549 35.863945 35.860933 35.887097 35.852455 35.887310 35.851573 35.891147 35.887233 35.841055 35.840988 35.863476 35.878928 35.864196 35.855846 35.876975 35.877373 35.863121 35.861845 35.881427 35.863115 35.882672 35.866257 35.879700 35.860654 35.890486 35.847852 35.881021 35.857139 35.856100 35.859894 
35.879431 35.876645 35.864542 35.851160 35.858996 35.863120 35.849230 35.873704 35.845396 
35.851877 35.887162 35.888334 35.847464 35.848301 35.886052 35.854886 35.863926 35.844157 35.890474 35.856417 35.871568 35.841690 35.885655 35.841376 35.891938 35.866336 35.890869 35.860950 35.857272 35.889955 35.891046 35.887797 35.852934 35.850761 35.849956 35.857813 35.853307 35.877393 35.868013 35.843684 35.880676 
35.859657 35.875959 35.883917 35.891380 35.882065 35.863335 35.873603 35.877444 35.877313 35.876335 35.884601 35.880855 35.860128 35.869440 35.886682 35.858995 
35.850401 35.857748 35.852182 35.888510 35.840623 35.863136 35.876286 35.856740 35.847001 35.840406 35.854958 35.884840 
35.845703 35.885713 35.883984 35.850443 35.884603 35.877665 35.855516 35.872260 35.866784 35.890997 35.882065 35.848409 35.869480 35.878295 35.874646 35.854167 35.855705 35.887929 35.853891 35.853998 35.867398 35.859544 35.891764 35.840415 35.886013 35.851317 35.879290 
35.852621 35.866383 35.874478 35.872926 35.853085 35.852802 35.875945 35.878498 35.885619 35.885548 35.869600 35.892257 35.885639 
35.885015 35.891044 35.882476 35.859026 35.851770 35.847149 35.865342 35.874900 35.882208 
35.879737 35.844695 35.883804 35.868486 35.851041 35.877584 35.852858 35.861866 35.859955 35.853618 35.843512 35.864947 35.845374 35.888701 35.868569 35.890841 35.866416 35.866722 35.856428 35.841733 35.842156 35.842107 
35.882429 35.843951 35.883277 35.885353 35.854595 35.853901 35.860701 35.865897 35.848486 35.849531 35.886379 35.862601 35.874336 35.867469 35.877677 35.889518 35.862480 35.873853 
35.874226 35.841564 35.850613 35.878492 35.875911 35.891038 35.892052 35.840700 35.848014 35.843741 35.853333 35.885513 35.863554 35.840735 35.889931 35.848333 35.867459 35.870436 35.853253 35.865447 35.873007 35.860522 35.854414 35.880652 35.879685 35.878743 35.856388 35.846816 35.868652 
35.852080 35.879120 35.882137 35.878515 35.867164 35.863962 35.847377 35.875640 35.873529 35.852066 35.862861 35.877685 35.880898 35.886645 35.844704 35.878584 35.860492 35.879522 35.849217 35.865505 35.867466 35.884219 35.881141 35.871389 35.882683 35.877018 35.856023 35.849598 35.849912 35.882699 35.883692 35.859765 
35.881327 35.888050 35.859242 35.842293 35.862550 35.852824 35.888594 35.879546 35.843348 35.885806 35.860392 35.841398 35.862099 35.853238 35.869312 35.883148 35.859014 35.847342 35.863476 35.842703 35.848629 35.891003 35.880193 35.842959 35.862579 35.868461 35.841796 35.887083 35.880512 35.856807 
35.881743 35.875507 35.887305 35.845226 35.847484 35.841763 35.858176 35.856782 35.842374 35.849189 35.874137 35.877250 35.872755 35.892244 35.861265 
35.870130 35.874451 35.843698 35.843426 35.866297 35.840473 35.888195 35.845804 35.865686 35.863898 35.852254 35.889171 35.855063 35.886794 35.886967 35.856877 35.863563 35.885493 
35.866051 35.889220 35.892307 35.861564 35.882425 35.864696 35.880775 35.866827 35.878612 35.859390 
35.860394 35.842226 35.868345 35.876939 35.878538 35.841519 35.845360 35.855882 35.869999 35.854869 35.869085 35.889888 35.851230 35.868639 35.860079 35.890056 35.858854 35.861042 35.853819 
35.847855 35.860734 35.851389 35.847068 35.867571 35.878454 35.844772 35.855938 35.865227 35.853390 35.874669 35.871888 35.852073 35.840761 35.867022 35.874667 
35.848611 35.862114 35.852594 35.871354 35.845743 35.858515 35.850807 35.888039 35.851641 35.885331 35.844381 35.856705 35.860674 35.842960 35.864313 35.851161 35.853043 35.882565 35.868595 35.878670 35.841120 
35.843691 35.855356 35.852071 35.854841 35.867895 35.841751 35.875028 35.872893 35.842378 35.854327 35.868881 35.869664 35.843750 35.862238 35.860168 35.840938 35.841515 35.860298 35.874602 35.888108 35.861793 35.886688 35.857002 
35.846920 35.856436 35.875128 35.841552 35.875582 35.871293 35.869132 35.848413 35.878404 35.876528 35.884737 35.866746 35.860688 35.869059 35.851959 35.843073 35.873940 35.889633 35.860331 35.881605 35.889885 35.873521 35.864339 35.888265 35.863350 35.845270 35.872929 35.886925 35.858761 35.872014 35.862837 35.868999 
35.876177 35.888627 35.853045 35.861579 35.887147 35.891912 35.841985 
35.883383 35.844594 35.859751 35.873530 35.850074 35.861650 35.861782 35.843986 35.849847 35.864677 35.879054 35.880403 35.844203 
35.842467 35.887423 35.866603 35.871261 35.878199 35.867298 35.847003 35.863827 35.848501 35.843017 35.841861 35.878747 35.874680 35.876500 35.841983 35.856094 35.855209 35.870398 35.859236 
35.855667 35.884380 35.873185 35.870309 35.853352 35.848716 35.852213 35.854869 35.846147 35.847281 35.879772 35.852349 35.885071 35.847850 35.855746 35.860920 35.864648 35.872516 35.873053 35.882907 35.883483 35.881913 35.861927 35.867133 35.878796 35.890690 35.856399 
35.841530 35.866464 35.849180 35.846538 35.873516 35.855027 35.858519 35.891874 35.861159 35.857696 35.891110 35.869923 35.845756 35.846190 35.846303 35.854498 35.852895 35.867021 
35.841534 35.885225 35.874214 35.854001 35.885307 35.841601 35.860177 35.878175 35.883450 35.847014 35.841463 
35.862976 35.840755 35.890504 35.885882 35.844725 35.845901 35.855280 35.871241 35.842459 35.876848 35.880603 35.853121 35.879694 35.856646 35.880974 35.859191 35.883063 35.872172 35.886849 35.884950 35.884190 35.885391 35.844636 35.890120 
35.843701 35.869555 35.880211 35.859741 35.870626 35.877625 35.843695 35.874892 35.891936 35.848387 35.842717 35.889678 35.883840 35.889348 35.854869 35.885747 35.841084 
35.885036 35.855083 35.873362 35.862291 35.869487 35.886896 35.855252 35.873051 35.846237 35.857029 35.891564 35.844748 35.878318 35.842367 35.854375 35.855012 35.888276 35.847758 35.874088 35.870482 35.878077 35.877949 35.877667 
35.845417 35.864293 35.872614 35.851696 35.891528 35.872488 35.850737 35.853592 35.874428 35.859483 35.847393 35.888676 35.881251 35.844936 35.848888 35.853147 
35.857861 35.848237 35.862625 35.841920 35.889950 35.876008 35.852192 35.852842 35.890003 35.860886 35.884926 35.891313 35.877287 35.869830 
35.869011 35.873120 35.889543 35.876240 35.873720 35.876648 35.860779 35.858811 35.845045 35.881085 35.872734 35.873836 35.876261 35.854715 35.846264 35.853271 35.890040 35.877230 35.865526 35.880761 35.866953 35.858510 
35.878955 35.848304 35.865073 35.854913 35.888502 35.847522 35.845703 35.861436 35.842147 35.882256 
35.874030 35.852034 35.888884 35.883896 35.861524 35.855841 35.865518 35.851641 35.842008 35.856752 35.872253 35.856486 35.841046 
35.845540 35.848961 35.868108 35.886563 35.855431 35.859660 35.884093 35.858015 35.879578 35.878983 35.849191 35.890373 35.883484 35.888355 35.884173 35.876292 35.857692 35.864607 35.857006 35.874790 35.861180 35.881665 35.841578 35.872784 
35.865773 35.858835 35.890490 35.887901 35.865709 35.861908 35.877529 35.847677 35.864677 35.870274 
35.877144 35.866956 35.871539 35.856781 35.877958 35.891771 35.860706 
35.842435 35.880509 35.857297 35.876122 35.867935 35.882982 35.852809 35.884416 35.852030 35.875338 35.871798 35.878403 35.861496 35.874264 35.877681 35.884712 35.880765 35.883337 35.877585 35.882056 35.875192 35.844693 35.861053 35.882465 35.888586 35.846216 35.866037 35.873976 35.870996 35.868307 35.860655 35.889547 35.842242 35.851280 35.881493 
35.845879 35.849928 35.875781 35.867397 35.875738 35.867819 35.875301 35.883345 35.862249 35.873603 35.872763 35.849296 35.845219 35.860960 35.858745 35.886738 35.875782 35.863266 35.884281 35.856665 35.870741 35.887377 35.883432 35.890730 35.871204 35.875877 35.841195 
35.873499 35.887636 35.853303 35.850776 35.858245 35.847609 35.889411 35.855023 35.843192 35.866862 35.883804 35.864340 35.864186 35.847192 35.879121 35.849412 35.868681 35.851623 
35.842378 35.859840 35.840634 35.863690 35.883925 35.864429 35.853041 35.855329 35.842294 35.869293 35.847952 35.875600 35.865887 35.891239 35.877907 35.842555 35.880841 35.888931 35.860425 35.845567 35.878165 35.850603 35.868513 35.883511 35.864119 35.848540 35.854473 35.849212 35.863326 35.852373 35.887189 35.883257 35.880663 
35.851870 35.847279 35.861904 35.884170 35.854627 35.884995 35.873558 35.874146 35.871225 35.879091 35.868385 35.888210 35.867937 35.857590 35.841054 35.872762 35.857308 35.875196 35.863268 35.840969 35.862667 35.880277 35.883239 35.853042 
35.886523 35.856652 35.880005 35.851569 35.884527 35.856866 35.874729 35.852971 35.887472 35.869136 35.886935 35.891839 35.885902 35.862254 35.873577 35.881386 35.843069 35.850543 35.847454 35.852462 35.840794 35.885597 35.842464 35.888931 35.885664 35.844758 35.875443 35.884349 
35.869325 35.867295 35.851277 35.889018 35.880420 35.870316 35.858113 35.851505 35.856017 35.874429 35.885922 35.868538 35.868923 35.890550 35.849602 
35.890658 35.884294 35.848575 35.873971 35.884532 35.840553 35.868263 35.845157 35.849816 35.854705 35.876697 35.845523 35.885118 35.860285 35.870374 35.865369 35.853115 35.852463 35.869621 35.874404 35.890326 35.854087 35.841185 35.843172 35.866939 35.889969 35.877843 35.892264 35.874475 35.846841 35.851916 35.863288 35.890301 35.846964 
35.848273 35.873312 35.877022 35.870599 35.871377 35.859562 35.844344 35.857889 35.878084 35.892156 35.859164 35.877669 35.868184 35.849274 35.848274 35.843119 35.867226 35.849096 35.866401 35.888568 35.887729 35.869634 35.880717 35.872615 35.844679 35.886626 
35.888451 35.878510 35.868305 35.844555 35.884617 35.842259 35.855895 35.876366 35.876678 35.843524 35.881735 35.856347 35.878259 35.851191 35.873546 35.885340 35.864604 35.881853 35.891965 35.867799 35.866378 35.850226 35.882557 35.879805 35.872004 35.879046 35.884402 35.884535 35.883230 35.863493 35.878059 35.862943 35.867301 35.874017 35.870635 
35.872465 35.841431 35.840440 35.845261 35.845224 35.891856 35.887363 35.846241 35.866019 35.859007 35.841197 35.872756 35.859330 35.851539 35.854110 35.856293 35.868352 35.854987 35.852464 35.863828 35.857325 35.868339 35.860377 35.881266 35.862581 35.887843 35.842507 35.851733 35.864634 35.858216 35.879142 35.884357 35.872987 35.856557 35.840636 35.884194 35.888521 35.877202 35.863077 
35.859343 35.889204 35.852146 35.852581 35.867170 35.866578 35.859143 35.848032 35.875660 35.845724 35.866444 35.849696 35.874063 35.873662 35.874682 35.861972 35.852656 35.846747 35.886485 35.847630 35.882720 35.871772 35.842643 35.864586 35.886244 35.872125 35.867096 35.878882 35.886905 35.867627 35.848230 
35.872545 35.852000 35.868133 35.887695 35.848794 35.864497 35.882790 35.872352 35.851091 35.887219 35.881734 35.841697 35.848148 35.857571 35.871272 35.852831 35.852415 35.849819 35.853058 35.853908 
35.867265 35.876102 35.845424 35.845581 35.857540 35.868046 35.850146 35.889146 35.856721 35.889505 35.891820 
35.840691 35.876555 35.889691 35.879556 35.866980 35.860273 35.859064 35.850502 35.884537 35.862223 35.881710 35.859278 35.879309 35.870558 35.869626 35.865287 35.882708 35.854059 35.881187 35.891882 35.878233 35.885603 
35.853787 35.857614 35.841001 35.866642 35.842309 35.877515 35.850006 35.867034 35.857857 35.854189 35.863078 
35.851082 35.847254 35.875063 35.862626 35.875189 35.865819 35.880189 35.874229 35.844200 35.886080 35.887883 35.888628 35.854169 35.863695 35.891604 35.852022 35.856565 35.867351 35.879487 35.891458 35.866498 
35.866989 35.885415 35.845001 35.848006 35.844803 35.890204 35.890367 35.888727 35.877076 35.874744 35.852280 35.882153 35.867279 35.867259 
35.884667 35.840533 35.862764 35.875152 35.857695 35.849818 35.849470 35.881164 35.847467 35.890134 35.873341 35.865791 35.846425 35.842563 35.888348 35.842507 35.855732 35.878918 
35.856948 35.875802 35.868732 35.880266 35.867251 35.852905 35.872992 35.873689 35.857720 35.863284 35.874607 35.869411 35.891386 35.848631 35.864410 35.850508 35.887370 35.861144 35.844542 35.855195 35.850596 35.847455 35.890974 35.860473 
35.842464 35.884084 35.859568 35.890951 35.885401 35.845056 35.843792 35.889739 35.846235 35.856065 35.844873 35.874479 35.879763 35.840811 35.856354 35.858756 35.855642 35.876597 35.851214 35.843218 35.873953 35.864913 35.842278 35.864017 35.846076 35.875163 35.847170 35.865167 35.858829 35.845888 35.845304 35.876484 35.865411 35.891390 35.870398 35.862435 
35.855313 35.850777 35.842455 35.859859 35.860358 35.850539 35.868680 35.891984 35.888308 35.880031 35.885335 35.872383 35.856515 35.873193 35.880894 35.844916 35.891462 35.880693 35.875219 35.866758 35.843605 35.885286 35.883887 35.873838 35.846177 35.891756 
35.857925 35.852177 35.876421 35.858591 35.877300 35.857376 35.883762 35.856103 35.878655 35.863640 35.853394 35.857825 35.843787 35.840570 35.890501 35.864700 35.884100 35.879922 35.880565 35.846394 35.851522 35.867182 35.879651 35.843359 35.843464 35.862570 35.859125 35.859637 35.864710 35.843341 35.846274 
35.875305 35.878624 35.860715 35.857803 35.885428 35.884729 35.844747 35.888431 35.880956 
35.867926 35.843078 35.868705 35.878098 35.864779 35.888624 35.875110 35.853825 35.880222 35.873698 35.886492 35.887667 35.885470 35.858445 35.845492 35.870269 35.840725 35.841692 35.880851 35.858623 
35.874058 35.864525 35.848927 35.866878 35.847897 35.860488 35.849405 35.849509 35.864458 35.891412 35.892156 35.883552 35.870765 35.883430 35.865165 35.854912 35.866447 35.844905 35.855929 35.842162 35.853787 
35.861862 35.857024 35.889096 35.855707 35.871986 35.865579 35.855557 35.858376 35.853865 35.849415 35.890943 35.840667 
35.872922 35.877738 35.884413 35.891699 35.854099 35.855610 35.882086 35.855787 35.880662 35.862284 35.881831 35.870510 35.884677 35.854067 35.861709 35.875025 35.855833 35.844389 35.852021 35.876145 35.873639 
35.846113 35.842353 35.867720 35.858711 35.846534 35.878392 35.872860 35.842759 35.867544 35.867950 35.873790 35.890664 35.865741 35.850680 35.858015 35.848144 35.842370 35.847596 35.864678 35.887629 35.848700 35.850324 35.843439 35.860622 35.843303 35.863874 35.862004 35.881249 35.851813 35.843562 35.863676 35.880149 35.844831 35.841287 35.875707 35.841935 35.845318 35.887715 35.852314 35.887602 35.855293 35.842948 
35.859388 35.865819 35.887725 35.856600 35.845394 35.850825 35.853500 35.853422 35.847782 35.847362 35.851209 35.870365 35.853448 35.891157 35.860591 35.885964 
35.873944 35.856321 35.891230 35.878302 35.885445 35.865580 35.860312 35.846346 35.877370 35.885741 35.863295 
35.858362 35.853787 35.884614 35.848376 35.881761 35.840646 35.890323 35.853288 35.849401 35.840872 35.857140 35.859492 
35.847289 35.881179 35.887282 35.865270 35.869203 35.863386 35.849306 35.845554 35.863861 35.873074 35.870373 
35.848772 35.875736 35.869306 35.885186 35.848292 35.862721 35.870598 35.851413 35.850767 35.864865 
35.859372 35.859809 35.881874 35.844164 35.878718 35.879748 35.859287 35.869582 35.882992 35.851242 35.842637 35.841866 35.883299 35.874782 35.870062 35.848138 35.859415 35.876229 35.878417 35.890261 35.878048 35.841306 35.891014 35.889252 35.856622 35.885845 35.865475 35.857569 35.872028 35.857865 35.874524 35.840949 35.857392 
35.874670 35.858545 35.860779 35.879584 35.858006 35.846385 
35.843482 35.877111 35.867991 35.872243 35.870957 35.847342 35.864400 35.872077 35.844522 35.872930 35.860257 35.859703 35.886826 35.871676 35.856068 35.882007 35.886826 35.877105 35.884905 35.865539 
35.886248 35.846834 35.884401 35.887407 35.850591 35.858938 35.863824 35.886802 35.858112 35.878398 35.854506 35.882571 35.846513 35.843827 35.876858 35.870444 35.851047 35.887465 
35.845367 35.888107 35.841723 35.876206 35.847917 35.876130 35.864777 35.887345 35.857831 35.871949 35.840880 35.845197 35.885061 35.868509 35.863166 35.856418 35.840593 35.840683 
35.878661 35.877274 35.888944 35.844833 35.873471 35.849422 35.886715 35.849675 35.846559 35.869239 35.884702 35.884500 35.841670 35.865900 35.867810 35.879111 35.843784 35.883193 35.857322 35.879501 35.850551 
35.870903 35.848306 35.844448 35.884831 35.870307 35.865780 35.880398 35.884751 35.890443 35.890801 35.850547 35.882966 35.843959 35.875900 35.862074 35.841257 35.867660 35.840641 35.880217 35.886257 35.873485 35.851542 
