-116.247563 -116.226646 -116.224151 -116.213404 -116.208500 -116.227176 -116.216475 -116.234035 -116.259074 -116.214728 -116.227337 -116.214198 -116.243999 -116.207251 -116.217299 -116.213956 -116.216943 
-116.246213 -116.237065 -116.230246 -116.228527 -116.228189 -116.247047 -116.216814 -116.213377 -116.204853 -116.255908 -116.241745 -116.216598 -116.243082 -116.203649 -116.258954 
-116.251465 -116.235559 -116.224701 -116.223765 -116.222028 -116.246326 -116.249955 -116.257465 -116.231507 -116.260011 -116.218062 -116.244533 -116.207121 -116.230341 -116.254720 -116.221250 -116.240003 -116.225107 -116.238711 -116.216076 -116.211971 -116.259915 -116.217990 
-116.249973 -116.208778 -116.242250 -116.222123 -116.237369 -116.248420 -116.248305 -116.239119 -116.223257 -116.213078 -116.259139 -116.212336 -116.235872 -116.222281 -116.206428 -116.244240 -116.209442 -116.209608 -116.217004 -116.220253 -116.213968 -116.227215 -116.238061 -116.253213 
-116.221091 -116.210471 -116.207799 -116.209150 -116.232049 -116.207780 -116.223532 -116.240263 -116.250470 -116.247467 -116.219759 -116.223396 -116.234915 -116.251545 -116.219308 
-116.216935 -116.241693 -116.255615 -116.212154 -116.239671 -116.215465 -116.254570 -116.244752 -116.235851 -116.259369 -116.206186 -116.225184 -116.252698 -116.235240 -116.237367 -116.209693 -116.259835 -116.224390 -116.256147 -116.257012 -116.213080 -116.213793 
-116.222897 -116.217260 -116.233071 -116.227400 -116.240650 -116.214756 -116.206291 -116.226054 -116.216678 -116.237977 -116.251478 -116.231404 -116.259537 -116.249421 -116.241321 -116.207037 -116.237152 -116.225344 -116.223334 -116.232889 -116.202979 -116.242734 -116.205115 -116.204669 -116.248923 
-116.228658 -116.228763 -116.230306 -116.221787 -116.220171 -116.250020 -116.258336 -116.238827 -116.253719 -116.256921 -116.245811 -116.205877 -116.216655 -116.256514 -116.226454 -116.220489 -116.202446 -116.233254 -116.205150 
-116.231035 -116.213764 -116.232293 -116.230197 -116.255683 -116.213868 -116.260101 -116.245107 -116.230438 -116.251970 -116.227107 -116.252001 -116.216344 -116.211339 -116.221304 -116.240487 -116.207582 -116.229678 -116.206957 
-116.244700 -116.209247 -116.215203 -116.224710 -116.225323 -116.252615 -116.236780 -116.247433 -116.247713 -116.233967 -116.212526 
-116.206744 -116.250538 -116.212860 -116.237562 -116.259051 -116.203649 -116.228674 -116.204816 
-116.211785 -116.227861 -116.257231 -116.239625 -116.227602 -116.255611 -116.221580 -116.234255 -116.212064 -116.214152 -116.259440 -116.240362 -116.250343 -116.217936 -116.253053 -116.231828 -116.240154 -116.229511 -116.246102 -116.257425 -116.240045 -116.236447 
-116.235487 -116.219956 -116.246095 -116.210971 -116.240565 -116.211258 -116.254720 -116.218236 -116.258723 -116.240958 -116.226899 -116.204715 -116.237993 -116.236681 -116.209385 -116.208796 
-116.231488 -116.221162 -116.260132 -116.242688 -116.213188 -116.220917 -116.254851 -116.220636 -116.252389 -116.206752 -116.232629 -116.238794 -116.206758 -116.228486 -116.215619 -116.211110 -116.211621 
-116.217937 -116.255376 -116.220753 -116.258886 -116.219770 -116.253268 -116.247362 -116.219303 -116.241272 -116.244845 -116.241371 -116.256530 -116.230442 -116.240332 -116.223927 -116.224265 -116.228699 
-116.238546 -116.237919 -116.245288 -116.259699 -116.219949 -116.209668 -116.215567 -116.254075 -116.249308 -116.205193 -116.214555 -116.213846 -116.242336 -116.229967 -116.232536 -116.240234 -116.236487 
-116.216049 -116.220401 -116.230278 -116.218197 -116.241912 -116.208545 -116.240779 -116.238086 -116.258776 -116.245801 -116.211298 -116.214668 -116.209480 -116.258746 -116.251819 -116.215557 -116.208571 -116.245671 -116.217310 -116.235224 -116.234745 -116.238576 
-116.225071 -116.239919 -116.238162 -116.240017 -116.236107 -116.253769 -116.245342 -116.241502 -116.258358 -116.223986 -116.207649 -116.208318 -116.241998 -116.227310 -116.212878 -116.259733 -116.219743 -116.218642 -116.217583 -116.211540 -116.237988 -116.249813 -116.211530 -116.214480 -116.249147 -116.232301 -116.223083 -116.218035 -116.213993 -116.214182 -116.205597 -116.229618 -116.222753 -116.243861 -116.230374 -116.243069 -116.257818 -116.215429 -116.230153 
-116.232710 -116.210708 -116.243406 -116.255433 -116.241300 -116.211885 -116.209207 -116.202643 -116.205712 -116.222534 -116.244842 -116.217246 -116.212248 -116.217789 -116.253871 -116.233243 -116.252478 -116.230490 -116.204640 -116.207434 -116.222482 -116.204381 -116.209668 -116.226548 -116.245594 -116.241974 -116.245065 -116.222692 -116.214601 -116.228686 
-116.244627 -116.251104 -116.251287 -116.212493 -116.225409 -116.210165 -116.211977 -116.211587 -116.207353 -116.203281 -116.233879 -116.244192 -116.215332 -116.248097 -116.230522 -116.239737 -116.240593 -116.230163 -116.219357 -116.209468 -116.225224 -116.226284 -116.245276 -116.226106 -116.256152 -116.234326 -116.252984 -116.203568 -116.258113 
-116.259202 -116.258418 -116.216709 -116.202862 -116.254983 -116.256072 -116.259706 -116.231120 -116.231640 -116.216126 -116.222658 -116.243507 -116.206818 -116.223643 
-116.255852 -116.217748 -116.252778 -116.245193 -116.214367 -116.249403 -116.259617 -116.251872 -116.217977 -116.219617 -116.246586 -116.222997 -116.205004 -116.225538 -116.230844 -116.231722 -116.257332 -116.259915 -116.231371 -116.237254 -116.226015 -116.205724 -116.237334 -116.212688 -116.239407 -116.224360 -116.233896 -116.250395 -116.248061 -116.222023 -116.248428 -116.254816 -116.214780 -116.203481 -116.218750 -116.255161 -116.225022 -116.227997 -116.217426 -116.259659 -116.247433 -116.258046 -116.204926 -116.216613 
-116.254933 -116.236573 -116.240420 -116.255868 -116.243656 -116.255538 -116.249480 -116.231312 -116.229855 
-116.221192 -116.236370 -116.231465 -116.223681 -116.221427 -116.221317 -116.244762 -116.251963 -116.234918 -116.214418 -116.233878 -116.216889 -116.251779 -116.216616 -116.211532 -116.213985 -116.240683 -116.258528 -116.231625 -116.239829 -116.235870 -116.225666 -116.255593 -116.254089 -116.207720 -116.256168 -116.213894 -116.215859 -116.207882 -116.219410 -116.227098 -116.216470 
-116.242398 -116.257725 -116.245273 -116.230159 -116.207061 -116.215481 -116.203633 -116.220874 -116.223233 -116.203297 -116.232088 -116.255297 -116.214889 -116.257733 -116.206104 -116.232087 
-116.257555 -116.215651 -116.234444 -116.214058 -116.203692 -116.212539 -116.248481 -116.257733 -116.232920 -116.230914 -116.257406 -116.258355 
-116.212988 -116.204461 -116.236255 -116.213307 -116.248083 -116.241668 -116.245835 -116.215355 -116.251503 -116.246547 -116.239247 -116.211302 -116.206542 -116.258255 -116.257407 -116.204369 -116.234302 -116.244377 -116.205794 -116.203264 -116.204772 -116.244088 -116.225094 -116.234983 -116.208590 -116.221394 -116.227775 
-116.248600 -116.236249 -116.204929 -116.236994 -116.230243 -116.236401 -116.249384 -116.205825 -116.239638 -116.224765 -116.215142 -116.250273 -116.214252 
-116.205814 -116.203439 -116.214241 -116.240911 -116.216547 -116.243635 -116.237654 -116.222928 -116.211445 
-116.237715 -116.256029 -116.240886 -116.252412 -116.255051 -116.253275 -116.236461 -116.220103 -116.251224 -116.206422 -116.244566 -116.230822 -116.220677 -116.233309 -116.225897 -116.228187 -116.242244 -116.243435 -116.228243 -116.240440 -116.241030 -116.249607 
-116.247547 -116.245888 -116.245440 -116.245518 -116.235453 -116.227317 -116.252486 -116.220235 -116.214437 -116.246323 -116.207452 -116.208350 -116.205792 -116.223185 -116.223901 -116.209149 -116.210565 -116.234376 
-116.216611 -116.251179 -116.249867 -116.256604 -116.219687 -116.235157 -116.205831 -116.254430 -116.234672 -116.253341 -116.232270 -116.253100 -116.244421 -116.226699 -116.246632 -116.204505 -116.231119 -116.221947 -116.224096 -116.233092 -116.259060 -116.217810 -116.237768 -116.202435 -116.255094 -116.207938 -116.206642 -116.252300 -116.248325 
-116.225191 -116.210610 -116.205166 -116.225175 -116.229052 -116.209520 -116.256989 -116.240682 -116.227356 -116.211631 -116.219868 -116.207056 -116.257433 -116.209385 -116.222370 -116.251402 -116.259336 -116.234380 -116.225411 -116.237175 -116.208140 -116.246130 -116.226434 -116.237565 -116.228110 -116.202700 -116.213550 -116.231293 -116.256397 -116.246519 -116.218762 -116.248304 
-116.239259 -116.210883 -116.250954 -116.219853 -116.247337 -116.259114 -116.205100 -116.206953 -116.222555 -116.235953 -116.203637 -116.222866 -116.233514 -116.248347 -116.237561 -116.241018 -116.259798 -116.245396 -116.246954 -116.243572 -116.215500 -116.232840 -116.212186 -116.205602 -116.248370 -116.243981 -116.254713 -116.217362 -116.234777 -116.250354 
-116.211484 -116.213761 -116.251969 -116.226713 -116.215574 -116.250404 -116.214849 -116.207675 -116.231288 -116.243568 -116.230349 -116.244822 -116.204092 -116.219036 -116.245239 
-116.224166 -116.247227 -116.238137 -116.204213 -116.240482 -116.246919 -116.250125 -116.250847 -116.246506 -116.241819 -116.226663 -116.235336 -116.243535 -116.233242 -116.214234 -116.214659 -116.236472 -116.210816 
-116.251577 -116.254860 -116.242870 -116.244369 -116.213065 -116.240790 -116.235900 -116.212009 -116.253853 -116.255667 
-116.222330 -116.234684 -116.204793 -116.223576 -116.206940 -116.238436 -116.203352 -116.233068 -116.229295 -116.228468 -116.211052 -116.231084 -116.208540 -116.256475 -116.258395 -116.207436 -116.215204 -116.207037 -116.204860 
-116.217526 -116.226969 -116.216247 -116.203486 -116.229188 -116.212535 -116.245223 -116.253786 -116.250018 -116.237832 -116.229157 -116.207610 -116.217255 -116.241841 -116.221230 -116.230562 
-116.202405 -116.211546 -116.219253 -116.215098 -116.216385 -116.218849 -116.251205 -116.243938 -116.213893 -116.240198 -116.213209 -116.226440 -116.231483 -116.252179 -116.210333 -116.230913 -116.230383 -116.258605 -116.222025 -116.246749 -116.203009 
-116.259518 -116.209215 -116.246609 -116.206576 -116.238760 -116.215020 -116.259106 -116.253474 -116.220277 -116.218057 -116.213897 -116.249957 -116.221826 -116.236240 -116.244313 -116.229491 -116.227831 -116.215787 -116.219756 -116.245848 -116.234360 -116.244467 -116.211323 
-116.251704 -116.223969 -116.215106 -116.223614 -116.256143 -116.215667 -116.208763 -116.205017 -116.237515 -116.209286 -116.257813 -116.246631 -116.240166 -116.225725 -116.216314 -116.205353 -116.255912 -116.231095 -116.240856 -116.259352 -116.208902 -116.257174 -116.248418 -116.254958 -116.252114 -116.212142 -116.210899 -116.252490 -116.240862 -116.255563 -116.222665 -116.217653 
-116.240814 -116.231319 -116.247514 -116.241264 -116.259075 -116.219327 -116.260028 
-116.240099 -116.208148 -116.223947 -116.232501 -116.217762 -116.238698 -116.255392 -116.247800 -116.228357 -116.216159 -116.203734 -116.226237 -116.209308 
-116.229410 -116.217701 -116.206930 -116.252976 -116.255858 -116.250297 -116.202482 -116.233965 -116.243116 -116.215071 -116.231727 -116.225012 -116.241833 -116.234743 -116.217023 -116.238029 -116.211066 -116.215814 -116.221876 
-116.222039 -116.247713 -116.250068 -116.238974 -116.256118 -116.255749 -116.227444 -116.245222 -116.204646 -116.212548 -116.233944 -116.223523 -116.218816 -116.216912 -116.249878 -116.249566 -116.218140 -116.205375 -116.232741 -116.239087 -116.248150 -116.255713 -116.207292 -116.259478 -116.258162 -116.209844 -116.249919 
-116.231170 -116.222110 -116.243785 -116.219182 -116.231054 -116.246233 -116.225024 -116.246369 -116.213206 -116.240786 -116.247179 -116.254522 -116.215665 -116.217272 -116.257966 -116.220599 -116.211313 -116.222779 
-116.226382 -116.252487 -116.207163 -116.239265 -116.243934 -116.205162 -116.208290 -116.221200 -116.233409 -116.240395 -116.230685 
-116.244165 -116.234481 -116.215777 -116.245725 -116.243478 -116.229736 -116.219246 -116.233550 -116.241526 -116.226825 -116.248088 -116.241916 -116.230883 -116.255958 -116.244805 -116.229627 -116.232176 -116.248792 -116.205738 -116.232009 -116.220786 -116.209421 -116.254851 -116.254725 
-116.203142 -116.223864 -116.234115 -116.243465 -116.225330 -116.227319 -116.224389 -116.223937 -116.204200 -116.206240 -116.246647 -116.248358 -116.257390 -116.235868 -116.242089 -116.231315 -116.248532 
-116.208479 -116.221315 -116.237278 -116.216291 -116.254401 -116.237270 -116.235605 -116.236268 -116.204421 -116.260153 -116.226781 -116.231387 -116.238481 -116.245461 -116.245727 -116.235316 -116.239806 -116.239246 -116.260015 -116.259595 -116.259294 -116.237679 -116.206232 
-116.206277 -116.243214 -116.205792 -116.214321 -116.214225 -116.213966 -116.225227 -116.241641 -116.247622 -116.222637 -116.216198 -116.257391 -116.210671 -116.245444 -116.218382 -116.235909 
-116.203198 -116.240479 -116.232954 -116.231151 -116.212527 -116.227543 -116.221208 -116.253191 -116.208830 -116.242549 -116.211565 -116.234968 -116.237393 -116.232192 
-116.210000 -116.248553 -116.245201 -116.228403 -116.259157 -116.220907 -116.248829 -116.240461 -116.207274 -116.253534 -116.249971 -116.220461 -116.242502 -116.227669 -116.208205 -116.228805 -116.233573 -116.208009 -116.246442 -116.210097 -116.240844 -116.227711 
-116.246830 -116.238898 -116.224985 -116.242973 -116.259708 -116.244592 -116.206189 -116.230251 -116.214491 -116.226256 
-116.204192 -116.222863 -116.254956 -116.253959 -116.258532 -116.242814 -116.206489 -116.258437 -116.237967 -116.246322 -116.225900 -116.206341 -116.248061 
-116.237674 -116.252645 -116.223850 -116.248138 -116.204690 -116.237620 -116.230587 -116.228261 -116.225020 -116.258951 -116.219376 -116.242826 -116.210512 -116.240876 -116.207125 -116.239001 -116.235213 -116.223761 -116.252915 -116.246605 -116.209678 -116.259168 -116.240481 -116.253170 
-116.214223 -116.214564 -116.210200 -116.247861 -116.219190 -116.238407 -116.223777 -116.224760 -116.241084 -116.238658 
-116.247914 -116.205645 -116.205966 -116.216065 -116.213638 -116.223431 -116.208230 
-116.245701 -116.204512 -116.205759 -116.258071 -116.204481 -116.236586 -116.254963 -116.205935 -116.222491 -116.233859 -116.244048 -116.204246 -116.224434 -116.234200 -116.223561 -116.217515 -116.204123 -116.204610 -116.224413 -116.239445 -116.221650 -116.208314 -116.252015 -116.239137 -116.229177 -116.230515 -116.249203 -116.221864 -116.224604 -116.204163 -116.259802 -116.235914 -116.223960 -116.217868 -116.217238 
-116.246498 -116.255519 -116.227442 -116.222441 -116.224541 -116.250495 -116.248222 -116.250426 -116.244285 -116.237588 -116.243229 -116.245103 -116.203080 -116.241448 -116.203069 -116.222512 -116.229635 -116.217412 -116.213650 -116.211382 -116.210090 -116.216982 -116.227716 -116.225349 -116.211980 -116.239249 -116.245338 
-116.230464 -116.226767 -116.207962 -116.211931 -116.220504 -116.253361 -116.214039 -116.212826 -116.243282 -116.235543 -116.259220 -116.215172 -116.250686 -116.212139 -116.239154 -116.240528 -116.233028 -116.221678 
-116.211258 -116.220334 -116.204181 -116.234327 -116.210607 -116.249289 -116.242034 -116.220262 -116.249538 -116.210975 -116.245960 -116.205648 -116.237921 -116.218098 -116.258875 -116.234979 -116.219479 -116.217375 -116.257132 -116.219201 -116.250821 -116.228942 -116.223631 -116.242738 -116.217657 -116.251134 -116.234619 -116.217138 -116.245657 -116.215277 -116.228676 -116.252528 -116.217663 
-116.236177 -116.249963 -116.207342 -116.255618 -116.220895 -116.204369 -116.248572 -116.227878 -116.255352 -116.247473 -116.239040 -116.259868 -116.209619 -116.236384 -116.259745 -116.223590 -116.254072 -116.210934 -116.258025 -116.220612 -116.204384 -116.211730 -116.223415 -116.234291 
-116.257940 -116.207851 -116.209387 -116.250825 -116.252407 -116.227748 -116.236210 -116.215325 -116.204437 -116.216765 -116.214466 -116.208546 -116.217234 -116.229799 -116.251736 -116.219401 -116.215519 -116.260036 -116.220445 -116.258020 -116.236077 -116.202872 -116.204443 -116.258477 -116.226044 -116.213422 -116.213540 -116.257687 
-116.233176 -116.220652 -116.244894 -116.213877 -116.220466 -116.206030 -116.242988 -116.222637 -116.211794 -116.207481 -116.256936 -116.233795 -116.227928 -116.210092 -116.236498 
-116.257385 -116.238290 -116.252059 -116.248103 -116.247512 -116.244555 -116.250229 -116.218336 -116.239164 -116.241490 -116.258209 -116.222409 -116.232172 -116.216310 -116.216873 -116.220455 -116.250149 -116.203942 -116.212145 -116.221028 -116.206811 -116.256282 -116.237650 -116.231522 -116.233099 -116.212865 -116.229027 -116.234997 -116.231916 -116.241262 -116.208401 -116.241704 -116.229217 -116.252670 
-116.203464 -116.251309 -116.250217 -116.221915 -116.250248 -116.245900 -116.237073 -116.236994 -116.250128 -116.238697 -116.252486 -116.233307 -116.238535 -116.240033 -116.219792 -116.228711 -116.225522 -116.241617 -116.246659 -116.246179 -116.247975 -116.228433 -116.205515 -116.244685 -116.220813 -116.252243 
-116.208169 -116.258072 -116.256603 -116.251312 -116.212723 -116.226491 -116.257974 -116.208948 -116.257994 -116.254449 -116.222587 -116.259264 -116.228603 -116.221901 -116.217984 -116.240805 -116.250061 -116.250091 -116.211420 -116.222008 -116.239695 -116.259471 -116.259571 -116.259746 -116.215825 -116.235615 -116.255591 -116.229556 -116.256077 -116.220651 -116.215471 -116.233059 -116.205744 -116.237399 -116.231698 
-116.259552 -116.211209 -116.226430 -116.249409 -116.203406 -116.251638 -116.216665 -116.230512 -116.206036 -116.204859 -116.211015 -116.226305 -116.213234 -116.240766 -116.215428 -116.239577 -116.258916 -116.254765 -116.228042 -116.247546 -116.249360 -116.253502 -116.230427 -116.234818 -116.258514 -116.202950 -116.248510 -116.245625 -116.255212 -116.234303 -116.223702 -116.253890 -116.212659 -116.210890 -116.232798 -116.231330 -116.243763 -116.224611 -116.225144 
-116.243118 -116.251330 -116.249441 -116.209597 -116.253896 -116.231052 -116.249921 -116.216079 -116.240651 -116.240545 -116.222120 -116.217995 -116.232357 -116.233710 -116.246704 -116.241216 -116.240907 -116.236948 -116.237469 -116.249259 -116.217470 -116.250207 -116.222573 -116.216610 -116.249762 -116.248307 -116.246610 -116.231872 -116.249007 -116.238313 -116.259472 
-116.255223 -116.258551 -116.244413 -116.251498 -116.223284 -116.255255 -116.233762 -116.249611 -116.259505 -116.210008 -116.257307 -116.219503 -116.258588 -116.259795 -116.237852 -116.244542 -116.205099 -116.236328 -116.210244 -116.205281 
-116.247463 -116.220304 -116.223167 -116.240689 -116.237806 -116.208238 -116.252798 -116.202971 -116.231311 -116.222396 -116.227667 
-116.234006 -116.234016 -116.220545 -116.205446 -116.219120 -116.258524 -116.237375 -116.236291 -116.206436 -116.223720 -116.222661 -116.240154 -116.220169 -116.233654 -116.236667 -116.215423 -116.243609 -116.220005 -116.216187 -116.219192 -116.211531 -116.233613 
-116.258238 -116.245289 -116.211787 -116.222692 -116.249468 -116.251876 -116.258424 -116.256128 -116.211314 -116.237526 -116.206883 
-116.217963 -116.238708 -116.244008 -116.243036 -116.215707 -116.208151 -116.258873 -116.257523 -116.246373 -116.235869 -116.215472 -116.243151 -116.241378 -116.254693 -116.221527 -116.247026 -116.259525 -116.214039 -116.227827 -116.256158 -116.221049 
-116.254409 -116.241960 -116.230493 -116.225046 -116.239302 -116.228049 -116.250728 -116.252013 -116.218354 -116.220251 -116.222619 -116.226399 -116.209260 -116.249653 
-116.251766 -116.251456 -116.219462 -116.250009 -116.223393 -116.233492 -116.211326 -116.241395 -116.238006 -116.243542 -116.228955 -116.209532 -116.230224 -116.247595 -116.250030 -116.217756 -116.239162 -116.222438 
-116.242063 -116.232356 -116.234188 -116.259371 -116.253279 -116.228162 -116.253157 -116.230583 -116.252845 -116.234505 -116.256710 -116.244102 -116.225540 -116.226547 -116.234938 -116.215699 -116.246247 -116.203038 -116.232730 -116.230974 -116.218152 -116.235648 -116.227107 -116.257565 
-116.204027 -116.225509 -116.228469 -116.255127 -116.239059 -116.240344 -116.245247 -116.210968 -116.250612 -116.233282 -116.234540 -116.255950 -116.208663 -116.233896 -116.235218 -116.234568 -116.208234 -116.208517 -116.258699 -116.249265 -116.208602 -116.244603 -116.234275 -116.243638 -116.259538 -116.218123 -116.254984 -116.220352 -116.241653 -116.230269 -116.229610 -116.207514 -116.240912 -116.234077 -116.228672 -116.235510 
-116.230025 -116.216833 -116.253983 -116.202358 -116.207676 -116.238208 -116.229246 -116.204442 -116.244130 -116.258435 -116.260151 -116.229601 -116.214306 -116.222447 -116.226972 -116.221177 -116.249020 -116.257930 -116.236441 -116.258586 -116.259975 -116.228890 -116.213702 -116.203313 -116.248708 -116.223197 
-116.244853 -116.222366 -116.227145 -116.202643 -116.204056 -116.223305 -116.229030 -116.237034 -116.224311 -116.230664 -116.256475 -116.213876 -116.256285 -116.210927 -116.257498 -116.231753 -116.223113 -116.226941 -116.229597 -116.245227 -116.249016 -116.203735 -116.256003 -116.210125 -116.210860 -116.212482 -116.247255 -116.209894 -116.223814 -116.229006 -116.253288 
-116.247675 -116.259026 -116.246836 -116.219941 -116.254240 -116.253618 -116.253275 -116.216770 -116.257208 
-116.228029 -116.223702 -116.247481 -116.235152 -116.244440 -116.246160 -116.211000 -116.225135 -116.258538 -116.237788 -116.260126 -116.252870 -116.226253 -116.220487 -116.254179 -116.238951 -116.252966 -116.245740 -116.249431 -116.253973 
-116.208674 -116.230574 -116.258964 -116.254305 -116.245765 -116.257756 -116.219471 -116.252702 -116.239435 -116.206829 -116.223537 -116.257821 -116.218850 -116.241203 -116.204421 -116.211033 -116.228039 -116.216070 -116.244874 -116.240633 -116.245864 
-116.209866 -116.235641 -116.223086 -116.255791 -116.251511 -116.225589 -116.208937 -116.217922 -116.220118 -116.231201 -116.216241 -116.224983 
-116.203209 -116.252943 -116.243703 -116.233994 -116.220831 -116.231716 -116.253643 -116.243029 -116.242762 -116.252406 -116.252606 -116.202734 -116.205818 -116.246493 -116.216100 -116.256747 -116.219574 -116.222655 -116.214112 -116.208669 -116.207273 
-116.259455 -116.259824 -116.211717 -116.240403 -116.249557 -116.230504 -116.227196 -116.259355 -116.255682 -116.214320 -116.224860 -116.249865 -116.236790 -116.235659 -116.203896 -116.241312 -116.225871 -116.231034 -116.238671 -116.220625 -116.251237 -116.243700 -116.225892 -116.215506 -116.241906 -116.210826 -116.211975 -116.237506 -116.208276 -116.220330 -116.219093 -116.256430 -116.211599 -116.221448 -116.212533 -116.215120 -116.213676 -116.251261 -116.211964 -116.247252 -116.211058 -116.208540 
-116.255545 -116.242084 -116.235786 -116.228501 -116.257683 -116.254099 -116.240106 -116.218550 -116.235321 -116.225184 -116.248175 -116.224429 -116.240498 -116.247120 -116.256169 -116.239758 
-116.252125 -116.228148 -116.248055 -116.251528 -116.247347 -116.219339 -116.241814 -116.203862 -116.228240 -116.224233 -116.218721 
-116.247509 -116.227598 -116.218681 -116.227234 -116.245780 -116.207472 -116.243701 -116.238591 -116.223685 -116.250605 -116.249762 -116.205502 
-116.248205 -116.207281 -116.207392 -116.225042 -116.254990 -116.248000 -116.229427 -116.243509 -116.235078 -116.238118 -116.211043 
-116.255411 -116.237028 -116.234466 -116.257644 -116.230404 -116.230967 -116.208440 -116.232321 -116.225940 -116.212241 
-116.246222 -116.236254 -116.251201 -116.222037 -116.242971 -116.227095 -116.247983 -116.206277 -116.230864 -116.235626 -116.208438 -116.234772 -116.251794 -116.230728 -116.238506 -116.218794 -116.246144 -116.217732 -116.224489 -116.246794 -116.207330 -116.251304 -116.244518 -116.211490 -116.240120 -116.244869 -116.244143 -116.245473 -116.241701 -116.245024 -116.258749 -116.205315 -116.217814 
-116.215554 -116.223377 -116.210925 -116.231263 -116.225316 -116.215998 
-116.248719 -116.250393 -116.235074 -116.246257 -116.246114 -116.203256 -116.235856 -116.228899 -116.229705 -116.241270 -116.253195 -116.255442 -116.224142 -116.230971 -116.253094 -116.223779 -116.259317 -116.232268 -116.232948 -116.207647 
-116.205436 -116.237282 -116.206388 -116.216840 -116.246234 -116.208817 -116.231548 -116.235688 -116.241300 -116.245435 -116.220436 -116.240817 -116.243369 -116.247879 -116.237895 -116.205072 -116.208467 -116.232363 
-116.247193 -116.221544 -116.254368 -116.206253 -116.208808 -116.216673 -116.233033 -116.232452 -116.223752 -116.242076 -116.256435 -116.208613 -116.239589 -116.253736 -116.235603 -116.252334 -116.221987 -116.227972 
-116.206994 -116.255424 -116.233955 -116.241133 -116.257757 -116.202986 -116.236194 -116.244848 -116.209608 -116.254272 -116.208393 -116.233224 -116.214437 -116.235025 -116.254484 -116.206022 -116.243335 -116.225687 -116.205175 -116.257567 -116.255451 
-116.258627 -116.216985 -116.223377 -116.219775 -116.235743 -116.218268 -116.251400 -116.243011 -116.225271 -116.245317 -116.211816 -116.228821 -116.252066 -116.202945 -116.248930 -116.221921 -116.213820 -116.205805 -116.214628 -116.251808 -116.224536 -116.215979 
