0.897236 1.139291 1.052079 1.211814 1.041743 1.096916 0.912281 1.220684 0.889477 0.905858 0.930165 0.992805 0.992357 1.055081 1.039777 0.902458 1.123620 0.855052 0.844962 1.245394 0.880288 1.230441 1.165489 0.814497 0.887299 1.004958 1.220484 
1.232890 0.876039 0.968583 1.039646 0.812555 1.032904 1.015342 0.857483 1.084840 1.119109 0.996418 1.081392 0.811222 1.216491 1.056850 0.884213 1.053260 1.138162 0.959509 0.976467 0.855524 1.041953 0.981939 0.964671 0.976465 1.172726 0.906362 0.839837 0.912480 0.843590 0.876704 1.253747 0.810610 0.911496 
1.115093 0.874764 1.102496 0.958745 1.208651 0.835620 0.889295 0.960700 0.878693 1.024005 1.059806 0.816029 1.125806 1.151997 1.103068 0.956996 0.999197 0.950953 1.020401 0.957896 0.892979 1.024649 1.060619 1.011809 1.010128 1.145421 0.925301 0.897098 0.984371 1.228807 1.187289 1.187034 1.152031 0.879550 0.932780 1.009267 0.932503 1.034906 0.813315 1.073977 0.910971 0.832521 0.897861 1.200207 1.228331 0.860331 1.073974 0.964240 0.837573 0.961606 0.948462 
0.909718 1.235354 1.214570 0.935436 0.848892 1.015926 0.934532 1.066725 1.257741 0.795053 1.207078 0.820336 0.909504 0.943128 1.182394 1.075121 0.901335 0.797882 0.876898 1.048815 0.839173 1.092530 0.849684 0.844620 0.911606 1.148035 0.902343 1.243024 1.238600 
0.918082 1.235467 1.054745 0.896769 0.894027 1.234600 0.953725 0.829068 0.964906 0.831852 0.799336 1.166198 0.951300 1.018825 0.867952 0.916027 0.864189 1.181207 1.106199 0.852005 0.867499 1.144348 1.163805 
1.093414 0.802490 1.255717 0.939353 0.905406 1.058138 1.232899 1.058545 0.799098 1.119156 0.839152 0.989829 1.056566 1.157218 1.238055 0.985633 
1.200729 0.814536 1.037341 0.901409 0.808131 1.155754 0.966738 0.965714 0.844173 0.886681 0.863884 1.127549 0.947668 0.907879 1.213191 1.233667 1.189459 1.203183 0.852965 0.910477 0.857253 1.117389 
1.228408 1.200303 0.909641 0.893307 1.116500 1.100547 0.837418 1.085282 0.958327 1.202331 1.084927 0.889772 1.007277 1.034965 0.897371 0.980153 1.024344 0.952198 1.250795 0.819936 0.864651 0.920477 0.800923 1.155353 1.029256 0.917317 0.796105 
0.984075 0.988812 1.029345 0.886478 1.105848 0.903374 0.996131 1.222812 0.805134 1.063677 1.054123 0.907215 0.846559 0.938127 1.099343 0.833830 1.163101 1.209477 1.180811 1.197496 1.108417 0.860683 0.904680 1.205489 0.815618 1.053492 0.944644 1.036340 0.989067 
0.919556 0.953209 1.172572 1.194231 1.172094 0.965455 0.860802 1.134292 0.830468 1.108481 0.871855 0.896804 1.050505 0.997655 0.831461 0.821690 0.803875 0.805742 1.244428 1.074741 0.836258 0.933833 1.107793 
1.138218 1.218214 0.840279 1.079955 1.065860 0.976264 1.217685 0.912911 0.862370 1.064339 0.856542 0.889488 1.099825 1.156792 1.114104 0.914076 1.171953 1.013692 0.991051 0.805911 1.177842 0.922202 1.045186 1.006077 1.073848 0.876578 1.040748 0.858294 0.919007 0.927951 
0.865675 1.237910 1.029409 0.928389 0.848518 0.796991 1.163074 1.045895 1.252063 0.994000 0.878619 1.109220 0.849693 1.249147 0.950643 1.256771 1.010035 
0.852510 1.215687 0.942682 1.195799 0.968281 1.104374 0.910709 0.914889 1.065501 1.110870 1.228070 
1.053741 1.063164 0.976880 1.072997 0.818871 1.190580 1.181493 0.910822 0.927321 0.800807 1.068719 1.011417 0.982169 0.917324 0.815118 1.013812 1.003154 0.864442 1.087475 0.910175 0.899952 1.161877 0.941218 
1.107224 1.128310 0.859343 1.068117 1.006079 1.214692 0.982193 0.995711 0.796805 1.120378 1.110757 0.828739 0.868620 0.812401 1.222799 1.093351 1.149791 1.032782 1.079801 
0.832885 1.051631 1.085132 1.179869 0.966741 1.041677 1.124739 0.897602 0.935215 0.832865 1.140230 0.803707 0.947947 1.004830 1.257000 1.186625 0.831764 0.871143 0.916133 1.176562 0.893042 0.808584 0.876667 0.946554 1.218976 0.803762 1.125118 1.016462 1.216979 
1.157572 0.938023 1.081222 0.939695 0.894181 0.819406 1.162797 0.932557 1.258332 1.185771 1.243005 0.947743 0.859440 1.193084 1.179514 1.227201 0.924758 
1.161095 1.217827 0.800637 0.934617 0.794437 1.233914 1.039682 0.829386 1.088270 0.917128 1.163293 0.806994 1.083873 0.920762 1.196252 1.127632 0.974461 1.042186 0.977016 
0.804933 0.918074 1.037376 1.114966 1.125439 0.997536 1.255404 1.243734 1.011802 1.016897 1.031473 1.163813 0.877791 0.800876 0.989494 1.164888 1.145212 1.060363 0.865026 1.184918 0.813056 1.045821 1.249365 0.984892 
0.797136 1.215984 0.895835 0.950589 0.991543 1.066979 0.806650 1.102124 0.856949 1.062534 
0.865750 0.936716 0.807094 1.007633 0.967055 1.050643 1.182524 1.251275 1.040059 1.009694 1.191894 1.025147 1.213828 0.915944 1.017107 1.046122 
0.924906 1.147653 0.984804 1.223976 1.154442 0.877711 0.844558 1.112766 1.182049 1.082757 1.094470 0.965360 0.984806 0.978298 1.139355 1.067771 0.830516 0.951912 0.867155 0.805289 1.006122 1.171956 0.812882 0.986398 0.841180 0.923623 0.860942 1.062007 
1.070511 0.805955 0.966098 1.059587 1.212542 0.811912 1.118075 0.898486 1.127026 1.107296 1.203264 0.986552 1.174239 1.251658 1.094406 0.830108 0.801699 0.858198 1.157819 0.863370 0.816168 0.937108 1.218175 1.075596 0.939116 
0.952073 1.160485 0.826792 0.893599 0.830946 1.170710 0.797683 1.255520 0.940598 0.908205 1.215653 0.984012 0.828133 1.125343 1.142801 0.930260 1.242402 0.905842 0.821368 
1.202900 0.857643 1.207464 0.824552 1.018814 1.126046 1.075146 0.959749 1.230611 1.087648 0.919824 0.826212 1.003727 1.092818 1.225526 1.205153 1.077829 1.045143 1.100908 0.922212 1.123335 0.884732 1.046543 1.163153 1.255106 0.970764 0.930091 1.158201 1.118335 
1.057109 1.026549 1.186500 1.074669 1.034093 1.124584 1.026732 1.193473 0.987277 1.193830 1.047163 1.068066 1.112191 0.917336 0.794998 0.946989 1.000137 0.867535 
0.887447 0.959974 1.058997 1.153820 1.187511 1.066005 0.828199 0.990801 1.125923 1.094406 0.965504 1.057662 0.997690 1.118188 0.843380 1.131785 1.213331 0.796915 0.879099 0.868462 1.026848 0.927116 1.170268 
1.204258 0.963617 0.809454 1.148402 1.141988 1.243133 0.809326 0.868261 1.233701 1.124613 
1.018507 1.158930 1.032585 0.807013 1.014790 0.820633 0.875981 0.991138 0.917543 1.100860 0.894655 1.079782 0.935634 0.934805 1.213742 0.935884 
1.093769 0.868000 1.097622 1.057444 1.159093 1.187787 0.950745 1.131383 0.809075 1.032067 0.892379 0.930126 0.889443 0.795669 0.804080 1.077105 0.840577 
0.863397 1.188756 0.907973 1.135274 1.055208 0.921965 0.865350 0.900551 0.940946 0.809885 0.918205 0.796379 1.093572 0.859708 0.815793 0.918326 1.179579 1.175841 0.820663 0.934716 0.936826 0.909751 0.798356 0.854355 0.970897 1.205464 
1.217535 1.024875 1.179933 0.933832 0.801399 1.135329 0.816703 0.824218 1.085470 0.951376 1.092652 1.070397 1.024832 1.227672 1.202653 1.028487 
0.995091 0.980856 1.082596 1.201426 1.052560 1.125627 1.239044 0.891961 0.917819 1.225210 1.063888 1.233136 0.840290 1.061501 1.069175 0.968136 0.863877 1.196515 1.170224 1.138874 1.247685 0.806448 1.109043 1.171420 0.974186 1.104522 0.895000 0.814139 
1.109281 1.203467 1.090813 1.163149 1.182163 1.024979 1.154783 1.123071 0.847215 0.833312 1.123984 1.098589 0.813160 0.812035 1.089434 0.869831 1.116701 1.155546 1.155069 1.225522 1.201828 0.941028 1.226294 1.112134 0.821812 0.904371 1.086630 0.914796 0.815516 0.932014 1.012049 1.172938 
0.883960 0.981839 0.828915 1.147527 0.834848 1.067066 0.924956 0.796177 0.852088 0.887758 1.172544 0.953548 1.228902 0.805061 0.904143 1.213609 0.914368 0.892509 1.212795 1.029788 1.024972 1.219391 0.984158 1.114274 0.817598 
0.897663 0.926730 1.139437 0.883302 1.223366 1.005271 0.917574 0.900530 0.933221 0.960921 1.157783 0.852283 1.202656 1.005194 1.197154 0.994826 
1.152168 0.795261 0.797230 1.183891 0.896701 1.021462 0.931496 1.214789 1.025416 1.256797 1.190778 1.238572 0.806936 0.883319 0.906403 0.825625 0.887831 1.242258 0.866094 1.033442 1.000154 1.200253 1.182726 0.913120 1.046787 1.000077 1.090737 0.980053 0.832257 1.140345 0.850603 1.003490 0.936926 1.081761 0.800608 1.139738 1.115179 
1.026134 1.178256 0.847984 0.885651 1.191037 0.912798 0.799790 1.024334 1.247189 1.049322 1.152200 0.981198 1.054212 1.015345 0.979273 0.845350 0.809684 0.940588 
0.948737 1.052717 0.869899 1.007920 0.867667 1.238052 1.178664 0.949124 0.912536 0.878258 0.878450 1.068735 0.979922 1.154530 0.919637 1.204019 1.119652 1.143705 
1.163126 0.964739 0.811673 1.229047 0.999682 0.897638 1.176263 1.049849 1.228881 1.109851 1.121387 0.960304 0.908064 1.064426 0.901401 0.960256 0.832550 1.251629 1.140679 0.993582 1.187285 0.837118 0.885037 0.882893 1.213723 0.958225 0.925515 1.028216 1.103701 1.189675 0.971111 
0.851413 1.093812 0.963214 0.865327 0.971506 1.121991 1.056781 1.211807 0.881563 1.154296 0.889230 0.835066 1.067126 0.928653 
0.838312 0.881588 1.127003 1.171212 1.142661 1.078423 0.952591 1.005097 0.834454 0.932139 0.807638 1.092327 0.996226 1.114203 1.158213 0.909327 1.032244 0.896944 0.916023 1.068652 0.969888 0.912662 0.850146 1.224112 
1.235307 1.104950 0.886899 0.833816 1.186264 0.913792 0.961327 1.182543 0.898577 1.116346 1.168415 1.092204 0.830929 1.067747 1.183755 0.951281 0.854342 0.861661 1.172572 1.139526 0.892736 0.869357 0.873126 1.137134 1.184124 0.858687 1.052752 0.981791 
0.843478 1.171531 1.255069 1.256379 1.098342 1.046341 1.040320 1.175839 0.978772 0.849695 0.991809 
1.195273 1.093879 0.847252 1.059826 0.825615 1.194657 0.817533 1.201376 0.805469 0.882490 0.908417 0.845028 1.155309 0.967893 0.923002 0.912622 0.983782 1.013171 0.969937 1.170017 
1.105899 0.983771 1.191649 0.852975 0.938494 0.894318 1.161595 1.112880 0.818483 1.061848 0.837467 0.823558 1.114563 0.887993 1.101325 
1.038316 0.893117 0.941863 1.032497 1.001937 1.088136 1.043029 1.157183 0.961558 0.895354 1.180442 1.092662 1.087829 1.193206 1.066802 0.797735 0.837942 1.159966 1.094162 0.802468 1.112664 1.068964 1.065318 0.975814 0.922565 0.909947 0.873996 1.256251 0.794708 1.007458 0.917256 1.137669 
1.189852 0.900806 1.048536 0.886443 1.095326 0.920636 1.129521 1.071718 0.799903 0.896309 1.138081 0.837005 1.026546 1.223293 0.972021 1.182369 0.863473 0.903046 0.928456 0.896550 0.824338 0.808811 0.866468 0.876008 1.072370 1.094446 1.139031 1.117125 0.962785 1.104608 0.966555 1.079014 1.116358 1.022107 0.980737 1.160785 0.796464 1.101570 0.944168 
1.025748 1.237086 0.979369 0.894369 1.109674 1.258666 1.071165 0.877785 1.142377 1.043182 1.151412 0.947851 0.851866 0.812096 1.001110 0.888132 
0.959429 1.013487 1.095704 0.932617 0.797483 1.166355 0.859216 1.255286 1.172481 0.819584 0.925082 0.892417 1.180316 0.977698 1.050488 0.857162 1.068026 0.892103 
0.992195 1.085025 1.100037 0.801583 0.804428 0.884294 1.225019 0.796774 1.257544 0.938475 
0.877949 1.139895 0.851663 0.796953 0.991870 1.027368 0.879365 1.126153 0.894427 1.069029 1.092329 0.880818 0.823453 1.164686 1.249715 0.798658 1.143991 1.114739 1.113561 0.915450 1.255082 0.869349 
1.154933 0.978969 0.984479 0.824806 0.941048 0.884623 1.054181 0.954478 1.012438 1.235133 0.919514 1.023369 1.251937 0.893567 1.145674 1.133779 1.102276 0.948077 0.993219 1.129430 1.068189 0.898656 1.207038 0.810098 0.931813 0.855762 
1.236636 1.033762 1.091830 0.880431 0.958024 0.855434 0.879785 1.099337 1.178745 1.082343 0.953517 1.089604 0.970719 1.118001 0.899498 
0.980573 0.853668 1.093304 1.022779 0.975614 0.855364 1.190021 0.997950 1.178351 1.054601 0.968003 
1.029181 0.884742 1.215825 0.959591 
1.030392 1.256317 1.002295 1.104303 0.801934 0.959611 0.867512 0.890808 1.053512 0.890093 0.991891 1.102693 1.126794 1.242033 1.254406 1.207944 0.832405 1.181495 1.197909 1.093920 1.005943 1.092518 
1.042051 0.801684 1.048696 0.877682 0.920583 0.803027 1.021123 1.144417 0.826195 1.196037 1.047440 1.124637 0.869724 0.871953 0.849215 0.835662 0.841085 0.818307 
0.930588 0.991697 0.940436 1.047103 1.137379 1.174763 0.875746 0.989248 0.994418 0.816203 1.223855 0.973138 0.804499 0.824390 1.110058 1.070973 0.955354 1.002848 1.107571 0.980534 0.979851 1.002674 1.069022 0.800080 0.827966 1.193784 1.161745 0.805241 0.916474 0.841104 
0.821282 0.919289 1.162235 1.200158 1.169039 1.249361 1.080217 1.199632 1.080321 1.056486 1.066313 1.016602 1.078710 0.925617 1.066715 0.996160 1.072426 0.860612 0.935160 1.066973 1.066406 1.208600 
0.804997 1.113290 1.135523 0.932405 0.902646 0.858118 1.251266 0.882068 1.040981 1.133347 1.041196 0.862414 1.133732 0.856995 1.052386 1.102093 1.159869 0.958155 0.794782 1.132488 1.084841 0.915357 
0.941422 0.858693 1.217687 1.148549 1.012680 0.866264 1.148487 1.163781 0.824780 1.058056 1.070788 1.045841 0.925887 0.815860 1.085466 0.933242 0.912672 0.918220 1.068809 1.247814 
1.109096 0.825062 0.824743 1.200057 0.970952 1.017562 1.027089 0.871386 0.864920 1.228740 0.804319 0.974442 
0.941645 1.206750 0.795543 1.026384 1.068006 1.113509 1.027202 0.835894 1.250147 1.258538 1.102241 1.025028 0.860674 0.795901 0.798417 1.127323 1.031695 0.947577 0.822912 
0.867176 0.805488 1.010519 1.122891 1.226406 1.159461 0.991252 0.993517 
0.936110 1.010264 0.811826 1.243097 1.216052 1.098891 1.021686 0.872621 1.153684 1.053773 0.803921 1.020018 0.841516 0.929459 1.086349 1.228110 1.091973 0.990538 1.212382 0.803025 
1.007366 1.232527 0.823574 1.200863 1.198687 1.067818 0.911664 0.921410 0.934489 1.074534 1.089584 0.909534 1.193309 0.988450 0.886017 0.802196 0.898460 1.036239 1.197453 
1.251657 1.084335 0.903780 1.087887 0.811021 0.994506 1.211025 1.229009 1.219623 0.942695 1.142797 1.221382 
1.243574 1.149224 1.121632 1.029850 0.808426 1.017486 1.171268 0.864338 1.060083 0.975619 0.909270 1.021643 
0.916637 1.080753 1.095570 0.872636 0.835933 0.877647 0.795213 1.188880 0.866904 0.991719 0.915718 1.074447 1.227838 1.047225 0.908187 1.185295 0.898588 1.186662 0.914185 1.186739 1.159797 0.941879 1.051440 0.859020 1.109729 1.235497 
1.258252 0.800684 1.057383 0.854916 1.245470 1.197951 0.867044 1.244305 1.244468 1.185952 1.214033 1.120771 
0.905401 0.924048 0.808669 1.035835 0.915849 0.803026 1.082720 1.047305 1.213723 0.817679 0.828343 0.948143 0.997854 1.143890 1.181141 0.888747 1.079330 0.887917 0.851174 0.918263 0.877996 1.057993 0.841814 0.819112 1.178299 0.813596 1.057896 
1.018069 1.026413 0.836410 0.827891 0.926582 1.103993 1.101848 0.860128 1.046557 0.807055 0.918483 0.942470 1.097107 0.934029 0.909612 1.065888 1.161127 0.981298 1.101083 0.859801 
1.242826 1.036393 0.820876 0.813624 1.186060 0.927037 1.100364 1.244755 0.856933 1.114827 1.180321 0.840760 
1.095661 0.963943 0.964725 0.901304 0.851863 1.207660 1.069893 0.922624 0.899925 0.921991 0.914462 0.908763 1.142587 0.998633 1.228477 0.958142 0.927407 1.132080 
0.804407 1.074655 0.965355 1.201893 1.216653 1.000598 1.069515 1.022047 1.072030 1.116897 0.813830 1.224721 1.249705 0.949292 0.902671 
1.204346 0.801717 1.143645 1.129930 1.258147 0.947481 0.822561 1.240726 0.993593 1.117463 1.167867 1.031593 1.243694 0.912364 1.140480 0.837300 0.993685 1.000707 0.882524 0.869716 
0.937230 0.826391 0.799674 1.194539 0.845934 0.868774 1.158760 1.090825 1.081070 0.903542 0.924489 1.037168 1.019368 1.249272 0.799598 0.955156 1.181591 1.116269 0.806200 1.223680 0.987803 0.925837 0.907054 1.217448 0.919325 0.905327 1.076467 0.808390 1.052227 0.924919 0.963594 0.896809 0.972850 
0.841916 0.955313 1.204409 1.005520 1.030804 0.809622 0.861647 0.805974 1.213309 0.907967 1.062854 0.993205 1.189315 1.056592 1.205369 1.222607 1.210671 1.118044 1.137093 1.070795 0.795466 0.922915 1.173441 1.174105 0.996469 0.847069 1.238988 
1.123176 0.829295 1.018946 0.875623 0.938757 0.983311 0.962684 1.241278 1.021446 0.869744 1.033120 1.024842 1.115713 1.115597 0.825666 1.029732 1.252540 1.192685 1.197427 1.167910 1.001172 0.960698 0.892638 0.912568 0.837610 
1.250426 0.819864 0.836531 1.253437 0.988562 0.958576 1.071980 0.818450 0.806562 1.050367 1.216202 1.116430 1.064250 1.085915 0.841487 1.119231 0.964326 0.979074 1.172406 1.208336 
0.864237 0.992456 1.182157 1.177272 1.252414 0.914788 1.255393 1.181764 1.005723 1.152257 1.056553 1.168650 0.955052 1.251332 0.854018 0.894917 
1.039771 1.125712 0.924316 0.955915 1.216682 0.861146 0.965027 1.048731 0.813133 0.802653 1.064602 
0.949978 0.896226 1.015170 0.935071 1.093964 1.228813 1.040603 0.887166 1.126538 1.182663 0.915844 1.227378 0.988619 1.114886 0.893421 0.901485 0.812464 1.238032 0.876352 
0.929487 0.994438 1.224055 1.206163 1.044166 0.807637 0.808468 1.149712 0.807384 0.875514 0.962655 0.962269 0.794388 0.849192 1.178176 0.933596 0.900780 0.959247 1.119388 1.161902 0.925359 0.971908 0.893714 1.216724 1.010959 0.825611 0.977449 0.822391 1.156637 1.140930 0.904731 0.901881 1.091868 
0.878381 1.167551 1.004276 1.238211 0.929058 1.161708 0.877815 1.254892 1.005327 0.843857 0.850711 0.794782 1.009757 0.979588 0.944040 
1.041287 0.884046 0.849789 0.917262 0.818058 1.231926 1.038433 0.831921 1.120172 1.161251 0.893456 1.011452 0.855781 1.193252 1.104132 0.928719 0.798903 1.230518 0.851834 1.111200 
1.129591 0.910907 0.819936 0.810892 1.178860 0.806887 1.188467 0.964951 0.815178 1.196135 1.154223 0.796050 0.903228 1.071333 1.114233 1.019993 0.832683 0.997888 1.185494 0.895088 
0.810399 0.996755 1.146086 0.878487 0.807685 0.972765 1.069446 1.255603 0.846659 0.977100 1.019536 0.797235 1.083568 0.939299 1.039443 0.822528 1.207827 
0.867437 1.020974 1.134419 0.838100 1.011675 1.001536 0.928778 0.798725 0.922339 0.833072 0.983107 1.080491 1.130306 0.909049 1.101303 1.080655 1.228093 1.011503 0.888599 0.945668 1.117403 1.148002 0.989312 0.918002 0.843696 1.143486 1.237063 0.818562 1.094851 
1.082644 0.850583 0.828649 1.087058 0.929957 1.047696 1.043373 0.961683 0.946095 0.812603 0.862035 1.027011 1.143241 1.245775 0.971920 1.126871 1.251024 0.956558 0.800152 1.179298 1.163558 0.877736 0.934624 1.066120 1.067897 1.066853 1.018953 0.970889 0.826456 1.245586 1.100137 1.240107 1.053965 1.101988 
0.811813 0.805767 1.162950 0.952570 1.247754 0.980915 0.845020 0.905132 0.829585 1.213514 1.191674 0.982800 0.830994 0.917522 1.170826 1.131772 0.946888 0.889930 1.236802 1.128165 1.013996 0.957265 0.978145 1.234948 1.235635 1.067099 0.817094 1.212933 0.868261 1.125230 1.105336 1.041077 1.083262 0.814951 0.804118 0.849345 0.891662 
1.114881 1.131107 1.011270 1.096942 0.934880 1.252805 0.891217 1.055795 0.971055 0.975878 0.889241 1.166209 0.826010 0.807038 0.881457 0.846135 0.853001 1.071271 0.974090 0.799688 1.062578 0.949395 1.102711 1.011210 1.065593 
1.159339 1.216300 1.173008 0.799355 1.029987 1.169938 0.878425 1.059848 0.821741 
0.801810 0.978031 1.212898 0.825579 0.867616 1.135704 1.215978 1.140532 0.896896 0.929405 1.009181 1.160831 1.071218 1.073164 0.842672 0.930440 1.061198 1.157434 0.872684 0.822292 0.869885 0.811702 
0.887357 0.821576 1.109486 1.074064 1.256113 0.823566 0.950750 1.049812 0.947474 0.823106 0.985012 0.952068 1.047002 0.909273 1.233771 
0.799450 0.844428 1.062084 1.166756 0.816568 0.887393 0.934974 1.023543 0.905247 1.097011 0.998124 1.063150 0.865539 1.041062 0.947852 1.165871 0.970308 0.923903 1.203922 1.128966 1.044054 1.226847 0.829707 1.057725 1.236280 1.025240 1.179976 1.055444 0.891748 
0.800751 1.194063 1.033522 1.147911 0.943055 0.935319 0.849038 1.250179 0.810344 1.212267 0.805120 
0.893545 0.833800 1.018881 1.184476 1.111700 0.811347 1.151535 1.240263 
1.085338 1.245194 1.008450 0.814985 1.060571 0.864828 0.817009 0.843512 1.021646 1.153541 0.830164 1.100969 0.807064 1.233993 0.927848 0.993536 0.819730 0.971026 0.900667 0.877139 1.179458 1.215206 
