 35.8404  -116.26
 35.8484  -116.26
 35.8564  -116.26
 35.8644  -116.26
 35.8724  -116.26
 35.8804  -116.26
 35.8884  -116.26
 35.8444 -116.252
 35.8524 -116.252
 35.8604 -116.252
 35.8684 -116.252
 35.8764 -116.252
 35.8844 -116.252
 35.8924 -116.252
 35.8404 -116.244
 35.8484 -116.244
 35.8564 -116.244
 35.8644 -116.244
 35.8724 -116.244
 35.8804 -116.244
 35.8884 -116.244
 35.8444 -116.235
 35.8524 -116.235
 35.8604 -116.235
 35.8684 -116.235
 35.8764 -116.235
 35.8844 -116.235
 35.8924 -116.235
 35.8404 -116.227
 35.8484 -116.227
 35.8564 -116.227
 35.8644 -116.227
 35.8724 -116.227
 35.8804 -116.227
 35.8884 -116.227
 35.8444 -116.219
 35.8524 -116.219
 35.8604 -116.219
 35.8684 -116.219
 35.8764 -116.219
 35.8844 -116.219
 35.8924 -116.219
 35.8404 -116.211
 35.8484 -116.211
 35.8564 -116.211
 35.8644 -116.211
 35.8724 -116.211
 35.8804 -116.211
 35.8884 -116.211
 35.8444 -116.202
 35.8524 -116.202
 35.8604 -116.202
 35.8684 -116.202
 35.8764 -116.202
 35.8844 -116.202
 35.8924 -116.202
