  35.868840 -116.241574
  35.868308 -116.238805
  35.853344 -116.239195
  35.848345 -116.243963
  35.889735 -116.243554
  35.869795 -116.223070
  35.875325 -116.254544
  35.873776 -116.257457
  35.860045 -116.255450
  35.852892 -116.256309
  35.884306 -116.214483
  35.865264 -116.235934
  35.885410 -116.253180
  35.855137 -116.254459
  35.857682 -116.210431
  35.869953 -116.255853
  35.890954 -116.243950
  35.846015 -116.204532
  35.874021 -116.234387
  35.872330 -116.258510
  35.882656 -116.254537
  35.856685 -116.221003
  35.874508 -116.222583
  35.879429 -116.245657
  35.870444 -116.213354
  35.874536 -116.236708
  35.847924 -116.216174
  35.863913 -116.226981
  35.876289 -116.210099
