1.037527 1.100531 1.040705 1.118522 1.224838 0.877751 1.017803 0.937225 0.998752 0.974744 0.827008 1.132125 1.208169 1.047135 0.825690 1.189244 0.972699 0.808143 1.099369 0.956874 0.804159 1.135213 0.972640 1.047498 0.808678 0.842289 0.951451 0.988313 0.994997 1.135708 0.854328 0.996234 
1.023479 0.823906 1.113428 0.971897 1.224838 0.804961 1.039253 0.963762 1.041126 0.959487 0.941119 1.056155 0.877212 1.200861 1.085109 0.947616 1.043456 1.191277 0.860594 1.145405 0.797527 1.098240 0.953195 0.926374 0.990262 1.222344 1.168110 0.963585 1.214287 1.223069 0.924942 0.876157 
1.165365 1.184298 0.982843 1.205916 0.817508 1.225315 1.246943 0.798595 1.105403 0.954066 0.857009 0.855583 0.819256 0.894802 
0.842192 1.039993 1.227368 0.798746 0.896726 1.250367 1.123649 0.874697 0.912779 0.877236 1.134885 0.795211 1.096934 0.831208 1.015125 1.197637 
1.053144 0.838263 0.949410 1.152446 0.850707 1.071860 0.829107 1.209815 0.967514 1.040354 0.952156 1.155758 0.903484 1.253725 1.112278 0.835517 0.828294 1.100911 1.197326 1.224920 0.860193 1.132103 1.208502 1.108719 0.835001 0.818739 0.966885 0.833515 1.169466 0.840691 1.155859 1.118092 0.797869 1.123614 
0.885799 1.004241 1.049765 1.053578 1.013178 0.815961 0.806923 0.962506 1.029083 1.008196 1.130395 1.013804 0.852497 1.040242 1.176935 0.849104 0.828209 1.021185 0.798882 
1.084838 1.042159 0.901176 0.888440 1.065735 0.989455 1.185371 1.172741 1.071198 0.851867 0.858528 1.255451 1.025221 0.968473 0.931554 1.229946 0.869658 0.891346 
0.888935 0.991010 1.139602 1.118847 1.147342 1.255012 1.033789 1.025099 1.123444 0.922019 1.236932 1.117971 
0.958672 0.799447 1.157633 0.830119 0.889955 0.956955 0.889194 0.841792 0.951279 1.218613 1.174058 0.887383 1.096595 1.125741 1.183025 0.949484 0.977987 1.220887 0.905044 1.167546 1.186752 1.042021 1.099959 0.825751 0.980093 0.870369 0.966626 0.883014 1.166287 1.152863 0.978771 1.133224 
0.947684 1.100182 0.811044 0.853365 0.838825 0.908542 0.912802 1.180271 1.097016 1.215445 1.059311 1.032785 0.805786 0.837216 1.026455 0.954369 0.920764 1.050165 1.158200 0.975378 1.147260 1.233629 0.923073 1.151423 0.846458 1.180183 0.980342 0.881641 1.162696 1.051942 1.045281 1.002386 1.028083 
0.829108 1.171576 0.931133 0.808714 0.901919 0.885560 1.139048 0.815510 1.031571 1.060952 0.950375 1.247792 1.007851 0.965701 1.232178 0.881171 1.222935 1.125025 1.179403 0.939033 0.888625 1.166871 1.135635 0.988851 0.974920 0.918729 0.960882 0.958860 0.830749 0.877095 0.850946 0.856633 1.210411 0.978746 0.956211 
1.001428 0.962203 0.889097 0.877683 0.887661 0.988235 0.907918 1.186341 0.878465 1.006707 1.155814 1.247792 0.804889 1.170994 0.869542 0.874618 0.881198 0.883295 0.994322 0.811947 1.028424 1.209995 
1.119700 0.795070 0.845431 0.872624 1.010935 1.049680 1.243407 1.109032 1.177059 0.867818 1.033449 1.038199 1.125879 0.807615 0.901044 0.839823 
0.803765 0.815966 0.978826 1.044148 1.220668 1.206193 0.842362 0.816721 1.241674 0.810286 1.149446 1.107087 1.087186 0.867043 
0.951638 1.181067 1.086376 0.925983 0.870529 0.798445 1.238362 0.894052 1.035179 0.848324 1.213022 1.247706 1.015416 1.225518 0.896392 0.986818 0.909367 1.037264 0.938474 1.085525 1.255092 0.797642 1.077852 1.236411 1.024390 0.902363 1.089885 0.885201 1.256907 1.159816 1.024846 0.883741 1.218111 0.973357 0.848070 1.231938 0.898799 1.213216 0.831268 0.850111 0.838315 0.808111 0.953092 1.015012 1.070483 1.230455 1.136766 1.071037 1.157489 
1.228933 1.004610 1.169378 0.962011 1.103649 1.113972 0.995779 0.821623 0.960221 1.111442 0.798289 0.841407 1.005446 1.252906 1.155713 0.957674 0.872768 1.159852 0.923529 0.903734 0.835648 0.907034 0.852283 1.130111 1.183389 0.980941 0.894893 0.851242 0.955426 
0.891174 1.226194 1.027371 1.145645 1.088490 0.901493 0.847861 0.845648 1.069620 0.895346 0.896703 1.050332 1.081527 1.209267 1.183173 1.021388 1.023381 1.118877 0.860821 0.904455 0.806359 0.871510 1.208733 
0.862313 1.120368 0.806359 0.830358 1.152043 0.892139 0.922314 1.212494 1.044983 0.859423 0.905757 1.175643 1.200371 1.228829 0.990327 1.248300 1.178142 0.931823 
1.066960 0.862269 1.171735 1.090539 0.915921 0.917067 0.899930 1.033460 0.849593 0.995370 1.257860 1.035705 0.905786 0.943842 1.129629 1.187053 1.169075 1.044516 1.063870 1.026513 0.926679 1.178321 1.136744 1.251231 1.065240 
0.908662 1.198993 1.095958 1.162939 0.905459 1.005355 1.050898 0.805151 1.252896 0.961135 0.829981 1.183671 1.172877 1.056803 0.888443 0.943172 0.923992 1.220922 1.133919 1.189812 1.055031 0.907111 0.995312 1.045271 1.013050 1.243115 0.849442 0.859951 
1.200423 0.911744 0.838764 0.982484 1.227948 0.910380 0.861228 1.132755 0.929486 1.166903 1.235116 1.138013 
0.811498 1.054841 1.249519 0.800211 0.927082 0.927308 0.833077 1.186154 1.011357 0.894520 0.841234 1.000596 1.076933 0.833666 1.044970 0.976680 1.211807 1.000907 1.215128 0.997649 0.809722 0.979840 1.249491 0.861780 1.251620 0.927335 0.856498 0.888092 1.005947 0.875034 0.876379 1.144982 1.208891 
0.913700 0.920752 1.253260 1.194223 0.824645 1.255857 1.191269 1.096063 0.910088 0.815241 0.886182 0.985406 1.002216 0.864738 0.883073 0.939028 1.171648 0.906106 1.130144 0.970982 1.240855 0.974323 1.256997 0.824244 0.831299 0.972591 1.024173 
0.997667 0.933335 1.204475 0.848446 0.866680 0.832309 0.912206 1.230528 1.118801 0.977506 0.921525 0.815677 0.869423 0.946398 1.197959 1.197478 0.824023 1.089085 1.225746 0.826175 1.234836 1.175116 1.214126 0.904462 1.137454 1.221823 0.841772 1.118053 
0.804478 0.798338 0.821831 0.966747 1.083876 1.003214 1.196092 0.854808 1.233975 1.100686 0.920658 0.810255 0.918980 1.246288 0.810297 0.820003 0.870288 0.881032 0.848177 0.900393 1.078415 0.918934 
0.883049 1.186264 1.111622 0.965568 1.253742 0.809630 1.228903 0.936394 1.011861 1.075196 1.048111 0.834571 0.797976 0.913746 1.070284 0.809586 0.925006 0.894236 1.005680 0.973760 1.244291 0.850351 0.795512 1.134607 0.878008 1.018994 1.037322 1.186310 1.234710 1.249590 1.074533 0.863686 0.819300 1.078287 0.801587 
0.839128 1.203072 0.849621 0.881277 1.192814 0.996103 0.913848 1.037066 1.184025 1.011568 0.885027 0.928183 0.809326 1.032177 0.947181 1.048037 0.916554 0.993547 1.025074 0.964651 0.801350 1.019593 1.141741 1.151171 0.970511 1.212678 
0.921544 1.248780 0.852565 0.871218 1.242188 1.044669 1.049760 1.127971 0.835867 0.955959 1.001085 0.995320 0.965528 1.229114 0.905964 1.146505 1.084477 1.010830 0.807573 1.007942 0.926996 1.053454 1.027662 1.126179 0.879644 1.031636 0.935074 
0.985282 0.909231 1.242157 1.225433 1.217975 0.823719 1.126217 0.878413 1.075088 1.142600 0.919667 0.878433 0.946376 1.004987 0.972622 1.179425 1.154265 
1.070404 1.025380 1.251334 0.897754 0.953839 1.205949 0.798752 1.211763 1.006004 1.244955 1.206048 1.071970 1.049992 0.868397 1.151094 1.088143 1.158167 1.069845 0.965915 
1.024280 1.007290 1.251334 0.986847 0.981534 0.881126 1.075495 0.826770 0.870419 0.801895 0.850955 1.156300 0.797596 1.157425 0.926173 0.895097 0.842669 1.110842 1.104054 1.101851 1.075107 0.823400 1.015239 0.820035 1.044390 0.986178 0.820940 1.089354 1.090444 1.162014 0.847793 0.883442 
0.910624 0.995729 1.015287 0.803643 0.996260 1.001427 0.974786 1.239275 0.924315 0.801895 1.075798 0.890704 1.194643 0.860754 0.850813 1.193247 1.246365 1.253230 0.932335 0.820814 0.821854 0.843111 1.187577 0.879693 1.021812 0.817440 1.020081 
1.097291 0.833961 1.088434 1.155763 0.854964 0.966989 1.225311 0.965016 0.815713 0.818071 0.973494 0.840763 0.900424 1.006159 1.239847 0.861946 1.172377 1.252370 0.932770 1.220949 1.055217 
1.237824 0.837350 1.258364 1.026362 0.834177 0.903827 0.935177 0.865857 1.247130 0.834559 1.074066 0.808958 1.022640 1.145499 0.928033 1.124208 
1.066408 1.234843 0.824663 0.818469 1.042913 1.100622 0.885129 1.079371 1.233813 0.882240 0.944100 0.895710 0.815832 1.083622 1.070745 0.900350 1.080369 1.056565 0.832123 0.826292 0.879532 
1.160167 0.887624 1.082700 1.024441 0.995152 1.030510 1.001632 1.127212 1.247994 0.964042 0.893486 0.936846 0.942994 0.939285 1.142614 0.835766 1.204175 0.843582 1.116492 1.191194 1.029858 1.211878 1.165108 0.836406 1.019563 
0.994867 1.082799 1.192353 1.238036 1.205497 1.050486 1.202000 1.183571 1.230943 0.942525 1.101982 0.834155 0.819049 0.814705 1.051244 1.117303 1.012202 1.136342 1.187108 0.948859 0.837924 1.061290 1.236168 1.149292 0.882375 
1.116367 0.916501 0.984425 0.978265 0.820314 0.814766 0.990073 0.926701 0.856709 1.246582 1.205503 0.823013 1.006734 1.022577 0.855830 1.109761 0.868419 0.851525 1.200414 0.986214 0.804537 0.842237 0.934466 0.891318 1.128532 1.011824 1.054799 0.954997 0.956119 1.115794 1.215155 0.992969 
1.029354 1.236772 0.828311 0.886735 0.819613 0.934973 0.800490 0.894537 0.836199 1.172542 0.837966 1.053660 1.110788 1.071035 0.819025 0.977845 0.958480 0.905142 1.084718 0.960061 1.169871 1.078814 
0.919801 1.042134 0.894642 0.966927 1.088625 1.095179 1.187962 1.197189 0.938567 1.022400 1.229705 1.043841 0.919347 0.807313 0.802550 1.122706 0.933636 1.157868 1.006391 0.840503 0.885040 1.140246 0.961063 0.828156 0.960960 
0.814457 0.836647 0.809967 0.814619 0.815231 1.120080 0.959068 0.884495 1.063709 0.806025 0.799705 1.173298 1.142653 0.817444 0.947622 1.066544 1.000964 
1.018593 1.120423 1.166108 0.894194 1.230287 1.172990 0.910181 0.802470 0.964095 0.914698 0.825124 1.001222 1.248034 0.977749 0.805764 1.229885 1.093787 
1.073962 1.190636 0.798022 0.980857 1.132611 1.217439 1.010316 0.794859 0.918655 0.899264 1.183509 1.214343 0.803250 1.216252 1.148454 1.073929 0.944927 1.120006 
0.827033 0.965202 0.869819 0.816143 0.848234 0.906420 0.995675 0.970053 1.002104 1.087341 0.978954 1.218309 1.035436 1.189560 1.214676 0.931113 0.870669 1.211885 1.020166 0.836031 0.849767 1.130628 0.862610 0.808997 0.801057 0.925207 1.009210 1.047604 1.238891 0.877145 1.021908 0.871928 1.179511 
1.189172 1.231805 0.819735 0.916414 0.794342 1.096841 1.143990 1.204770 1.013227 1.226783 0.902091 1.188714 1.098409 0.935947 0.944574 0.848164 1.010950 0.800856 0.924364 0.874782 0.968788 1.016514 1.010883 0.879446 1.046527 1.093023 0.818376 0.913336 1.052875 0.806339 0.850663 
0.983735 1.126778 1.037058 0.882615 0.794342 1.067217 0.812571 0.834236 1.117848 0.922565 0.954936 1.013069 0.908571 0.875323 1.258184 0.947197 1.093689 1.246933 1.172350 1.108386 1.007940 0.984257 1.064184 
0.881030 1.033694 1.236395 1.252572 0.794342 0.884845 1.020099 0.840886 1.010507 1.022955 1.250318 1.225082 1.235471 1.028483 1.197879 1.158708 1.152244 1.071932 1.040328 1.225125 1.207337 1.000490 1.239597 0.914722 
1.035981 0.823867 1.108462 1.049649 0.865395 1.087701 1.180010 0.939430 1.056786 1.237830 0.977667 0.972345 0.946671 
1.197864 1.151771 1.254078 0.953831 0.833837 1.065314 0.904511 0.917443 0.927033 1.255082 1.210818 1.122005 0.813344 1.024466 0.967488 0.850911 0.957871 0.810524 0.835034 0.973718 
0.940512 0.867231 0.898647 1.193937 0.946485 1.043152 1.101465 0.815973 0.928242 1.255082 1.089464 0.923161 0.913850 0.986193 1.154542 0.935110 1.258872 1.080063 0.825613 1.145859 0.945872 1.194625 0.861450 
1.001946 1.254468 1.229561 0.922128 0.816277 0.905362 1.187755 1.006666 0.825865 1.132958 0.864613 1.114452 1.114261 0.988843 0.867116 1.029472 0.818680 0.866815 1.181274 1.048224 0.957670 1.019719 1.137447 0.868644 0.954777 
0.809132 1.202605 0.933493 1.205746 0.846729 1.169884 0.794605 1.016530 1.239083 1.205652 1.081615 
1.190034 0.899527 0.844834 1.253158 0.862390 1.106026 1.203768 0.798190 1.020172 1.128199 1.257234 0.888834 0.817946 1.022763 0.942193 1.248624 1.128375 0.904573 1.150992 1.018236 
0.939300 0.950508 1.234554 0.919963 1.251396 0.817069 1.087539 1.149756 0.812906 0.838191 1.105856 1.064856 
1.176937 0.908106 1.102294 0.803290 0.950103 1.121996 0.952917 1.133023 1.069701 0.854980 1.043278 0.938217 1.008928 0.824388 0.874806 0.835777 0.813175 1.027490 1.031295 
0.886875 1.174006 1.181487 1.225476 1.253206 1.184812 0.971818 0.979278 1.019262 0.849540 1.239488 0.799642 0.848861 0.911432 1.249352 0.800458 0.860628 0.921505 0.975502 1.090160 0.798505 0.943606 0.813653 1.199583 1.187228 0.965877 0.925089 0.938149 1.204207 0.868134 0.883760 0.981886 
0.886608 1.128226 1.123878 1.251612 0.796626 0.933229 0.859205 0.935139 0.874081 0.936961 1.239783 
0.839679 1.234290 0.974067 0.921820 0.826995 1.003640 0.860409 1.086524 0.825554 0.941308 1.152464 0.963980 0.966548 1.064595 0.984380 0.891687 0.818426 1.129657 1.106445 1.191342 0.974852 1.111530 1.015018 1.105590 1.043458 1.108914 0.947918 0.965154 1.174408 
1.086736 1.043323 0.924511 0.864246 0.873478 0.815756 1.207650 0.796599 0.944665 1.003878 1.182792 0.838730 1.055710 1.036447 1.096865 0.834259 0.886513 
1.127842 0.820459 0.801069 0.964321 0.812547 0.899628 1.239020 1.029930 0.922702 1.036019 0.819088 1.124900 0.891726 0.867830 0.942708 1.232318 1.076652 0.935197 0.896222 0.844309 0.857638 1.043569 0.863907 0.857681 0.893733 1.253645 
1.022289 0.811875 0.930103 0.807609 0.929726 1.097700 0.978879 0.866015 1.142663 1.243658 1.226160 1.235152 0.963243 0.882308 0.966614 1.075758 0.798160 0.856030 1.047701 
1.087329 0.864986 1.253690 0.886297 1.053685 1.176371 1.236589 0.796524 0.999619 0.856084 0.808147 0.840641 1.245026 1.165817 0.851579 
1.150570 1.081134 1.212706 0.943817 0.855475 1.248372 0.817549 0.795117 0.873213 1.005872 1.128878 1.171349 0.813567 0.912692 1.137410 1.166074 0.821068 0.997852 1.163056 
1.230067 0.947719 0.830266 1.094197 0.986231 1.112420 1.010652 0.997789 0.924166 1.206072 0.815809 0.838575 0.841731 0.959618 1.135845 1.238929 0.877676 0.871790 1.154227 1.044378 1.151625 1.201918 0.906018 1.003861 0.976495 
0.965910 0.803740 0.795531 1.033694 0.929679 0.914278 0.998930 1.032657 1.125961 1.145273 0.927320 1.254511 0.996746 1.144011 0.988312 0.842665 1.033123 1.181600 1.127822 0.990157 1.159484 1.104009 0.978604 0.966490 0.955615 1.061681 1.089255 0.957572 
1.060919 1.248364 0.799800 0.947542 0.918998 0.811731 1.145608 0.919276 0.837333 0.935397 0.971786 0.935904 0.997179 1.058714 0.891842 1.106646 0.907158 1.219879 1.250455 0.870607 1.108783 
0.848041 1.225235 0.799800 1.237245 1.233685 0.847991 1.034878 1.107524 0.909789 0.876945 0.908465 0.820190 1.011106 1.106410 1.163583 0.969370 0.912529 1.005166 0.835291 1.084680 0.847290 0.912760 1.034099 0.908488 0.847469 
1.154569 1.255224 0.823534 1.039199 0.947092 1.109620 1.148334 1.249705 
1.081562 1.150884 1.098781 0.991056 1.215852 0.837528 0.859595 0.924350 0.863026 0.959779 1.232077 0.934954 0.799194 1.103250 0.959250 1.144770 0.794535 0.979955 0.852333 1.190279 1.092811 
0.881414 1.230047 1.014253 1.255121 0.972020 1.045785 1.141876 0.955983 0.898476 0.812387 1.138022 1.008956 0.945817 
0.944909 1.217351 0.844808 0.941977 1.239732 0.852424 1.185536 0.920771 0.850062 1.217532 1.169005 1.131243 0.997687 0.800353 0.928071 0.984732 0.802744 1.120247 0.963470 1.020024 1.031396 
1.249704 0.898049 0.986123 0.807236 1.017680 1.204420 1.247585 0.967769 1.162457 0.890220 1.174191 0.881527 1.061429 0.866588 1.142319 1.040791 1.000204 0.961263 0.915478 0.862482 1.202588 1.135939 1.111794 1.007700 1.226195 1.189408 0.907626 1.256410 1.135782 1.220796 0.945417 1.053123 0.946620 1.192891 0.917171 
0.945298 1.158723 1.030948 0.809249 0.938092 0.980439 0.930009 0.866847 0.912324 1.135162 0.866711 1.135044 1.036416 0.797135 1.010004 0.901190 0.857629 1.246655 1.093208 0.800285 
1.077954 0.874448 1.069414 0.853373 1.053625 1.091724 0.907789 1.194817 0.932262 1.234491 0.811446 0.937015 1.037725 0.824375 1.051914 0.901959 
0.798870 0.978616 0.834850 1.221582 0.989874 0.857572 0.985377 0.858138 0.805856 1.228117 1.159781 0.985449 1.094954 0.998926 1.167533 0.922072 1.150408 
0.811404 1.176853 0.898045 0.946502 1.178672 1.232981 1.077587 1.102894 1.161938 1.235082 0.901676 0.908245 0.816042 1.044986 1.159748 1.127657 0.938233 0.831891 
0.862485 1.244927 0.924735 0.847516 1.053717 0.804488 0.797294 1.146212 0.838838 1.163523 0.892111 1.242978 0.975940 0.976205 0.981462 0.928929 1.065129 0.914344 0.907327 1.158954 1.087531 0.967923 0.866609 
0.804606 0.994783 1.131030 0.821339 0.924002 0.836108 0.936912 1.163393 1.108496 1.063643 0.950390 0.972438 0.946077 0.875125 0.818472 
0.795540 0.879611 0.860228 1.199699 1.246576 1.251350 1.025240 0.917011 0.914972 0.891195 0.893980 1.207145 
1.238353 1.178038 0.837183 1.117984 1.246098 0.969196 1.065385 0.890512 1.242467 0.903945 1.186277 1.241738 1.102062 0.873191 1.116825 1.066043 0.843427 1.126172 1.117986 0.989945 0.841185 0.892868 0.866808 
0.888850 0.819742 1.166678 0.842762 1.186244 0.995041 1.062324 0.909228 1.029969 0.873337 0.961951 1.240051 0.944072 0.891060 1.048420 1.195794 1.146064 1.018505 0.828956 0.889306 1.045911 
1.057942 1.121269 0.831677 0.802694 1.022779 0.935059 1.228296 1.160422 0.812015 1.027323 0.961257 0.887469 0.975246 1.247651 1.236619 0.893082 0.824792 0.941051 
0.859792 1.251367 0.994106 1.072685 0.845173 1.029271 0.886513 1.086900 1.197276 0.932519 1.179174 0.971314 0.910975 0.967954 0.815514 1.215832 1.067206 1.067054 1.055467 0.817031 0.798405 
0.993427 1.197749 0.967043 0.819119 1.151425 0.867933 0.971559 1.245175 1.212666 0.993958 0.822841 0.989691 0.927033 1.109658 0.949511 1.230577 1.124191 1.004698 1.004048 1.164969 1.031890 0.909121 0.856988 0.908971 0.943911 0.982039 1.040735 0.871890 0.952201 0.963361 0.864728 1.094354 1.068608 0.858499 1.136625 1.237886 0.850648 1.163388 0.841523 0.978810 0.994682 
1.221659 0.910921 0.956365 1.085541 1.100383 1.098216 1.175956 1.244361 1.151982 0.864398 1.230577 0.816655 0.932255 0.948995 0.957595 1.229914 0.838797 0.857631 1.224942 0.989324 1.001695 
0.820097 1.205649 0.826101 0.979087 0.944027 1.182943 0.840409 0.798179 0.807939 1.055298 0.907249 1.236031 0.963203 1.076220 0.964689 0.927732 1.055884 1.245926 0.935427 0.866741 1.201108 1.083187 1.002917 0.855330 0.853892 1.132501 0.971775 
0.811276 1.115963 1.236240 0.869178 1.118643 0.878161 0.965740 1.070818 0.840834 0.986733 0.935119 1.206141 1.073724 0.985483 1.028603 0.835260 0.895540 0.816575 1.052575 0.880968 1.044217 0.900192 0.833692 
0.809241 1.019686 1.041386 1.172398 1.071709 0.862522 1.146812 0.974058 0.845523 1.225548 1.054616 0.871832 0.838930 1.038106 0.803361 0.968004 0.878468 1.219501 1.188462 0.855496 1.063985 
1.049238 0.842067 0.864304 0.811384 1.242485 1.057653 0.836617 1.045335 1.014442 0.893960 1.137200 1.191397 0.939720 0.811435 1.075159 0.975985 0.989545 
1.099475 1.044517 1.176662 0.961047 0.939582 0.887685 1.014727 1.089089 0.829862 1.231861 0.795407 0.955447 1.049850 0.921604 1.211125 
1.088898 1.153661 0.812211 0.812254 1.238198 0.866379 1.003146 1.236287 0.882174 1.091505 1.159185 0.916732 1.019597 1.116047 0.936446 0.891632 0.905955 0.834822 1.242626 0.886960 1.069262 0.891460 1.019701 1.144552 1.143581 1.208155 1.233497 
0.810489 0.813733 1.172523 1.190215 1.251916 1.178572 0.890824 1.136756 1.159514 0.964796 0.926079 
0.847632 0.805211 1.029233 0.998225 1.074483 0.842145 1.132064 1.235563 1.046216 0.903183 0.812918 0.808849 0.970447 0.874055 1.047509 1.040710 1.104104 0.816371 1.032714 1.185016 1.033696 1.209237 1.048425 0.817726 1.060236 1.216887 0.959664 
0.827419 1.236910 1.056992 1.214155 0.839825 1.059204 1.057671 1.240254 0.844812 0.834527 0.959660 0.834766 1.133219 1.022905 0.964764 1.021383 1.095025 1.185531 0.970407 1.039460 0.815648 0.848785 0.815448 0.970425 0.986714 0.888012 1.181291 1.030465 0.810108 0.913051 0.918698 0.859188 
0.858838 0.804444 0.824545 1.107923 1.031789 1.143600 0.948400 1.117763 1.253302 1.257515 0.860051 0.806895 1.229425 0.839714 1.166306 
0.817315 0.934400 1.168318 1.098999 1.119383 0.980110 1.215475 0.917366 1.049297 0.916771 1.162190 1.109944 1.252528 1.250153 1.192372 0.971144 0.882428 0.874043 0.921582 
0.935300 1.234794 0.854322 0.966963 0.801242 0.900453 0.978641 1.008422 0.980400 1.036606 0.806369 0.977637 
0.803248 1.124639 0.856637 0.922776 1.107353 1.174692 1.209019 0.828299 0.860584 1.094870 1.053821 0.858304 1.228965 1.080696 0.951067 0.985251 1.156295 0.973830 0.853235 1.142026 1.104304 
1.120385 0.973342 0.897180 1.042439 1.168961 0.937491 1.031118 0.928112 1.133797 0.952122 0.858001 1.237685 0.883989 1.152134 1.182858 1.239913 0.810407 1.029460 1.035500 0.954248 1.025165 0.881261 0.955390 1.094802 0.841241 0.988198 1.019919 0.809452 1.133263 0.844185 1.058240 1.015605 0.886351 1.125580 0.852372 1.214353 1.138658 0.840388 
1.247907 0.996063 0.796031 1.194869 0.853256 0.955249 0.903113 1.194270 1.025925 0.818267 0.930054 1.121635 0.956382 1.112895 1.070793 1.116494 1.222927 1.095969 0.922781 1.190733 0.829631 0.837473 0.994444 0.932087 0.906060 1.016697 0.994750 0.996517 1.202738 
