0.000000 0.014002
0.000000 0.022294
0.000000 0.059208
0.000000 0.033140
0.000000 0.021469
0.000000 0.061153
0.000000 0.024281
0.000000 0.036413
0.000000 0.020673
0.000000 0.022718
0.000000 0.019884
0.000000 0.018837
0.000000 0.043808
0.000000 0.040741
0.000000 0.021733
0.000000 0.014435
0.000000 0.017482
0.000000 0.032615
0.000000 0.024913
0.000000 0.014092
0.000000 0.050680
0.000000 0.017754
0.000000 0.028912
0.000000 0.031310
0.000000 0.016421
0.000000 0.026477
0.000000 0.013663
0.000000 0.028783
0.000000 0.085419
0.000000 0.037243
0.000000 0.027436
0.000000 0.020204
0.000000 0.025055
0.000000 0.041107
0.000000 0.019442
0.000000 0.022475
0.000000 0.026138
0.000000 0.013783
0.000000 0.043433
0.000000 0.022107
0.000000 0.046571
0.000000 0.024011
0.000000 0.048760
0.000000 0.020032
0.000000 0.018343
0.000000 0.018201
0.000000 0.029928
0.000000 0.017973
0.000000 0.015140
0.000000 0.034665
0.000000 0.020674
0.000000 0.085841
0.000000 0.019330
0.000000 0.034037
0.000000 0.030718
0.000000 0.021852
0.000000 0.028519
0.000000 0.017846
0.000000 0.028598
0.000000 0.048996
0.000000 0.036550
0.000000 0.040155
0.000000 0.029017
0.000000 0.021782
0.000000 0.023738
0.000000 0.029701
0.000000 0.027910
0.000000 0.083183
0.000000 0.029085
0.000000 0.043780
0.000000 0.050185
0.000000 0.014218
0.000000 0.014536
0.000000 0.028979
0.000000 0.039081
0.000000 0.038636
0.000000 0.036014
0.000000 0.021512
0.000000 0.061003
0.000000 0.031520
0.000000 0.022190
0.000000 0.050290
0.000000 0.018367
0.000000 0.019886
0.000000 0.049996
0.000000 0.017659
0.000000 0.025153
0.000000 0.020991
0.000000 0.049499
0.000000 0.039670
0.000000 0.015341
0.000000 0.087500
0.000000 0.015155
0.000000 0.017275
0.000000 0.027474
0.000000 0.043124
0.000000 0.046521
0.000000 0.035076
0.000000 0.015663
0.000000 0.013991
