35.866299 35.846263 35.873304 35.855228 35.868250 35.886993 35.868417 35.883086 35.860274 35.847034 35.857331 35.853644 35.865158 35.848301 35.880072 35.875537 35.857219 35.850597 35.872805 35.850210 35.864651 35.841500 35.876069 35.874996 35.848061 35.889494 35.852136 35.878598 35.869627 35.882381 35.878621 35.859369 
35.869543 35.845672 35.868892 35.853476 35.868250 35.847624 35.863368 35.891967 35.886822 35.888444 35.885454 35.864644 35.864538 35.845130 35.853756 35.882542 35.885392 35.885273 35.862989 35.890552 35.857029 35.881081 35.841869 35.860529 35.887880 35.891324 35.879027 35.845237 35.853230 35.867162 35.843571 35.892017 
35.876506 35.863558 35.851819 35.878276 35.880666 35.860478 35.854923 35.850003 35.875299 35.892081 35.842779 35.840974 35.858992 35.840483 
35.868182 35.860425 35.879467 35.850201 35.884270 35.858246 35.866366 35.842207 35.879857 35.854700 35.869674 35.841360 35.844924 35.861168 35.884214 35.841915 
35.844910 35.887840 35.885293 35.849639 35.860902 35.863533 35.878581 35.878310 35.876964 35.872591 35.865963 35.871237 35.881984 35.868468 35.868243 35.889853 35.890860 35.847566 35.864410 35.891942 35.883922 35.882079 35.858002 35.867929 35.852118 35.847411 35.871164 35.856041 35.858028 35.860611 35.873072 35.870736 35.884713 35.871421 
35.886737 35.856745 35.855845 35.875831 35.885875 35.885357 35.854923 35.849216 35.889696 35.876741 35.875820 35.846316 35.847130 35.844806 35.884194 35.886993 35.884044 35.856717 35.853968 
35.863985 35.856016 35.886048 35.889407 35.853683 35.844253 35.869552 35.885734 35.884700 35.845308 35.852089 35.873635 35.872908 35.863813 35.850451 35.880454 35.876143 35.841474 
35.849358 35.875283 35.880905 35.870309 35.882848 35.876944 35.854295 35.861691 35.870263 35.889354 35.868665 35.842292 
35.871940 35.855937 35.872534 35.876246 35.889897 35.876781 35.874663 35.872957 35.875835 35.870004 35.860552 35.883061 35.887965 35.887084 35.869428 35.859020 35.858676 35.860633 35.869969 35.844586 35.873268 35.880994 35.860278 35.888215 35.862279 35.890758 35.865597 35.844779 35.857588 35.852682 35.878954 35.849995 
35.841909 35.869001 35.852111 35.876372 35.892222 35.859327 35.876753 35.873700 35.874480 35.870004 35.880933 35.871926 35.875633 35.888721 35.841385 35.848210 35.880389 35.872257 35.879727 35.851249 35.878043 35.856511 35.842418 35.877653 35.883625 35.882012 35.866757 35.854507 35.850143 35.865149 35.843848 35.859303 35.875038 
35.851848 35.855963 35.853091 35.844515 35.851110 35.885664 35.878516 35.850781 35.876982 35.879385 35.864639 35.868972 35.889122 35.878288 35.881772 35.841936 35.850478 35.885589 35.875962 35.888671 35.881163 35.858891 35.878817 35.880436 35.843095 35.867698 35.875545 35.856522 35.858596 35.854207 35.862996 35.891307 35.869970 35.845295 35.875010 
35.871191 35.860155 35.853826 35.846736 35.877246 35.877157 35.882769 35.882293 35.891774 35.861719 35.842793 35.873935 35.879722 35.858171 35.848965 35.890880 35.888471 35.889518 35.882826 35.846025 35.890358 35.877255 
35.849723 35.847384 35.880148 35.856487 35.890160 35.864059 35.865727 35.858863 35.851400 35.848513 35.844242 35.871104 35.851302 35.848357 35.892258 35.875038 
35.847472 35.890178 35.867231 35.855834 35.873652 35.862200 35.890889 35.861370 35.883965 35.850679 35.874081 35.864356 35.854662 35.869902 
35.861921 35.856450 35.847304 35.853089 35.864735 35.845426 35.887174 35.877470 35.878105 35.851564 35.854939 35.874927 35.842043 35.887721 35.855245 35.851645 35.884393 35.845574 35.854198 35.874884 35.875241 35.854478 35.892088 35.889654 35.886402 35.878765 35.873918 35.882834 35.861183 35.845585 35.854869 35.842071 35.882051 35.873925 35.890834 35.892205 35.863938 35.868303 35.865778 35.855523 35.880258 35.886797 35.879080 35.866756 35.841249 35.856877 35.887143 35.890466 35.862499 
35.874572 35.873928 35.876062 35.880787 35.868811 35.868969 35.845268 35.887125 35.840661 35.882736 35.850188 35.887102 35.862134 35.857549 35.880393 35.886957 35.889048 35.854253 35.859262 35.858185 35.841949 35.853786 35.884408 35.870477 35.870007 35.869710 35.857030 35.850127 35.843165 
35.890149 35.869934 35.868031 35.878423 35.861775 35.862400 35.883075 35.840402 35.881738 35.871335 35.857289 35.872376 35.857529 35.845806 35.876640 35.875966 35.892026 35.879296 35.841396 35.874214 35.848761 35.866798 35.841856 
35.891131 35.861503 35.848761 35.848092 35.847087 35.866990 35.889597 35.844471 35.874976 35.877383 35.872803 35.887736 35.862470 35.841929 35.871855 35.870675 35.887054 35.840595 
35.863207 35.859454 35.880637 35.875735 35.888895 35.848489 35.851366 35.855787 35.843962 35.855495 35.872710 35.842262 35.872294 35.868171 35.891566 35.882578 35.867419 35.875893 35.871401 35.864344 35.870051 35.875871 35.871103 35.845147 35.843558 
35.883992 35.872788 35.874597 35.884793 35.858433 35.881077 35.874744 35.858111 35.859011 35.868354 35.850168 35.864570 35.887265 35.892257 35.892263 35.890050 35.860198 35.843529 35.844410 35.867062 35.847797 35.856089 35.842680 35.875407 35.881220 35.888854 35.860288 35.891902 
35.866777 35.881499 35.882826 35.872635 35.863624 35.886131 35.847145 35.879176 35.853608 35.852550 35.845931 35.854031 
35.847675 35.878181 35.869769 35.880167 35.869161 35.880320 35.862034 35.884636 35.842621 35.891565 35.891371 35.863815 35.876358 35.841826 35.877461 35.870538 35.873171 35.848213 35.891727 35.859123 35.848042 35.848101 35.850225 35.840705 35.846813 35.867015 35.845441 35.876148 35.849069 35.891931 35.864140 35.880203 35.861625 
35.868101 35.870652 35.879161 35.869467 35.864919 35.889912 35.884793 35.875065 35.885137 35.857632 35.841718 35.863933 35.856791 35.856950 35.890395 35.879586 35.877118 35.854567 35.880844 35.861888 35.889273 35.869066 35.873377 35.852703 35.859108 35.860639 35.855942 
35.863626 35.870807 35.875039 35.841928 35.856294 35.861258 35.876348 35.841437 35.879709 35.855956 35.858505 35.853729 35.848483 35.870133 35.873005 35.840490 35.854676 35.879689 35.842158 35.872324 35.865624 35.886194 35.843350 35.840605 35.888219 35.849643 35.877608 35.845538 
35.848773 35.866922 35.861975 35.884559 35.876606 35.887967 35.884346 35.857820 35.869996 35.858288 35.885811 35.888244 35.869487 35.854021 35.852791 35.875651 35.856859 35.840974 35.863961 35.878812 35.856197 35.845819 
35.866548 35.864754 35.852590 35.860645 35.874121 35.859465 35.857757 35.869058 35.883681 35.842360 35.851148 35.853986 35.867793 35.841588 35.877942 35.876734 35.883604 35.864515 35.847905 35.874979 35.868746 35.876904 35.886955 35.841925 35.878274 35.860317 35.874212 35.850710 35.850440 35.866554 35.848140 35.850974 35.845413 35.844691 35.843949 
35.842814 35.876058 35.847875 35.865942 35.877971 35.869319 35.864731 35.865448 35.865527 35.857967 35.882078 35.859294 35.886062 35.867188 35.882609 35.882478 35.851098 35.850671 35.874903 35.853947 35.848638 35.843700 35.855603 35.890771 35.879034 35.873150 
35.843620 35.872931 35.864244 35.854421 35.859026 35.865681 35.872230 35.875531 35.873630 35.883546 35.876580 35.851526 35.842610 35.882600 35.866829 35.871513 35.887108 35.867107 35.891355 35.850836 35.844142 35.851430 35.886530 35.879253 35.882256 35.872499 35.840865 
35.881125 35.886904 35.856697 35.858517 35.873093 35.858923 35.850367 35.855442 35.873460 35.844457 35.879521 35.880752 35.867112 35.858269 35.875469 35.846369 35.876098 
35.875277 35.872773 35.871410 35.885813 35.879402 35.867505 35.855669 35.877574 35.845997 35.890396 35.847805 35.850063 35.849748 35.885689 35.852363 35.883944 35.852409 35.855987 35.849100 
35.860628 35.848992 35.869708 35.851592 35.848413 35.858234 35.872914 35.869731 35.889367 35.852617 35.841406 35.862969 35.858858 35.887259 35.844294 35.866155 35.849293 35.882453 35.850634 35.858402 35.842774 35.889031 35.884600 35.841104 35.852069 35.855299 35.859029 35.844952 35.853180 35.854366 35.859375 35.866937 
35.873279 35.875934 35.851587 35.852057 35.856571 35.851346 35.849163 35.871732 35.854281 35.846916 35.854700 35.845985 35.871497 35.881629 35.862681 35.874056 35.878587 35.890265 35.865993 35.850796 35.860338 35.855248 35.885466 35.886947 35.872425 35.881510 35.841062 
35.878450 35.854418 35.846681 35.874315 35.846308 35.858852 35.876190 35.875435 35.843235 35.875785 35.882521 35.863272 35.851927 35.867966 35.849027 35.888180 35.879054 35.871395 35.840827 35.870028 35.875325 
35.845636 35.872787 35.864734 35.880331 35.850281 35.887903 35.870236 35.887537 35.870371 35.883887 35.867568 35.852245 35.872802 35.854924 35.879521 35.884831 
35.879183 35.890358 35.862654 35.870231 35.856474 35.892334 35.846780 35.867911 35.870371 35.878262 35.860861 35.891962 35.856782 35.872555 35.854514 35.863485 35.843461 35.872061 35.849556 35.848620 35.867584 
35.885719 35.869112 35.871058 35.887875 35.840637 35.875533 35.846990 35.861967 35.870371 35.842216 35.890718 35.869854 35.863894 35.874701 35.877121 35.873207 35.886553 35.854236 35.863996 35.869060 35.868615 35.866591 35.849450 35.855362 35.888428 
35.859583 35.873390 35.861502 35.867501 35.861532 35.849312 35.871976 35.848401 35.871184 35.864459 35.875118 35.862295 35.866142 35.879324 35.889850 35.871348 35.878381 35.875227 35.873926 35.881929 35.850767 35.863552 35.872210 35.851156 35.861231 
35.886030 35.890180 35.853437 35.845788 35.871247 35.852201 35.870123 35.869180 35.875183 35.889217 35.872656 35.887561 35.878452 35.841006 35.861955 35.847612 35.843083 35.859458 35.873528 35.873015 35.888560 35.852424 35.841987 35.847677 35.877175 35.865396 35.841013 35.878952 35.847711 35.887332 35.869486 35.860870 
35.864213 35.870602 35.855748 35.879802 35.858903 35.882275 35.850709 35.862162 35.891668 35.878487 35.875723 35.848280 35.870358 35.877799 35.843872 35.888379 35.869341 35.849045 35.879751 35.847782 35.865028 35.864562 
35.871385 35.846984 35.876781 35.880951 35.879061 35.875606 35.871284 35.888654 35.844628 35.871854 35.854057 35.842474 35.880065 35.854591 35.850706 35.874582 35.885052 35.880937 35.869930 35.891974 35.892109 35.856182 35.882193 35.850017 35.877431 
35.863271 35.865354 35.891334 35.873377 35.887530 35.871298 35.870771 35.853607 35.865699 35.889363 35.875727 35.870200 35.843025 35.856073 35.842090 35.865476 35.864006 
35.890647 35.877182 35.878933 35.877204 35.873836 35.876897 35.880066 35.856502 35.859493 35.847695 35.871858 35.846472 35.845048 35.844556 35.858897 35.888137 35.856460 
35.871095 35.853200 35.866208 35.841319 35.862421 35.875616 35.852427 35.853189 35.881319 35.890991 35.876516 35.873569 35.853341 35.878109 35.843968 35.876560 35.892276 35.878800 
35.864007 35.866808 35.863545 35.875447 35.850715 35.885717 35.857677 35.860660 35.880165 35.888521 35.840685 35.873537 35.845138 35.891168 35.858138 35.854559 35.852954 35.868746 35.856829 35.890485 35.864996 35.854061 35.859910 35.857775 35.875423 35.881392 35.887336 35.886083 35.866901 35.869464 35.848609 35.877301 35.878110 
35.851589 35.883592 35.877302 35.845152 35.854106 35.883594 35.884059 35.841642 35.871012 35.840895 35.875634 35.873537 35.891613 35.864429 35.879748 35.886785 35.850231 35.885798 35.891238 35.863041 35.861424 35.861531 35.851492 35.859845 35.891809 35.863040 35.841250 35.871361 35.861858 35.849783 35.852242 
35.849507 35.874524 35.860693 35.852880 35.854106 35.885894 35.884354 35.877054 35.892053 35.862197 35.877681 35.847149 35.878431 35.871160 35.849510 35.871534 35.860377 35.877587 35.885911 35.862270 35.867007 35.852101 35.889090 
35.869434 35.880721 35.891879 35.889677 35.854106 35.889462 35.874803 35.851132 35.883246 35.878769 35.860141 35.872984 35.844560 35.868944 35.882819 35.847979 35.886988 35.842301 35.850536 35.878256 35.890860 35.871864 35.846302 35.850404 
35.882917 35.856660 35.887754 35.869365 35.888781 35.862204 35.850419 35.843690 35.864890 35.867610 35.871506 35.869143 35.853418 
35.886661 35.887895 35.859311 35.847635 35.853190 35.876866 35.888825 35.881877 35.892277 35.872215 35.854580 35.876632 35.852027 35.871990 35.857321 35.870282 35.841981 35.849652 35.873711 35.875097 
35.848560 35.869169 35.868666 35.883390 35.889110 35.866757 35.880690 35.845243 35.857583 35.876805 35.891430 35.884028 35.875898 35.841062 35.879163 35.855388 35.841273 35.878311 35.857072 35.884279 35.886175 35.861578 35.870831 
35.867268 35.876998 35.878164 35.889728 35.850674 35.886585 35.861710 35.851059 35.890944 35.853613 35.861711 35.880589 35.869726 35.844577 35.890701 35.871764 35.846237 35.847158 35.856737 35.890859 35.871232 35.891857 35.850142 35.843353 35.886124 
35.852823 35.866103 35.889611 35.870001 35.850763 35.880461 35.851868 35.865133 35.880397 35.853768 35.863235 
35.870238 35.861850 35.891057 35.840620 35.885594 35.883253 35.873072 35.843629 35.861836 35.886534 35.876026 35.891049 35.890006 35.873865 35.877856 35.855645 35.863372 35.857737 35.850266 35.865996 
35.841976 35.890529 35.859698 35.854215 35.867868 35.856940 35.847783 35.891852 35.870663 35.861074 35.863194 35.881148 
35.881096 35.858109 35.870490 35.852713 35.871346 35.844310 35.884939 35.877862 35.842072 35.841082 35.847209 35.842512 35.845642 35.857967 35.859399 35.892308 35.862090 35.882529 35.887897 
35.869937 35.880471 35.847329 35.876498 35.885376 35.878860 35.848990 35.874742 35.880144 35.891832 35.881082 35.855169 35.872031 35.883532 35.871010 35.846746 35.859056 35.887256 35.881591 35.884475 35.854550 35.891285 35.885932 35.869426 35.854555 35.865150 35.856324 35.856875 35.882604 35.876266 35.866861 35.891869 
35.864283 35.874565 35.874413 35.875039 35.853057 35.862510 35.853992 35.848201 35.886675 35.846941 35.874422 
35.883536 35.874113 35.888434 35.882618 35.872734 35.881262 35.850400 35.850155 35.862227 35.848715 35.854885 35.892354 35.865108 35.875875 35.851674 35.873595 35.843367 35.888602 35.846983 35.857259 35.853570 35.870123 35.882334 35.855923 35.888971 35.881209 35.852590 35.873800 35.852066 
35.883033 35.859891 35.874091 35.885845 35.853845 35.870697 35.866457 35.856072 35.847030 35.877569 35.876310 35.889981 35.853954 35.880390 35.879009 35.845642 35.843980 
35.871634 35.858622 35.890307 35.869468 35.854031 35.846506 35.869725 35.869362 35.844002 35.891137 35.856717 35.869888 35.880178 35.861689 35.854042 35.853757 35.873697 35.886305 35.869081 35.890963 35.877073 35.860087 35.857925 35.871872 35.885500 35.845387 
35.860511 35.851350 35.846934 35.853263 35.865480 35.874141 35.886046 35.841965 35.885009 35.873600 35.877374 35.862983 35.867102 35.851051 35.889869 35.844827 35.869779 35.852890 35.867181 
35.870201 35.892320 35.873040 35.866634 35.846433 35.865172 35.866948 35.854234 35.841139 35.855035 35.856510 35.869618 35.841286 35.882957 35.874329 
35.847354 35.878292 35.868330 35.867204 35.860242 35.858556 35.848507 35.854428 35.887885 35.866939 35.860023 35.882639 35.842746 35.876207 35.875607 35.842071 35.847619 35.887743 35.859471 
35.873585 35.879551 35.890432 35.860376 35.890301 35.862846 35.883694 35.852306 35.876924 35.885449 35.844092 35.856103 35.847208 35.855678 35.848665 35.886253 35.890749 35.860833 35.879252 35.881586 35.887769 35.883564 35.854534 35.876576 35.866677 
35.884008 35.854241 35.852042 35.891974 35.885664 35.889328 35.841450 35.842049 35.848094 35.882447 35.891990 35.877152 35.854716 35.842520 35.890137 35.882172 35.874747 35.843116 35.867627 35.874048 35.865226 35.883339 35.877551 35.864673 35.840916 35.855140 35.866628 35.883492 
35.847517 35.877435 35.849529 35.861961 35.865495 35.852557 35.869065 35.861839 35.860905 35.846565 35.840610 35.890236 35.844048 35.879641 35.883306 35.881513 35.846661 35.859544 35.850045 35.875515 35.842541 
35.843514 35.864686 35.852107 35.870830 35.862014 35.890211 35.871274 35.857893 35.888315 35.873755 35.863747 35.852289 35.868671 35.843481 35.843267 35.864467 35.857346 35.852352 35.842576 35.841026 35.844859 35.886082 35.878344 35.877841 35.885282 
35.883730 35.861379 35.855998 35.879480 35.891532 35.889594 35.881824 35.865175 
35.857006 35.849345 35.874327 35.866547 35.854352 35.866949 35.886454 35.857733 35.847854 35.864014 35.845662 35.849068 35.856320 35.880637 35.855178 35.864993 35.842068 35.882393 35.880613 35.888180 35.859197 
35.890925 35.860730 35.872122 35.856958 35.849945 35.860419 35.848366 35.844684 35.850440 35.857035 35.853017 35.883057 35.840711 
35.845968 35.875271 35.889740 35.840867 35.874115 35.883710 35.888733 35.841889 35.883231 35.865393 35.876629 35.878592 35.875593 35.846672 35.869143 35.856020 35.844955 35.848612 35.879067 35.885875 35.852313 
35.864497 35.886130 35.858340 35.855708 35.855456 35.873583 35.841044 35.887213 35.879584 35.844348 35.885566 35.853131 35.890955 35.848103 35.840922 35.868638 35.869391 35.880558 35.884888 35.859062 35.861582 35.869341 35.848022 35.852924 35.846399 35.870669 35.847305 35.874027 35.854597 35.850077 35.878571 35.885986 35.845505 35.857183 35.880469 
35.866752 35.858796 35.862068 35.865203 35.890004 35.873182 35.890910 35.864818 35.880146 35.870637 35.886662 35.887276 35.873388 35.854276 35.844455 35.853025 35.880306 35.859457 35.841033 35.841604 
35.859127 35.886279 35.844883 35.843474 35.875156 35.883123 35.863213 35.876062 35.885954 35.878487 35.857343 35.858426 35.846022 35.843402 35.883261 35.886117 
35.852787 35.879941 35.889580 35.882653 35.854079 35.881372 35.885937 35.881016 35.846993 35.855827 35.869943 35.865758 35.858218 35.860466 35.872316 35.844577 35.847867 
35.848172 35.851469 35.861488 35.884538 35.887625 35.866453 35.849250 35.883480 35.881733 35.861455 35.892277 35.889578 35.862192 35.864411 35.886181 35.860236 35.878460 35.880743 
35.872453 35.877730 35.879801 35.846832 35.849687 35.883209 35.850652 35.885886 35.888266 35.866844 35.843010 35.883537 35.865938 35.871816 35.844111 35.862887 35.841737 35.890994 35.842260 35.871273 35.843276 35.884247 35.842182 
35.892250 35.850990 35.856426 35.884272 35.855473 35.849671 35.863388 35.878057 35.872657 35.874430 35.851372 35.878259 35.888484 35.864305 35.865603 
35.851507 35.857369 35.857457 35.878761 35.861069 35.860938 35.854583 35.884772 35.886267 35.852288 35.889097 35.870805 
35.885146 35.863321 35.884799 35.889980 35.862178 35.869874 35.844861 35.851638 35.847767 35.885762 35.852243 35.873602 35.892278 35.863478 35.853854 35.882556 35.884860 35.882645 35.887216 35.880343 35.873334 35.875120 35.870083 
35.850819 35.879842 35.877788 35.861947 35.869483 35.851726 35.878325 35.885963 35.869940 35.865079 35.866075 35.873602 35.881543 35.872868 35.891050 35.851125 35.892070 35.869462 35.863808 35.855945 35.878275 
35.858592 35.869900 35.851986 35.858114 35.842739 35.888681 35.867424 35.871203 35.877127 35.872723 35.857231 35.863206 35.877067 35.871678 35.865661 35.851458 35.845857 35.860408 
35.891671 35.884060 35.870429 35.860269 35.847364 35.870767 35.840423 35.877037 35.877799 35.887978 35.858150 35.886867 35.890627 35.882385 35.887621 35.853706 35.868754 35.849575 35.870224 35.872357 35.878715 
35.857636 35.844901 35.870204 35.856684 35.872390 35.848687 35.859233 35.876262 35.841888 35.851368 35.854786 35.842031 35.844134 35.850859 35.847285 35.876416 35.862322 35.885165 35.878620 35.843576 35.858640 35.888488 35.850669 35.888095 35.890398 35.891164 35.873318 35.879031 35.846894 35.883717 35.856813 35.885880 35.857838 35.881311 35.873681 35.856570 35.884468 35.858255 35.889926 35.864053 35.855022 
35.882771 35.892039 35.841640 35.863642 35.881808 35.868652 35.860762 35.870768 35.841912 35.864485 35.867880 35.849417 35.840514 35.847560 35.883304 35.859173 35.867011 35.850140 35.865598 35.869484 35.846056 
35.843845 35.892224 35.885038 35.845589 35.891846 35.878586 35.883539 35.851935 35.841278 35.856639 35.853396 35.875571 35.887853 35.889058 35.888672 35.887650 35.862492 35.879004 35.851535 35.882425 35.887851 35.851824 35.845468 35.867786 35.861671 35.880321 35.851587 
35.853225 35.878479 35.879907 35.861278 35.872227 35.891314 35.887648 35.885776 35.867679 35.889824 35.864921 35.871688 35.868742 35.864172 35.858987 35.843125 35.874684 35.871688 35.865747 35.867726 35.885651 35.847404 35.840562 
35.850225 35.876697 35.842431 35.877815 35.887726 35.870337 35.864787 35.873014 35.841876 35.876646 35.846313 35.840552 35.857772 35.863988 35.882111 35.842426 35.860909 35.880842 35.873203 35.846623 35.840681 
35.875565 35.888999 35.856277 35.841238 35.872298 35.888308 35.878911 35.868325 35.879639 35.853904 35.867340 35.881926 35.849726 35.884901 35.847162 35.890748 35.876667 
35.882121 35.847295 35.861600 35.889147 35.872255 35.885893 35.871058 35.861973 35.856189 35.865406 35.859262 35.846074 35.874770 35.885995 35.864292 
35.877269 35.844988 35.850579 35.851282 35.878113 35.890037 35.852124 35.847389 35.846804 35.871225 35.850024 35.852636 35.854855 35.873760 35.847221 35.853416 35.853880 35.880336 35.863850 35.861299 35.865622 35.857051 35.869572 35.860609 35.862546 35.884164 35.862553 
35.848798 35.852605 35.867297 35.870942 35.874505 35.865501 35.881456 35.880659 35.857702 35.857139 35.891513 
35.888979 35.852382 35.878608 35.865836 35.848792 35.883725 35.861256 35.884133 35.890668 35.875931 35.887740 35.848407 35.857630 35.844333 35.855826 35.869056 35.840915 35.849685 35.844820 35.868080 35.843187 35.890231 35.862318 35.857498 35.858952 35.860485 35.887434 
35.888028 35.858463 35.873432 35.852197 35.888670 35.854318 35.886715 35.874939 35.850251 35.857305 35.858674 35.867096 35.843455 35.847181 35.885539 35.861868 35.879451 35.872004 35.866987 35.847384 35.844589 35.849035 35.848899 35.859042 35.863958 35.849049 35.857717 35.885344 35.841874 35.860648 35.873674 35.891582 
35.887143 35.856365 35.881303 35.882927 35.875968 35.856464 35.855293 35.890943 35.868521 35.864344 35.868187 35.841872 35.847079 35.845537 35.846066 
35.853319 35.858844 35.875407 35.891057 35.868973 35.846927 35.889108 35.889767 35.876204 35.844338 35.851738 35.875837 35.880491 35.846684 35.844696 35.869123 35.891953 35.866174 35.869826 
35.887543 35.876539 35.881299 35.862077 35.853088 35.891285 35.891932 35.872277 35.892026 35.866431 35.846424 35.879360 
35.866838 35.846561 35.856362 35.885990 35.872439 35.877502 35.845478 35.849506 35.847571 35.872184 35.859640 35.863376 35.876195 35.857690 35.865274 35.846137 35.874582 35.884592 35.881510 35.879265 35.861172 
35.876868 35.875490 35.856417 35.849510 35.875822 35.885430 35.843955 35.843930 35.853647 35.889528 35.882125 35.873495 35.864532 35.851543 35.872792 35.879536 35.854192 35.880661 35.842757 35.851442 35.853205 35.867491 35.849354 35.859947 35.847018 35.883618 35.859814 35.862331 35.889736 35.870954 35.876059 35.882963 35.865425 35.872353 35.873339 35.850593 35.881737 35.874703 
35.868840 35.868308 35.853344 35.848345 35.889735 35.869795 35.875325 35.873776 35.860045 35.852892 35.884306 35.865264 35.885410 35.855137 35.857682 35.869953 35.890954 35.846015 35.874021 35.872330 35.882656 35.856685 35.874508 35.879429 35.870444 35.874536 35.847924 35.863913 35.876289 
