3.843528 0.199700 3.934011 0.026341 6.039366 0.163503 0.665148 15.720220 0.398586 0.721483 10.739553 0.088119 88.649281 8.267388 5.121392 1.911077 
1.651004 0.083337 0.181573 0.530521 4.391907 0.007402 16.098355 15.187827 0.353720 0.284604 0.345476 0.376672 0.055015 
9.769095 0.147309 12.915538 0.482878 3.845035 0.245235 26.334650 0.185361 0.141076 3.754648 6.247614 33.064249 0.073073 0.071530 22.649260 6.524141 0.066723 0.112481 
3.145405 11.019566 3.876596 0.943547 1.634454 0.361982 0.348406 4.558541 0.652842 86.311399 0.950173 0.151856 0.101693 2.061634 0.046678 0.031444 
0.679794 0.123434 24.362226 28.675967 5.022163 0.035021 10.151941 1.377182 2.016858 0.249108 0.191887 1.694881 0.883886 1.222293 10.453334 
0.592296 1.858700 15.193468 14.717947 1.970931 0.369506 4.440655 0.063072 0.555841 0.100577 0.255185 0.738773 0.016087 0.065587 0.769155 22.033199 1.498457 7.898779 3.077717 0.398566 1.533531 0.412299 0.117775 0.161269 0.919787 5.304224 
2.288899 0.039963 9.141009 0.042084 0.474576 3.629760 30.578345 0.116942 0.006628 0.365549 0.470949 3.522293 0.016863 0.419931 0.008508 4.122072 
1.560881 4.565424 1.134428 15.876484 0.728483 2.962477 0.049492 24.726742 12.355398 0.911677 0.030311 0.413294 0.054836 0.841118 1.006470 0.807704 0.075245 0.342902 0.076093 0.202554 0.228170 0.628212 0.200332 0.052837 0.128842 0.165533 
7.236549 0.480259 0.201528 0.038083 0.469090 0.095773 12.958533 2.384741 0.050594 2.559999 4.837488 4.875403 1.768286 0.437440 5.121345 0.224590 15.644498 3.907737 0.163597 
12.090137 0.118629 5.525460 0.030906 1.852956 7.369456 1.063867 36.676145 0.117094 28.684674 0.077416 0.825367 0.065431 0.020807 3.078504 3.609815 
0.006522 0.019259 4.465973 0.239590 0.104226 0.375046 16.787778 12.454128 2.730741 3.217096 0.974420 0.170874 0.110761 0.016833 0.075207 0.001964 3.126594 0.005461 
0.102547 0.025563 23.482036 13.832678 0.224819 0.003932 0.471166 0.207639 1.654935 0.914943 9.125051 0.619539 0.356407 37.881651 0.036042 0.042119 0.050880 1.709900 1.005505 7.396101 1.569027 0.434582 0.103392 35.785588 2.812438 0.049172 0.192534 
0.263723 1.767395 1.737843 46.830835 0.616907 0.391135 3.284050 0.355672 2.524277 0.583524 0.289764 3.526767 0.247224 0.496991 0.188728 0.153928 3.763190 1.881601 0.671298 0.029144 0.053393 0.271486 14.467673 0.014576 5.177513 4.369936 0.434921 2.538492 1.966130 0.486105 2.369092 
4.384206 1.861080 0.353920 31.124734 1.154452 4.366757 0.266500 5.371566 0.435665 0.200690 1.098603 0.274087 0.168531 0.825475 2.377938 0.350597 1.028783 0.569909 
0.134767 0.126851 0.252101 16.870921 0.254683 3.225398 2.807060 36.597313 1.778920 0.562563 0.913357 0.436084 
0.221840 0.105527 2.705673 29.480291 22.184416 1.817602 0.164946 0.104783 0.087676 3.957516 0.799465 0.155352 0.027242 0.131434 0.671298 2.330684 0.312451 
0.044524 2.681073 0.120493 3.160105 36.317808 0.396802 0.028002 18.311819 2.555261 1.988675 0.368920 1.898823 7.190143 3.424690 0.072547 3.842838 0.149275 3.043964 26.569670 0.127759 0.046607 1.584640 9.118705 0.927921 0.439474 
49.851873 63.690819 0.014947 4.418212 3.904383 8.169011 1.659552 0.021791 0.055070 2.640482 0.713512 6.353293 8.474365 0.801813 0.034783 0.232269 0.111962 0.029743 0.498189 0.019422 
16.523345 0.068352 6.674766 3.082147 7.225116 3.602986 0.343486 2.229622 0.102062 0.425658 22.348449 0.139608 0.116042 0.301831 2.682485 1.160540 0.065029 6.953427 1.179050 
49.574297 0.890656 2.024231 0.385449 2.116562 11.828252 0.046797 0.792274 2.614401 0.586480 0.110355 28.932496 14.827942 1.864245 0.115635 0.381349 0.216222 
24.628868 7.081811 0.466468 0.077231 2.886338 0.075023 3.316972 16.392524 3.429813 0.160282 1.830557 6.453789 0.253448 0.349320 1.462923 0.452785 2.020339 0.785920 0.167595 0.048667 
60.484407 0.224802 0.104163 3.145777 3.524022 0.032270 0.359680 0.061455 0.664663 5.660511 0.224616 1.916743 0.137927 0.034072 11.100608 0.579015 0.014783 0.021832 0.033729 3.851186 6.224088 3.645854 0.218750 
0.041969 0.029542 0.163920 52.031781 5.072738 0.585641 0.723624 5.738260 1.421089 2.014339 0.205164 0.032134 3.322553 
8.927183 1.707736 0.152551 58.066082 0.040196 3.634213 3.246681 0.226234 9.398816 0.050760 22.808504 1.637666 0.024288 2.384970 0.045226 0.594995 9.097794 1.883363 
0.577213 0.167133 0.039369 29.846176 3.866797 11.014909 0.147783 18.461529 0.085377 56.733773 2.018442 0.049027 52.588924 12.513120 123.800604 
2.530805 27.344095 4.971318 2.453626 0.023270 1.059526 0.439906 0.492653 1.105710 8.230908 0.878198 23.300726 0.397368 0.210188 0.090984 0.019214 0.066633 0.484515 0.034907 0.018058 0.160990 0.278678 0.850108 0.062736 
0.047222 1.781252 0.889693 5.170601 1.423801 5.743728 0.855564 7.069233 13.178732 2.269340 0.275590 0.530020 0.270129 5.917530 1.324523 1.618482 0.696979 9.929104 3.645760 1.365069 
0.296575 8.268398 3.145988 30.195013 0.029261 8.592911 0.270373 0.014789 0.159594 0.459652 0.348135 0.380576 0.172979 0.062949 0.212237 0.011922 0.089899 10.618362 0.755372 30.657831 0.749968 2.154240 0.115422 0.818734 0.041184 0.013090 2.639806 0.486590 
1.243096 0.109027 0.763695 3.511318 9.370990 0.109760 0.249222 11.516966 13.057321 49.384054 0.030744 5.913689 0.138384 0.208516 32.749103 0.252730 0.229982 3.672314 0.474726 0.359964 3.778107 1.664845 2.314509 0.117420 0.030680 0.514160 13.569534 
0.867794 2.193365 1.021945 0.062490 1.788599 21.312886 0.289391 0.475407 0.916795 0.711016 0.103470 0.166489 0.338510 0.236043 1.143071 1.042819 2.618632 27.356368 0.020432 0.104471 0.036859 3.532193 0.271227 0.141144 
3.683886 0.106459 0.138215 0.082588 13.273476 0.082477 20.253021 1.096861 4.324825 0.400405 0.360710 0.060306 0.071292 0.043952 0.216376 0.628717 0.776286 
0.258914 0.023790 0.685936 0.374076 1.479809 3.482714 6.139198 0.888590 0.888073 2.529744 20.440271 1.210616 0.601700 0.157043 5.038225 5.208629 1.860272 2.291792 0.050732 0.296443 0.021811 0.028121 0.106577 6.476970 3.736816 2.373047 
0.103353 0.746734 5.747915 38.251898 5.554227 4.264401 1.823093 0.582968 0.048190 1.316442 
0.322993 1.661543 0.130018 1.255646 1.623306 1.852936 0.064330 0.064678 0.085042 0.112396 0.462934 0.120951 0.028116 0.095412 0.708224 13.563358 4.594071 0.755036 
1.532516 0.034068 3.186559 1.064234 3.006489 0.163626 0.233864 27.066511 0.091164 0.080987 12.719463 
0.015178 4.760969 3.151883 3.957233 2.842683 73.862790 0.069852 2.251022 0.548014 0.040097 0.180272 0.231196 0.428383 2.925539 0.839375 
0.025765 0.379875 31.803378 0.241134 33.332216 7.815785 3.966264 0.301061 1.997104 0.028636 1.339648 11.812533 4.784143 0.170250 0.083456 0.428258 0.152402 0.137731 0.057125 1.689805 0.875993 2.227143 0.064416 0.039145 
0.090643 1.820182 0.012067 0.376119 2.233983 4.677834 0.011371 0.960164 3.023255 1.871126 0.099442 0.381327 5.674372 0.182555 51.573768 11.269009 2.374158 0.282239 0.451365 2.000483 0.085425 0.047349 
3.091668 0.238382 0.182596 0.090000 1.841138 0.413858 2.842716 14.781663 0.152829 10.045457 1.584242 0.195903 52.608689 0.091349 0.044227 
2.694949 0.308599 4.039715 3.723309 0.961127 0.217932 0.729103 28.263605 2.513181 0.201843 0.453276 15.861914 0.191173 12.957571 0.866919 1.500157 0.211563 0.488884 0.117823 17.265659 0.008734 2.573912 0.260095 52.837642 0.573138 0.097223 0.237123 0.474477 1.695319 1.110313 0.009483 0.031095 1.282870 0.364416 0.321609 
17.836693 0.493607 0.287750 0.153422 2.472015 0.294931 0.128672 1.934301 30.515433 2.848447 0.017109 5.346568 0.115549 12.094381 0.111268 6.520888 0.056383 2.995510 0.633993 0.417260 1.101322 42.510146 22.447579 0.130648 3.095671 2.348942 4.805722 0.257565 0.209734 7.659763 0.197910 20.732166 
1.045211 0.188786 5.102429 0.040175 0.119167 14.407280 0.053649 29.305038 26.484017 1.695889 0.654057 5.206705 1.892499 15.118265 0.256209 3.514012 
0.084891 1.434252 3.876148 4.604733 0.082515 0.018577 0.034864 0.200991 0.307281 3.279295 11.064490 31.045983 2.516668 2.643568 1.460349 
0.008036 18.256225 0.881065 25.466863 0.397426 2.555960 0.516406 0.456923 0.063579 1.167964 0.773749 0.013397 0.664247 2.167428 1.070274 4.202117 4.178479 0.059487 0.678048 0.300865 1.428001 0.082637 0.159500 0.010421 0.130141 0.028650 0.728907 0.754507 0.884151 0.799506 1.117426 0.970551 3.345616 0.271387 0.065405 0.151416 
61.539784 1.589015 4.568942 1.437488 0.135514 0.052939 0.008711 0.486749 0.400341 4.655209 0.288765 0.071324 0.252712 7.129982 0.007492 1.200397 10.763678 0.019117 
3.604345 0.190480 6.179906 0.051510 0.826090 24.163655 14.213225 0.038276 0.148365 0.084543 4.620083 2.261714 4.856055 1.000032 0.547804 1.037836 2.036340 0.361351 0.504672 0.039996 3.930172 0.006014 
0.066733 0.053714 0.766310 4.602859 24.909743 0.263275 0.017960 0.097305 5.564092 0.122325 2.318422 1.487721 2.206813 0.056214 9.696705 0.082304 0.690072 2.862142 0.567761 
3.554849 0.032537 5.421405 4.040550 0.024264 4.460451 51.103449 1.028130 28.577350 1.227266 0.107807 9.700365 1.605968 0.636938 0.418109 
5.505148 2.682973 0.023170 0.221592 0.090834 0.450102 95.521161 0.263003 0.058513 7.371600 2.227480 0.058982 4.107280 0.446544 1.021572 0.350201 0.028158 7.100977 179.121314 1.211483 0.039734 9.134791 
36.126312 57.702887 0.074857 1.899085 2.047527 21.683659 1.426553 0.129512 1.389651 0.127468 0.440544 0.098383 5.084395 6.094285 
0.830010 0.679036 0.043877 3.619475 10.458046 120.772393 1.490924 0.108826 0.131367 86.338466 0.266282 0.793787 47.110190 0.253829 1.334283 4.861592 0.096087 0.940608 7.389807 0.920955 0.118675 5.299276 3.070405 0.933956 
17.762191 1.704668 0.105400 0.985388 0.022601 0.019901 0.498162 1.786437 36.022464 0.546897 1.791529 4.911290 0.411441 0.254578 0.136470 2.037189 0.267209 2.189116 4.919556 1.664972 0.031932 1.663319 0.688849 0.813099 17.821150 1.827078 1.356961 4.234104 8.625701 0.080810 0.977082 0.018049 0.059765 5.501703 61.149041 0.109486 0.194345 3.654823 0.675480 6.011832 
0.618460 12.350836 0.687465 0.990636 0.844284 2.036479 10.436843 45.310544 0.041518 0.038282 0.007963 0.567561 0.474426 4.375348 0.022971 1.424970 0.397526 0.766070 0.437995 0.007248 0.025510 1.365692 4.150646 0.014264 4.210940 1.453856 0.236701 0.018033 1.341758 
9.969097 0.161488 0.026706 0.004715 0.331185 0.703175 0.013307 10.563486 4.388587 0.023278 15.337572 8.488382 0.059237 4.209022 1.986307 2.268074 0.021036 0.926784 11.835519 6.064201 6.889363 6.385831 14.884279 
0.513604 0.308718 0.469292 0.343724 0.088110 27.087903 3.657767 0.030150 5.372340 1.235970 0.037461 1.224708 2.267493 0.153181 0.817512 0.066261 0.089305 0.020655 0.827858 0.151126 0.355788 2.281462 0.717456 0.528060 1.434930 2.406889 0.232735 54.661808 0.080685 0.838883 0.082745 7.835939 0.039073 0.212259 0.283031 0.031752 0.323231 0.395604 0.126356 1.020410 1.559144 1.090754 0.057729 
3.937748 1.289507 0.229759 0.062590 0.025126 0.061513 1.832902 6.118410 49.169746 4.901746 0.138807 0.317087 0.284895 3.154767 0.301394 3.448815 0.286390 38.922475 0.049561 7.843296 0.348004 0.093149 0.049775 6.919498 3.832924 0.771140 
3.004507 0.045632 1.176159 2.423870 23.301348 1.889349 0.246455 7.795227 23.084599 0.083606 7.606503 3.973736 0.383297 0.232465 0.099235 
0.179460 3.217217 0.151149 0.226783 0.086230 0.256662 101.093014 81.076916 0.026926 1.928032 1.562630 2.747512 0.064930 1.608075 3.031552 1.943276 0.150761 0.323361 1.489140 0.436608 0.183995 1.041141 14.644710 0.070227 0.024959 8.848021 
66.378056 0.102468 0.436423 13.586706 1.689802 4.392173 59.332268 0.312086 4.226487 5.075630 3.193088 1.131170 0.408739 0.656723 0.390522 0.695707 0.510350 0.030239 0.301498 
69.656723 10.717577 0.209495 0.117292 67.594576 0.217046 2.569134 72.383480 0.612544 3.103525 27.232510 0.024559 0.082194 0.199155 
0.229604 3.758245 0.203721 30.937133 0.061187 0.223048 2.878209 1.921139 46.482977 0.514114 0.235568 0.546748 7.176503 4.131099 0.340293 0.090065 2.023637 0.024962 1.034578 1.442475 
0.230280 3.540151 4.375285 0.966354 0.081919 2.306784 0.059395 0.018135 0.155838 0.236981 0.027418 0.077195 0.932062 16.354051 0.107750 23.871653 0.018942 11.888441 9.350443 0.982808 0.311653 0.073215 0.085347 2.371961 4.963604 23.027379 0.092106 1.973701 1.829642 19.826530 4.864445 2.158165 2.703200 
3.442778 5.555360 180.106382 0.392443 0.110631 1.678882 0.288196 35.860988 0.027471 0.250675 85.813616 8.389629 0.041615 7.464808 1.214623 0.032322 1.850059 0.032869 0.241140 0.067973 0.129093 0.064380 3.588703 1.548946 
4.180992 0.088149 37.426258 13.662176 140.250076 0.060926 0.198241 0.043075 1.831569 96.673510 5.300693 10.649511 6.827151 1.307476 0.535228 0.069681 0.590601 3.302666 0.634509 
26.180022 0.151232 0.148907 0.241301 0.758472 0.497355 0.670228 0.335200 0.052918 0.038252 14.755676 6.371111 0.208016 0.898567 3.580909 0.407587 1.329162 0.033440 6.284357 16.822991 66.990146 0.639812 0.027089 0.277725 0.085083 0.085063 0.035464 6.777772 0.995225 0.064324 
10.272486 0.037727 89.710166 2.989243 4.249290 0.104434 3.103657 0.094933 0.036732 0.484341 3.156404 1.760321 0.104997 0.294777 0.063230 0.300999 20.888902 
0.295858 0.531813 0.946367 0.073118 0.276503 2.579807 6.646001 0.073429 3.209617 0.061697 2.732910 2.880200 0.943705 35.801735 0.803810 0.752469 1.193149 0.385461 0.092084 0.323356 2.778600 0.054755 1.425849 0.371111 1.331233 1.275496 1.249165 3.160708 
3.363800 0.173921 0.027915 0.697013 0.766215 0.260553 2.213289 0.585788 0.951351 3.897887 0.848771 5.445699 0.042964 1.880495 0.189238 1.115081 18.756983 26.236521 0.580004 0.153345 0.056512 0.084280 1.600599 
9.193940 3.131311 4.690819 0.975599 20.400843 0.373154 12.259719 2.386192 0.246710 0.316125 0.571287 1.380816 0.181358 0.899392 0.081645 2.294140 0.066559 0.061215 0.774936 1.360894 1.377818 
0.307476 0.349106 1.358800 14.854111 6.474293 14.775304 0.127642 0.093246 11.194460 0.658881 0.069900 0.136951 5.087187 2.143629 1.401891 0.126236 0.249006 2.347838 
0.160857 0.787914 0.698650 0.683557 2.615709 0.058258 0.302976 11.462310 21.089628 3.315589 4.236473 0.138623 0.063260 0.457217 19.322715 2.559661 0.027600 0.024690 0.737087 0.087584 0.036107 3.019721 
0.512196 13.586614 4.631705 2.643222 4.108463 0.297099 0.130165 27.133764 3.205581 1.133206 0.009202 0.200630 0.032950 
2.122571 0.739380 5.138061 46.001108 0.326426 21.660415 4.155352 2.948680 0.325590 0.199484 0.112533 1.805404 0.188528 0.157653 28.414672 0.983408 3.292693 0.390207 1.111179 0.147829 0.067149 0.633827 0.010775 2.955901 
0.266047 2.625575 0.225414 20.238575 2.300747 39.730472 0.035653 0.592679 0.055902 0.120413 0.216572 0.199485 0.010683 2.070045 2.486965 
0.500892 4.465900 6.226565 36.914723 0.027243 29.111605 0.481700 0.688316 25.029265 0.230284 6.564434 0.033742 3.753558 34.571337 0.123652 0.594402 1.407088 1.960020 0.579931 0.045621 0.115530 1.023503 0.492257 0.470559 1.154243 0.320768 1.807253 0.011326 0.318660 0.441886 0.115185 0.050726 20.911817 3.187700 0.577044 0.494329 0.319424 0.544203 0.099374 1.375021 0.414978 0.106498 0.362380 
0.164440 1.107970 0.068874 0.187403 1.777897 0.073030 0.098241 0.700187 108.575180 0.398655 4.828896 1.353416 0.150523 0.218146 9.923595 2.300461 2.660503 3.821940 0.236408 2.282125 16.548775 0.789365 0.587883 0.993878 0.772132 
1.379519 10.118040 2.847989 0.100079 0.533038 0.601099 1.384580 36.874362 0.205530 0.103169 2.305296 0.040688 0.235531 0.013802 12.149289 4.320482 0.172906 0.178129 0.368213 0.510019 1.266682 5.971090 0.566327 0.378018 2.299710 
0.856883 0.053555 0.336902 1.235361 6.102050 1.738481 0.204698 17.936586 0.655149 8.719662 1.348918 0.220587 0.125807 0.146136 0.072287 0.028325 3.541500 3.057877 0.082062 0.848467 1.673034 2.067697 7.072854 0.072542 0.565606 0.229129 2.240687 1.216690 
0.129586 1.326403 0.366766 0.190890 5.700746 0.887413 43.463774 0.132082 0.379963 2.643062 6.020618 0.424409 10.067470 5.721860 3.064864 0.365656 0.073620 
0.711045 0.291413 0.632942 0.244570 35.555728 2.060402 1.412342 0.803691 3.550748 6.634736 0.219513 0.524031 1.710310 0.127573 1.462441 
7.148355 0.408017 0.575366 0.397416 0.318251 0.515551 0.584116 10.311431 0.115652 2.388066 3.862366 4.046858 77.487077 36.921976 4.765456 0.213217 5.601986 0.195548 12.666011 0.460444 7.824448 1.699871 0.238732 1.098415 0.232690 0.082987 0.060371 0.095702 1.348766 0.483178 1.037626 0.017898 1.792613 4.885228 9.416684 0.368873 
52.874826 3.432688 0.078476 0.249389 3.828118 0.354587 0.126741 0.347810 0.108349 0.134778 0.793330 0.351789 1.981384 4.861609 10.736964 0.622573 5.297865 11.876661 
12.907914 0.830683 7.482235 0.183817 0.471513 0.209273 14.200728 0.838677 1.294349 8.330050 7.926374 11.108641 2.251125 19.573853 64.009337 0.817449 1.995685 31.402355 1.826930 0.169375 0.758082 0.625563 0.267765 0.112515 0.300759 0.494772 0.369610 0.907512 
8.380154 0.411601 4.290619 48.594030 0.062154 1.952452 2.816823 0.032523 0.190143 9.503695 0.855557 0.841419 4.734510 
1.054380 0.229441 0.127421 420.244269 0.585069 2.591938 104.792724 0.414763 23.200063 3.609376 0.060400 0.721704 13.579957 9.098108 
1.251240 0.865901 127.391706 0.261103 0.943928 1.555805 0.186059 204.604860 0.506298 0.960711 6.846161 1.317978 7.526243 5.405961 3.008395 0.520795 20.406379 0.129785 2.961786 
0.037871 0.570952 0.043099 0.459647 0.569613 4.539033 0.183316 2.040349 0.628742 3.671928 2.837975 37.703733 2.811651 2.354775 0.175239 23.410469 14.574445 0.230488 0.538820 0.062716 5.761566 0.689176 0.111612 4.066387 10.810837 0.258703 0.494152 0.038368 18.265997 0.483822 0.007712 0.477777 5.961166 
10.211789 142.777850 18.669507 3.823799 0.096064 30.549584 0.033384 1.795185 0.632983 0.239245 0.200048 0.112439 11.360643 0.267057 14.179050 0.254441 0.270199 1.683076 2.272933 2.471200 9.100464 
0.137743 0.620949 0.183333 0.083010 3.407431 0.215192 0.091655 12.581355 3.982386 1.172339 10.600934 35.682439 0.195745 
0.617690 0.138019 1.269217 0.059450 0.032590 29.792593 6.110296 0.559920 0.292975 58.556890 0.015250 0.365352 0.407867 0.985819 0.404632 2.122085 2.927193 0.436749 35.065692 0.493984 2.722301 2.273682 2.096722 0.085817 0.080254 3.033895 1.080974 1.349993 
0.061415 33.343031 0.737382 9.981046 1.867721 0.230963 2.183590 1.794925 6.045090 0.025008 5.130430 0.291295 35.516018 0.070484 0.104612 0.291832 0.126074 0.022770 0.040509 0.040193 0.151417 0.331077 6.396985 3.742456 0.523418 14.009335 0.111418 0.437676 0.196709 1.716916 0.926622 0.139960 1.553549 0.145542 0.176402 7.215723 0.419842 
0.951372 4.026322 0.068242 1.412674 3.297407 9.108507 0.123549 0.236203 1.609672 0.157838 58.197853 109.019611 0.792747 13.342633 10.338713 2.390049 
0.048663 1.493002 0.170872 22.845242 0.113119 5.375070 6.857416 34.772402 0.187358 63.338838 3.750103 2.385101 0.028274 0.701921 1.982319 6.174885 7.893591 1.007951 1.670247 0.190656 0.078296 1.476356 1.131936 20.569416 0.187401 5.519054 3.699390 19.363646 2.251189 0.056145 0.055689 3.299446 0.169533 
1.012153 19.291259 3.972724 1.281287 6.937949 0.371205 0.170360 0.078018 1.246788 0.296482 2.492613 0.484187 1.462240 11.976412 0.013045 0.204706 1.212538 12.285382 38.155514 0.116431 0.149239 0.689995 0.179224 0.154125 0.479991 0.077645 0.044116 0.069496 
2.027066 0.220723 0.168103 25.534071 0.519449 0.578336 18.467253 0.629475 2.949629 2.643620 0.326789 0.100437 5.524703 0.249074 0.331872 22.790715 1.464631 1.952556 0.104886 3.973976 5.176363 
18.775274 0.125972 0.105886 1.164630 0.604214 0.954443 0.553874 1.414486 0.228566 0.123083 0.023217 2.239779 0.285038 0.403352 0.310528 6.041738 27.938521 3.822452 0.731819 0.487187 32.999729 1.316966 
5.041573 0.238939 0.720512 0.283210 0.051973 2.989408 17.025195 1.481451 0.943391 4.790395 0.612332 13.150170 0.229313 6.693419 0.628727 8.723386 0.351032 0.132886 
0.167603 2.438318 0.519858 32.734321 0.225015 1.694851 4.536133 0.182235 1.845731 0.607482 1.601487 41.294427 0.027579 2.668268 2.221818 0.262158 0.169372 0.029281 0.529564 2.428663 1.872025 1.396550 1.365099 0.225109 0.633073 3.286706 0.159455 1.812782 5.564892 28.622241 6.143970 22.395496 1.120590 14.782025 
3.536374 0.047201 0.248905 0.239952 60.253172 12.237359 25.295979 0.087183 25.802822 0.315730 0.074541 0.228835 10.549758 41.400015 0.901592 3.576088 
0.134290 21.052519 10.874125 0.452157 20.464623 0.076351 5.334844 0.365339 4.250404 0.062424 2.170632 
