-116.224139 -116.248001 -116.235969 -116.233631 -116.222355 -116.214996 -116.221680 -116.253711 -116.215371 -116.210157 -116.220389 -116.202337 -116.209932 -116.253881 -116.246939 -116.215087 
-116.213384 -116.234958 -116.203369 -116.230585 -116.214466 -116.240222 -116.249514 -116.219822 -116.204727 -116.209293 -116.202691 -116.215811 -116.233472 
-116.242210 -116.230120 -116.214876 -116.236614 -116.219971 -116.250913 -116.229591 -116.213885 -116.253820 -116.210803 -116.216482 -116.250594 -116.258200 -116.251813 -116.249021 -116.229909 -116.240437 -116.226447 
-116.215531 -116.211831 -116.251589 -116.209056 -116.260153 -116.250666 -116.251096 -116.225158 -116.259024 -116.250955 -116.241216 -116.244119 -116.234702 -116.204202 -116.248967 -116.250038 
-116.225746 -116.244352 -116.202614 -116.245047 -116.250814 -116.243214 -116.219756 -116.255952 -116.217751 -116.204858 -116.243771 -116.208130 -116.240124 -116.254654 -116.255485 
-116.249912 -116.221132 -116.230228 -116.245599 -116.218794 -116.243602 -116.231850 -116.234267 -116.250466 -116.213171 -116.233205 -116.243294 -116.212537 -116.204429 -116.234867 -116.240266 -116.207245 -116.230792 -116.210858 -116.230144 -116.226260 -116.256371 -116.228649 -116.258920 -116.213406 -116.218990 
-116.234408 -116.226045 -116.251778 -116.245748 -116.203867 -116.224636 -116.219600 -116.249061 -116.202782 -116.251089 -116.220306 -116.213617 -116.203386 -116.202339 -116.251994 -116.211131 
-116.204879 -116.224455 -116.215650 -116.210710 -116.249437 -116.221630 -116.238607 -116.242941 -116.233415 -116.217144 -116.237613 -116.210724 -116.204020 -116.237723 -116.211840 -116.257222 -116.251608 -116.246485 -116.203178 -116.206266 -116.203312 -116.247836 -116.207477 -116.259877 -116.258427 -116.237151 
-116.227047 -116.215343 -116.223623 -116.230993 -116.249436 -116.224460 -116.250087 -116.244703 -116.253549 -116.224063 -116.217396 -116.219851 -116.252560 -116.218127 -116.250258 -116.249331 -116.204802 -116.219271 -116.229729 
-116.258810 -116.206629 -116.226511 -116.212346 -116.202425 -116.222232 -116.227999 -116.252109 -116.230869 -116.218051 -116.233927 -116.229122 -116.243080 -116.258396 -116.231747 -116.203592 
-116.229191 -116.254333 -116.224538 -116.246670 -116.240291 -116.259149 -116.228026 -116.247855 -116.225802 -116.247635 -116.214820 -116.228388 -116.207671 -116.241235 -116.206413 -116.204873 -116.209868 -116.217311 
-116.236604 -116.254318 -116.221555 -116.256510 -116.238788 -116.210612 -116.254621 -116.255638 -116.227655 -116.207877 -116.212466 -116.243610 -116.225150 -116.242720 -116.223121 -116.251894 -116.257500 -116.240422 -116.237467 -116.257899 -116.234567 -116.215253 -116.240243 -116.255839 -116.216552 -116.215505 -116.232565 
-116.218338 -116.254944 -116.243773 -116.247473 -116.213680 -116.221392 -116.223349 -116.210603 -116.213758 -116.204562 -116.259101 -116.217826 -116.258922 -116.215295 -116.231543 -116.217247 -116.206232 -116.211959 -116.249908 -116.237501 -116.234216 -116.237040 -116.211457 -116.243784 -116.226074 -116.213876 -116.238866 -116.235592 -116.212173 -116.218562 -116.203536 
-116.228554 -116.214060 -116.222099 -116.246585 -116.230662 -116.222636 -116.211474 -116.210649 -116.210821 -116.220239 -116.255188 -116.244096 -116.233281 -116.219365 -116.258343 -116.243656 -116.218378 -116.224282 
-116.242891 -116.250807 -116.255080 -116.249738 -116.256340 -116.208415 -116.216472 -116.233137 -116.237656 -116.248378 -116.216658 -116.237497 
-116.221874 -116.212135 -116.204495 -116.247050 -116.222449 -116.247996 -116.242744 -116.240967 -116.229518 -116.221614 -116.218426 -116.235048 -116.220017 -116.235695 -116.246974 -116.212524 -116.205413 
-116.238168 -116.242158 -116.212220 -116.241091 -116.259220 -116.250793 -116.234379 -116.253062 -116.215291 -116.203615 -116.224910 -116.236907 -116.233056 -116.221606 -116.213577 -116.241399 -116.237352 -116.211522 -116.217946 -116.252840 -116.252221 -116.248849 -116.240632 -116.220657 -116.216604 
-116.244637 -116.252344 -116.215873 -116.215855 -116.218760 -116.214003 -116.247829 -116.203599 -116.241701 -116.214926 -116.259323 -116.249258 -116.221638 -116.220479 -116.202909 -116.250789 -116.234082 -116.209716 -116.237481 -116.203567 
-116.241454 -116.238731 -116.206841 -116.224129 -116.215552 -116.257928 -116.216491 -116.212838 -116.238453 -116.232803 -116.230489 -116.205652 -116.246113 -116.209715 -116.241415 -116.218032 -116.205848 -116.205933 -116.217899 
-116.245244 -116.250541 -116.255467 -116.238345 -116.206732 -116.213211 -116.234630 -116.229005 -116.226880 -116.253253 -116.232971 -116.210590 -116.222002 -116.243747 -116.224762 -116.252339 -116.247556 
-116.241893 -116.212203 -116.252116 -116.216660 -116.237152 -116.240342 -116.258690 -116.226447 -116.222736 -116.228260 -116.215346 -116.231818 -116.251548 -116.237729 -116.256576 -116.236480 -116.246917 -116.255698 -116.239983 -116.238841 
-116.244017 -116.248557 -116.239097 -116.216968 -116.218144 -116.207484 -116.237094 -116.209892 -116.238447 -116.230336 -116.213791 -116.205281 -116.247892 -116.221775 -116.217879 -116.204706 -116.257691 -116.229791 -116.239851 -116.214074 -116.254580 -116.217103 -116.254579 
-116.214669 -116.235149 -116.242616 -116.252603 -116.226585 -116.213060 -116.215993 -116.227295 -116.218509 -116.226183 -116.210219 -116.202541 -116.230026 
-116.218892 -116.208673 -116.219894 -116.253374 -116.256631 -116.225682 -116.222553 -116.236288 -116.253466 -116.210399 -116.227001 -116.233386 -116.232126 -116.211212 -116.249472 -116.254728 -116.211401 -116.234131 
-116.245565 -116.221287 -116.233456 -116.254985 -116.221932 -116.220433 -116.213627 -116.206873 -116.256405 -116.258406 -116.207626 -116.249052 -116.217908 -116.223756 -116.254341 
-116.220301 -116.257200 -116.224765 -116.223599 -116.259127 -116.240576 -116.239469 -116.205370 -116.216318 -116.220036 -116.249620 -116.215306 -116.218811 -116.216426 -116.241856 -116.235001 -116.206614 -116.243491 -116.210061 -116.216765 -116.254298 -116.221577 -116.241006 -116.254521 
-116.240200 -116.246293 -116.212578 -116.251890 -116.253738 -116.204029 -116.209123 -116.240104 -116.253393 -116.219500 -116.216228 -116.248526 -116.240012 -116.231113 -116.257709 -116.222392 -116.257326 -116.240327 -116.245276 -116.209144 
-116.213331 -116.214992 -116.225470 -116.237993 -116.216374 -116.219221 -116.250281 -116.233608 -116.257525 -116.222647 -116.223706 -116.210475 -116.256246 -116.239822 -116.205027 -116.212504 -116.234564 -116.252318 -116.258810 -116.221153 -116.253658 -116.224102 -116.250277 -116.233233 -116.205253 -116.219693 -116.217939 -116.207130 
-116.260116 -116.238475 -116.245363 -116.225015 -116.206870 -116.203156 -116.243909 -116.249306 -116.255162 -116.233997 -116.236772 -116.259172 -116.247209 -116.204928 -116.237704 -116.229207 -116.225278 -116.205254 -116.212020 -116.212392 -116.212439 -116.204349 -116.226111 -116.239037 -116.243822 -116.207806 -116.210658 
-116.244099 -116.230647 -116.208266 -116.250938 -116.243708 -116.226845 -116.214623 -116.248953 -116.230163 -116.214159 -116.241957 -116.227088 -116.255563 -116.209572 -116.229221 -116.251269 -116.209380 -116.249575 -116.228537 -116.240636 -116.212976 -116.251575 -116.206373 -116.207464 
-116.216556 -116.209698 -116.255470 -116.252360 -116.231408 -116.243249 -116.244777 -116.239578 -116.209792 -116.206094 -116.259202 -116.237230 -116.250298 -116.242719 -116.223334 -116.206284 -116.249818 
-116.230339 -116.234050 -116.235519 -116.242860 -116.218911 -116.205509 -116.221716 -116.203659 -116.211759 -116.226711 -116.236945 -116.206742 -116.259426 -116.225814 -116.251168 -116.231068 -116.223316 -116.214863 -116.253604 -116.245940 -116.231185 -116.248539 -116.235855 -116.253173 -116.235586 -116.210615 
-116.225357 -116.242036 -116.216762 -116.258247 -116.223760 -116.215053 -116.243621 -116.219447 -116.205590 -116.205560 
-116.250133 -116.256509 -116.255011 -116.228639 -116.213304 -116.208193 -116.202963 -116.210883 -116.240775 -116.213363 -116.216615 -116.249791 -116.233573 -116.209375 -116.235864 -116.242076 -116.242894 -116.249034 
-116.233398 -116.234564 -116.221152 -116.251801 -116.218545 -116.249039 -116.222340 -116.251330 -116.250104 -116.220456 -116.253398 
-116.203715 -116.224135 -116.223049 -116.253090 -116.247101 -116.256140 -116.242469 -116.258238 -116.211864 -116.226342 -116.252821 -116.233842 -116.223141 -116.218170 -116.257520 
-116.245366 -116.240254 -116.229037 -116.228377 -116.249269 -116.244342 -116.206274 -116.239815 -116.224960 -116.217790 -116.239535 -116.213087 -116.212696 -116.243229 -116.253123 -116.221139 -116.226812 -116.236662 -116.235379 -116.235243 -116.258583 -116.208721 -116.253409 -116.244824 
-116.242211 -116.227741 -116.243188 -116.237618 -116.211835 -116.230539 -116.250121 -116.218925 -116.223517 -116.219621 -116.236346 -116.225165 -116.220892 -116.211427 -116.243908 -116.214849 -116.207100 -116.230895 -116.225843 -116.227233 -116.228309 -116.216008 
-116.208035 -116.238996 -116.214018 -116.230322 -116.217703 -116.250278 -116.259441 -116.250140 -116.243070 -116.236104 -116.207849 -116.248421 -116.223691 -116.234969 -116.241613 
-116.236217 -116.223942 -116.204687 -116.226809 -116.234625 -116.218190 -116.210662 -116.247261 -116.223884 -116.237687 -116.222166 -116.203306 -116.230126 -116.244921 -116.218579 -116.251326 -116.231321 -116.239582 -116.236427 -116.224609 -116.236488 -116.224910 -116.224014 -116.248670 -116.233539 -116.219317 -116.209524 -116.247216 -116.254964 -116.259446 -116.213880 -116.224883 -116.247281 -116.235797 -116.202825 
-116.205082 -116.244018 -116.242504 -116.234540 -116.234799 -116.230401 -116.220318 -116.220987 -116.260122 -116.238149 -116.230195 -116.225980 -116.256288 -116.241951 -116.211153 -116.214042 -116.225693 -116.231803 -116.241417 -116.228722 -116.255173 -116.254479 -116.234636 -116.215487 -116.253608 -116.232885 -116.230941 -116.232131 -116.254617 -116.225736 -116.214954 -116.205601 
-116.205542 -116.251708 -116.225832 -116.220095 -116.226402 -116.203579 -116.235726 -116.247490 -116.204031 -116.219291 -116.203214 -116.215717 -116.209076 -116.253309 -116.258765 -116.208410 
-116.244461 -116.243343 -116.226392 -116.211475 -116.242444 -116.239191 -116.211964 -116.245776 -116.225265 -116.251426 -116.221090 -116.250507 -116.250505 -116.213968 -116.251708 
-116.233830 -116.225245 -116.234794 -116.238309 -116.248931 -116.207008 -116.210532 -116.208408 -116.212808 -116.221294 -116.240298 -116.233735 -116.254852 -116.244903 -116.242937 -116.257939 -116.226814 -116.207074 -116.204444 -116.256065 -116.208230 -116.249258 -116.259689 -116.257434 -116.240391 -116.247434 -116.225646 -116.228645 -116.203887 -116.255931 -116.238907 -116.257194 -116.240737 -116.214542 -116.239227 -116.246411 
-116.254404 -116.223220 -116.219943 -116.231913 -116.249797 -116.211730 -116.243598 -116.209326 -116.217958 -116.207491 -116.226821 -116.231746 -116.234066 -116.225190 -116.246587 -116.206258 -116.255078 -116.258574 
-116.207541 -116.241918 -116.253360 -116.250124 -116.246675 -116.254001 -116.224051 -116.232428 -116.246044 -116.203519 -116.205316 -116.257209 -116.224854 -116.211091 -116.218425 -116.239797 -116.243041 -116.255336 -116.256994 -116.237010 -116.253572 -116.208706 
-116.240376 -116.207372 -116.245624 -116.250690 -116.246303 -116.232681 -116.237897 -116.248103 -116.224931 -116.245107 -116.226934 -116.244810 -116.233415 -116.235684 -116.223660 -116.252428 -116.258120 -116.244303 -116.242682 
-116.224222 -116.219584 -116.216913 -116.220986 -116.235919 -116.203168 -116.249036 -116.247465 -116.202927 -116.209617 -116.244640 -116.209036 -116.255446 -116.256778 -116.246583 
-116.233173 -116.241216 -116.225092 -116.214715 -116.240326 -116.226650 -116.242895 -116.240502 -116.231672 -116.223244 -116.226152 -116.227675 -116.211543 -116.252738 -116.203029 -116.236923 -116.235052 -116.235565 -116.228356 -116.211298 -116.226006 -116.223759 
-116.244090 -116.230841 -116.244362 -116.244030 -116.220659 -116.209246 -116.240079 -116.236510 -116.253409 -116.241226 -116.230207 -116.210631 -116.212531 -116.242741 
-116.257697 -116.210748 -116.237644 -116.221065 -116.218274 -116.254761 -116.249705 -116.215364 -116.230406 -116.254220 -116.249234 -116.213126 -116.203688 -116.210529 -116.245468 -116.215662 -116.215825 -116.204594 -116.251302 -116.210249 -116.234935 -116.222276 -116.258867 -116.208793 
-116.231343 -116.249869 -116.250466 -116.207088 -116.204691 -116.235589 -116.233543 -116.234675 -116.253167 -116.207003 -116.219391 -116.221324 -116.237298 -116.230260 -116.239431 -116.218174 -116.247687 -116.216778 -116.224737 -116.214907 -116.210112 -116.222212 -116.213174 -116.248937 -116.249973 -116.239422 -116.216261 -116.257912 -116.249562 -116.258932 -116.209475 -116.203513 -116.206576 -116.258961 -116.240554 -116.237102 -116.210412 -116.212539 -116.207443 -116.218207 
-116.248463 -116.228191 -116.209279 -116.215470 -116.220229 -116.255035 -116.219546 -116.248958 -116.236154 -116.208273 -116.246491 -116.209723 -116.248208 -116.210962 -116.234793 -116.248902 -116.246084 -116.207890 -116.234576 -116.239854 -116.260153 -116.241166 -116.221674 -116.209034 -116.219750 -116.202458 -116.208321 -116.255048 -116.259143 
-116.253479 -116.243284 -116.218398 -116.222631 -116.212860 -116.235677 -116.237284 -116.224077 -116.221296 -116.251773 -116.215653 -116.230507 -116.215029 -116.210845 -116.216227 -116.222581 -116.255542 -116.257892 -116.204702 -116.231072 -116.207311 -116.255667 -116.214190 
-116.242711 -116.249721 -116.253996 -116.228222 -116.235657 -116.219998 -116.231259 -116.216334 -116.230671 -116.209038 -116.232556 -116.220578 -116.228192 -116.241925 -116.249032 -116.252482 -116.218651 -116.247823 -116.219313 -116.219823 -116.225842 -116.223699 -116.243735 -116.206780 -116.224185 -116.205568 -116.252151 -116.244903 -116.239804 -116.230308 -116.231097 -116.225403 -116.233163 -116.253638 -116.216253 -116.236033 -116.232242 -116.203868 -116.223702 -116.250462 -116.231306 -116.210388 -116.239186 
-116.255967 -116.230145 -116.231260 -116.238735 -116.258880 -116.235682 -116.221764 -116.225291 -116.248866 -116.239075 -116.246832 -116.257478 -116.233238 -116.208211 -116.203881 -116.230664 -116.204604 -116.232001 -116.212134 -116.212333 -116.209520 -116.230186 -116.241846 -116.207944 -116.254821 -116.231291 
-116.257388 -116.238343 -116.226204 -116.229061 -116.242065 -116.245985 -116.253745 -116.222071 -116.224108 -116.222482 -116.222385 -116.221895 -116.209188 -116.235405 -116.203126 
-116.230620 -116.227138 -116.211503 -116.241155 -116.244626 -116.203593 -116.250394 -116.228643 -116.258737 -116.205700 -116.231878 -116.222407 -116.247189 -116.235600 -116.216544 -116.222028 -116.230748 -116.225713 -116.226851 -116.243899 -116.220527 -116.212831 -116.230061 -116.250916 -116.255828 -116.256155 
-116.249129 -116.241338 -116.206831 -116.223812 -116.225879 -116.203595 -116.239977 -116.211170 -116.212840 -116.216424 -116.222873 -116.237362 -116.247892 -116.225598 -116.234621 -116.210028 -116.244676 -116.235510 -116.259596 
-116.209908 -116.204907 -116.223033 -116.212784 -116.210253 -116.212702 -116.226633 -116.245985 -116.232479 -116.225501 -116.221943 -116.245786 -116.240125 -116.204822 
-116.225941 -116.226212 -116.237119 -116.249544 -116.229317 -116.209343 -116.216394 -116.223151 -116.250547 -116.233805 -116.255728 -116.206431 -116.216757 -116.223592 -116.241773 -116.251733 -116.225325 -116.217706 -116.222174 -116.209893 
-116.210123 -116.219741 -116.222493 -116.256085 -116.256571 -116.208402 -116.228579 -116.209579 -116.250739 -116.249526 -116.238445 -116.215389 -116.249176 -116.204719 -116.248487 -116.238561 -116.260067 -116.254398 -116.241675 -116.255771 -116.241218 -116.248262 -116.203624 -116.237688 -116.233927 -116.244276 -116.226917 -116.252749 -116.214968 -116.222496 -116.217140 -116.248173 -116.255834 
-116.221017 -116.215109 -116.255177 -116.235670 -116.235260 -116.214335 -116.220542 -116.256960 -116.243488 -116.235097 -116.246639 -116.222683 -116.248341 -116.250782 -116.258257 -116.233900 -116.222367 -116.260026 -116.238914 -116.234581 -116.258850 -116.250745 -116.213045 -116.246339 
-116.218951 -116.231817 -116.228701 -116.219247 -116.258627 -116.236884 -116.212839 -116.250093 -116.205820 -116.204220 -116.245762 -116.245002 -116.236993 -116.207251 -116.215402 -116.258496 -116.205291 -116.202597 -116.252831 
-116.249066 -116.216078 -116.241785 -116.245655 -116.248790 -116.207467 -116.213722 -116.205179 -116.247050 -116.235173 -116.218980 -116.229972 -116.242935 -116.241945 -116.234241 -116.213307 -116.218766 -116.225864 -116.246133 -116.225004 -116.244908 -116.204367 -116.244685 -116.240511 -116.255761 -116.247342 -116.208873 -116.206910 -116.230428 -116.258207 
-116.220716 -116.220903 -116.246162 -116.223213 -116.253372 -116.242306 -116.256535 -116.225591 -116.218549 -116.259362 -116.219323 -116.235183 -116.245800 -116.223602 -116.208324 -116.238441 -116.256756 
-116.257892 -116.240927 -116.210037 -116.250900 -116.244766 -116.214199 -116.230317 -116.242410 -116.230821 -116.229676 -116.246720 -116.228944 -116.221088 -116.241233 -116.256545 -116.218620 -116.205140 -116.244108 -116.248236 -116.228551 -116.227696 -116.240838 -116.205073 -116.236057 -116.238184 -116.259097 -116.241011 -116.202377 
-116.211640 -116.243405 -116.216020 -116.214030 -116.220915 -116.245315 -116.207448 -116.253595 -116.235874 -116.203436 -116.242842 -116.224425 -116.259844 -116.238312 -116.242132 -116.241700 -116.248282 -116.206535 -116.240771 -116.247294 -116.221551 -116.253657 -116.256643 
-116.245528 -116.209118 -116.211386 -116.220369 -116.242996 -116.243297 -116.238554 -116.214829 -116.240546 -116.238064 -116.215343 -116.242499 -116.241635 -116.259633 -116.234645 -116.225967 -116.250886 -116.236419 -116.254695 -116.240602 -116.213260 
-116.223631 -116.235908 -116.216223 -116.254159 -116.229670 -116.217387 -116.227418 -116.258663 -116.209841 -116.240833 -116.222753 -116.241829 -116.219609 -116.226453 -116.228508 -116.231803 -116.226692 -116.207069 
-116.248948 -116.215302 -116.230214 -116.228147 -116.248335 -116.232501 -116.244587 -116.238925 -116.252868 -116.219795 -116.221067 -116.205780 -116.254747 -116.228351 -116.202875 -116.229086 -116.236981 -116.217960 -116.206699 -116.250775 -116.249631 -116.213528 
-116.205741 -116.245355 -116.210462 -116.222813 -116.219313 -116.237840 -116.243375 -116.208379 -116.215278 -116.255876 -116.233155 -116.211022 -116.210709 
-116.214026 -116.209585 -116.222341 -116.204075 -116.226495 -116.248409 -116.215352 -116.258543 -116.239523 -116.224623 -116.259415 -116.249228 -116.249131 -116.236070 -116.227399 -116.226049 -116.242167 -116.215188 -116.219683 -116.216033 -116.209013 -116.243362 -116.240898 -116.209783 
-116.210757 -116.222609 -116.220290 -116.226907 -116.224781 -116.254706 -116.246090 -116.206619 -116.218294 -116.241204 -116.254648 -116.206181 -116.230221 -116.210940 -116.206704 
-116.214947 -116.231392 -116.216320 -116.210254 -116.245416 -116.207007 -116.226053 -116.259865 -116.257764 -116.250233 -116.213504 -116.244487 -116.222372 -116.248107 -116.226950 -116.236209 -116.215156 -116.226448 -116.229041 -116.212504 -116.238688 -116.215052 -116.222869 -116.210661 -116.237285 -116.259320 -116.220201 -116.210836 -116.217178 -116.238658 -116.233734 -116.214102 -116.231302 -116.208677 -116.234531 -116.252041 -116.241783 -116.235348 -116.226755 -116.221443 -116.217308 -116.230269 -116.213912 
-116.205538 -116.220652 -116.254923 -116.241620 -116.207878 -116.236220 -116.236501 -116.212868 -116.243260 -116.202912 -116.253166 -116.216900 -116.233626 -116.230376 -116.228129 -116.242537 -116.223599 -116.219985 -116.229743 -116.208961 -116.227112 -116.240475 -116.242116 -116.211856 -116.246850 
-116.220956 -116.224717 -116.218333 -116.220646 -116.226428 -116.212821 -116.213234 -116.240424 -116.249214 -116.232708 -116.217266 -116.237633 -116.243027 -116.259005 -116.202353 -116.244658 -116.213494 -116.220131 -116.242729 -116.223894 -116.216237 -116.260148 -116.243903 -116.220128 -116.237647 
-116.253396 -116.204992 -116.249490 -116.208615 -116.237310 -116.258571 -116.252011 -116.248253 -116.257319 -116.247813 -116.246283 -116.220025 -116.202640 -116.214661 -116.215285 -116.231735 -116.226103 -116.229032 -116.235533 -116.213584 -116.256179 -116.213466 -116.210024 -116.257323 -116.245207 -116.207380 -116.209440 -116.259764 
-116.244857 -116.215734 -116.203960 -116.235298 -116.228772 -116.259477 -116.250477 -116.246693 -116.221907 -116.228271 -116.247708 -116.240399 -116.205417 -116.210566 -116.230333 -116.238871 -116.236607 
-116.220225 -116.240650 -116.221258 -116.238181 -116.249430 -116.231165 -116.210059 -116.226722 -116.206017 -116.222370 -116.243016 -116.221183 -116.233017 -116.240840 -116.256575 
-116.251082 -116.207904 -116.259828 -116.234443 -116.257522 -116.259282 -116.258090 -116.231712 -116.258556 -116.205984 -116.248770 -116.224063 -116.239457 -116.241577 -116.259521 -116.253472 -116.248891 -116.243660 -116.223213 -116.219926 -116.219029 -116.219485 -116.241114 -116.216577 -116.235559 -116.244000 -116.221877 -116.240106 -116.256411 -116.210027 -116.206841 -116.239941 -116.203137 -116.230606 -116.222526 -116.233101 
-116.248632 -116.221585 -116.242017 -116.202808 -116.260105 -116.221807 -116.240768 -116.219424 -116.238306 -116.255406 -116.205996 -116.217068 -116.221773 -116.211370 -116.260146 -116.222765 -116.220913 -116.202785 
-116.209574 -116.205774 -116.226285 -116.221554 -116.247160 -116.249364 -116.255096 -116.248572 -116.258703 -116.230693 -116.214848 -116.259272 -116.223757 -116.203995 -116.214224 -116.248448 -116.227427 -116.249684 -116.211391 -116.255633 -116.257490 -116.230987 -116.235063 -116.206067 -116.237725 -116.254833 -116.221763 -116.212654 
-116.225520 -116.225571 -116.202416 -116.257211 -116.235255 -116.221045 -116.218752 -116.243037 -116.203763 -116.220442 -116.213253 -116.215428 -116.218183 
-116.242814 -116.228194 -116.242695 -116.251226 -116.213020 -116.227692 -116.219048 -116.249189 -116.203755 -116.212610 -116.202924 -116.207888 -116.215283 -116.259667 
-116.224495 -116.255754 -116.250172 -116.238231 -116.209402 -116.211253 -116.233923 -116.221010 -116.245343 -116.246359 -116.214939 -116.213208 -116.243851 -116.259687 -116.223214 -116.254446 -116.259019 -116.254821 -116.216411 
-116.256609 -116.222509 -116.228395 -116.203466 -116.212766 -116.216760 -116.243797 -116.247719 -116.212376 -116.249825 -116.211657 -116.257660 -116.222967 -116.223876 -116.218985 -116.229614 -116.241190 -116.240273 -116.209907 -116.221802 -116.252307 -116.204906 -116.239423 -116.216985 -116.223319 -116.216479 -116.210275 -116.216879 -116.217858 -116.219165 -116.221957 -116.247287 -116.242990 
-116.223442 -116.255034 -116.213727 -116.225728 -116.225030 -116.247073 -116.241009 -116.211754 -116.233275 -116.228964 -116.255198 -116.252137 -116.238986 -116.214125 -116.256595 -116.209721 -116.255785 -116.210003 -116.221450 -116.232775 -116.204901 
-116.247622 -116.213699 -116.230725 -116.238039 -116.217040 -116.238273 -116.218262 -116.223446 -116.204042 -116.249030 -116.254530 -116.251300 -116.229545 
-116.245465 -116.207771 -116.207161 -116.255279 -116.237429 -116.244524 -116.214035 -116.218594 -116.234027 -116.255413 -116.240634 -116.224680 -116.213573 -116.229538 -116.249434 -116.251736 -116.239769 -116.213601 -116.203570 -116.252380 -116.257928 -116.258661 -116.225068 -116.240241 -116.258183 -116.225989 -116.243690 -116.227157 
-116.203099 -116.219507 -116.245230 -116.208041 -116.219127 -116.246523 -116.220164 -116.247917 -116.245037 -116.235253 -116.232470 -116.250610 -116.254867 -116.249472 -116.242424 -116.244093 -116.224572 -116.241620 -116.212990 -116.208002 -116.215789 -116.232203 -116.213391 -116.244532 -116.219627 -116.208074 -116.237224 -116.206111 -116.219637 -116.235807 -116.236267 -116.238811 -116.223586 -116.260079 -116.253551 -116.209725 -116.212758 
-116.231011 -116.215358 -116.230809 -116.206232 -116.218752 -116.238707 -116.218062 -116.247008 -116.205066 -116.249633 -116.246307 -116.219373 -116.218238 -116.215146 -116.211017 -116.225070 
-116.207609 -116.236480 -116.212678 -116.249115 -116.253849 -116.217115 -116.216632 -116.246633 -116.242998 -116.249376 -116.247083 -116.225060 -116.249208 -116.206877 -116.212174 -116.207590 -116.223585 -116.225014 -116.250074 -116.210276 -116.241160 -116.250317 -116.216941 -116.236788 -116.222681 -116.251460 -116.218032 -116.226926 -116.254477 -116.252673 -116.208839 -116.220821 -116.255503 
-116.233892 -116.234116 -116.221299 -116.237893 -116.206746 -116.234076 -116.238078 -116.235064 -116.242624 -116.237337 -116.219652 -116.257271 -116.202342 -116.256230 -116.222272 -116.207622 -116.225868 -116.231980 -116.243002 -116.250294 -116.219383 -116.257054 -116.243881 -116.235717 -116.232558 -116.238246 -116.247916 -116.215395 
-116.256457 -116.242682 -116.254765 -116.257716 -116.206813 -116.204237 -116.246684 -116.259247 -116.240480 -116.206270 -116.210648 -116.226294 -116.247472 -116.210766 -116.207977 -116.210398 -116.204754 -116.223911 -116.212227 -116.243587 -116.251234 
-116.226230 -116.239387 -116.232677 -116.242170 -116.245344 -116.237765 -116.246193 -116.256581 -116.241875 -116.216943 -116.218406 -116.237768 -116.208273 -116.243484 -116.256626 -116.255552 -116.248135 -116.225285 -116.227844 -116.249906 -116.202760 -116.234353 
-116.229813 -116.215407 -116.225978 -116.245706 -116.247868 -116.219968 -116.228013 -116.222100 -116.237023 -116.227674 -116.205292 -116.254334 -116.227526 -116.252330 -116.217475 -116.212651 -116.258918 -116.240653 
-116.237323 -116.204860 -116.213007 -116.220691 -116.239216 -116.216610 -116.221519 -116.245897 -116.233686 -116.251606 -116.237044 -116.241830 -116.232645 -116.243881 -116.254347 -116.235217 -116.239622 -116.219420 -116.224074 -116.243094 -116.225672 -116.233021 -116.205824 -116.256210 -116.252051 -116.222118 -116.204505 -116.249821 -116.251858 -116.225701 -116.239080 -116.208520 -116.219984 -116.235522 
-116.221233 -116.227523 -116.238307 -116.248000 -116.257906 -116.223299 -116.211207 -116.215111 -116.250417 -116.204583 -116.247883 -116.257317 -116.229966 -116.211308 -116.215928 -116.254136 
-116.244863 -116.228020 -116.250424 -116.219612 -116.255990 -116.241522 -116.224579 -116.247671 -116.233764 -116.232453 -116.227103 
