  0.174489 208.099592
  0.173233 214.498532
  0.175667 187.535112
  0.169695 202.366694
  0.173109 176.311737
  0.183826 184.674734
  0.162517 205.462240
  0.167596 203.706204
  0.170944 199.664554
  0.176990 206.773914
  0.169035 215.369497
  0.168817 198.743378
  0.174608 213.938374
  0.181309 229.765310
  0.172114 178.582468
  0.172412 186.933521
  0.169057 216.527940
  0.175385 247.678189
  0.166228 198.117290
  0.169547 231.706626
  0.168452 201.308941
  0.165660 177.146603
  0.164721 214.662683
  0.174105 191.663724
  0.173317 219.878463
  0.168578 195.484369
  0.184022 210.762793
  0.160106 194.456843
  0.168347 194.569750
  0.172599 192.130101
  0.168512 199.768449
  0.169671 191.493143
  0.171898 207.282106
  0.173560 195.952507
  0.166569 224.940975
  0.167182 189.400067
  0.161834 201.263283
  0.161732 223.821924
  0.166975 202.650682
  0.175733 203.299322
  0.186219 197.059984
  0.181651 186.266960
  0.170183 248.171081
  0.174264 212.703455
  0.173932 170.851167
  0.185261 224.650006
  0.170084 208.346606
  0.175631 228.978767
  0.169252 210.252005
  0.158644 207.678409
  0.169520 194.599797
  0.166741 211.302149
  0.167769 216.965878
  0.166697 200.625269
  0.170176 210.420252
  0.161363 212.335656
  0.159253 209.764099
  0.171429 204.954600
  0.175796 205.752126
  0.164481 205.372218
  0.165086 195.983548
  0.178917 178.823641
  0.176380 207.030978
  0.172213 211.089650
  0.166694 238.355034
  0.173590 216.527214
  0.172106 202.974716
  0.163351 213.163749
  0.179868 201.029465
  0.165414 195.151612
  0.176211 196.979567
  0.167864 202.312258
  0.182709 190.906241
  0.174554 211.409015
  0.176352 193.696196
  0.166763 203.793634
  0.167974 235.445646
  0.178033 203.441624
  0.163635 203.259797
  0.168905 185.019704
  0.168433 183.512060
  0.168366 199.033919
  0.177938 203.695009
  0.172345 228.909606
  0.165339 212.097252
  0.166280 180.722869
  0.167177 188.550475
  0.189284 211.913793
  0.171189 213.338790
  0.171298 201.996225
  0.172828 214.527265
  0.165561 208.198338
  0.182211 194.552207
  0.176573 215.979402
  0.171648 224.893200
  0.171678 186.416540
  0.170167 173.976174
  0.166988 218.453407
  0.164538 200.840144
  0.171016 193.808337
