 0.110203  0.727186
-0.272840  0.773561
 0.057694  1.386794
 0.433653  0.948716
-0.041263  0.641228
-0.175165  0.652148
-0.484230  1.281337
-0.466438  0.744414
-0.080453  1.014033
-0.229017  1.273430
-0.726652  1.452237
-0.407029  1.456134
-0.174681  0.409054
-0.082305  0.343071
-0.071802  0.813541
-0.269320  0.800414
-0.137029  1.040441
-0.075694  1.636806
 0.007560  0.781732
 0.351669  0.776913
 0.114499  0.833110
-0.068804  1.255484
-0.131873  1.147657
 0.067802  1.522022
 0.359548  1.384573
 0.082361  1.495708
 0.166986  0.722411
-0.311399  0.890894
 0.185556  1.018320
-0.209765  0.551429
-0.398886  0.614172
 0.021750  0.707304
 0.187036  0.868700
-0.232003  0.400444
-0.181778  1.000984
-0.006396  0.785786
-0.263605  1.627203
-0.192297  0.628148
-0.206015  0.663876
-0.246857  0.951418
-0.052751  1.031481
-0.337662  0.923818
-0.454722  0.900707
-0.480155  0.889884
-0.210561  1.185726
-0.241993  1.548541
-0.381020  1.136887
-0.280709  1.740157
 0.350693  2.380328
-0.006774  2.047417
 0.140224  0.644054
-0.032998  0.661076
-0.243863  1.346339
-0.327520  2.010318
-0.239681  0.686609
-0.161506  0.664975
 0.146449  0.694841
 0.102491  0.883334
-0.017544  1.198199
 0.306074  1.417746
 0.219033  1.004964
 0.140093  0.996737
 0.309563  0.776619
 0.247224  0.957806
-0.163842  0.805249
-0.043334  0.662555
-0.293060  0.331331
-0.311810  0.813388
-0.141674  0.556419
-0.276208  1.233380
-0.123478  0.700693
-0.244827  0.720466
-0.027749  0.837810
-0.258014  0.871305
-0.342396  0.980495
 0.093544  0.479120
 0.094872  1.058378
-0.197987  0.746586
 0.137701  1.021117
 0.000132  0.408965
-0.010378  0.663382
 0.370558  0.974662
-0.026846  1.248602
 0.396496  1.024332
 0.669899  0.877648
 0.400275  0.998259
-0.325444  0.746545
 0.231792  1.116720
 0.200156  1.086460
-0.048394  1.158072
-0.249907  0.717809
 0.264902  0.492501
 0.120052  0.797539
 0.114985  1.007790
-0.179352  0.631950
 0.201059  1.463901
 0.288332  0.969464
 0.051851  1.094675
 0.454788  1.037070
 0.515494  1.885857
