 94.377685 955.875944
101.419967 955.107949
 60.576516 955.699942
 63.230466 957.879072
105.279178 954.144922
 74.210685 948.244030
 65.214015 956.666315
 53.426753 957.539847
100.562090 955.809231
101.774664 959.746409
102.277132 958.116733
 67.597010 955.031161
 63.235746 960.740880
 66.063215 954.453418
142.137558 953.731350
 88.608372 958.099990
 72.744019 952.407704
 64.908823 955.438064
 86.064666 954.563861
 84.617847 955.621107
 57.279225 955.612262
 95.473995 959.223113
 91.164913 961.220211
 91.852374 954.686096
 69.124606 957.406361
104.212092 956.656377
 84.852983 952.231672
 84.742204 956.018441
 66.435516 950.652028
 73.256838 950.267821
103.464840 959.842083
 85.287976 956.559504
 77.237299 958.967155
 67.239256 950.077805
 73.638991 959.071281
 84.044396 956.049815
 81.313248 955.095124
 90.312891 954.491533
 81.143523 957.297415
 76.503519 951.988858
 62.334977 952.789197
 62.492932 949.692545
 70.344813 958.913366
 95.276333 954.385913
 92.915864 957.313377
 74.331817 956.410453
 82.898011 957.215160
 50.494284 956.483748
 60.876735 961.537673
 82.370931 958.057849
 78.782519 961.204821
 43.848653 953.795892
 61.984089 957.674252
 48.102421 956.714875
 64.284872 954.647158
 94.424693 958.266883
 51.078343 951.376952
 85.724555 958.875861
 66.036079 961.446214
 89.288075 955.757250
 71.910759 957.055381
 53.448858 951.984967
 59.557105 960.566551
 80.021723 958.171732
 84.803448 957.924558
 73.445287 957.406579
 85.901400 954.704377
 46.645397 955.521931
 78.853126 956.201432
 59.113258 947.630490
 76.801775 958.772408
100.610806 954.121652
 64.085282 956.464559
 63.320343 959.295918
 56.773538 955.583826
 69.538958 961.659013
 80.719557 958.527146
 58.559877 951.385983
 58.596334 961.055348
 86.953341 946.360615
 68.082618 953.402965
 71.823342 952.075825
 69.060785 950.619126
121.814184 955.649019
 76.639271 959.496422
 85.801791 949.091810
 71.061030 952.095695
 70.937877 952.147953
 70.436659 960.722174
 59.508587 957.716554
 74.690587 957.237498
 53.353115 959.834183
 75.687197 952.754843
 92.345520 952.374018
 60.823333 956.485640
 72.576656 957.151206
 58.091723 951.958987
 72.566532 956.816339
108.280764 956.423815
 87.999099 954.350501
