35.859275 35.884431 35.845009 35.877550 35.884481 35.848492 35.886368 35.859408 35.871950 35.884844 35.857370 35.872066 35.880351 35.886703 35.852974 35.863915 
35.871882 35.858623 35.842573 35.860540 35.878559 35.874781 35.856629 35.849556 35.864862 35.852265 35.862251 35.844429 35.858843 
35.846981 35.858725 35.852020 35.882317 35.879468 35.858021 35.842659 35.872100 35.882817 35.886330 35.876796 35.867231 35.851075 35.860819 35.891578 35.849536 35.876447 35.868496 
35.857089 35.842722 35.852816 35.880849 35.880910 35.872061 35.843924 35.885821 35.869696 35.862571 35.848400 35.887012 35.870331 35.841365 35.854906 35.888782 
35.869499 35.878796 35.891474 35.865800 35.855009 35.867690 35.845471 35.854919 35.877207 35.887172 35.891429 35.890612 35.843249 35.855568 35.891632 
35.885422 35.875790 35.855115 35.865121 35.853178 35.867134 35.885060 35.882402 35.878848 35.884156 35.867589 35.883197 35.891396 35.860652 35.847107 35.842064 35.882575 35.850450 35.889269 35.872380 35.867439 35.847613 35.866407 35.877999 35.872777 35.841468 
35.842028 35.868237 35.867385 35.886940 35.882014 35.883955 35.853894 35.850267 35.869728 35.877761 35.878059 35.872443 35.880778 35.881898 35.883554 35.843386 
35.855115 35.851216 35.877645 35.855036 35.880660 35.887477 35.886354 35.864868 35.845632 35.879883 35.868625 35.880755 35.867345 35.862344 35.871186 35.858951 35.841049 35.858303 35.873935 35.852708 35.850655 35.857632 35.890843 35.856759 35.851150 35.857709 
35.843299 35.841005 35.871048 35.877615 35.870961 35.870135 35.869314 35.853645 35.852759 35.880833 35.847696 35.863465 35.865305 35.845839 35.843017 35.841038 35.880719 35.867263 35.867867 
35.841943 35.871991 35.881978 35.847046 35.871105 35.840730 35.882352 35.863781 35.882766 35.853150 35.876517 35.889744 35.853769 35.870377 35.887999 35.882549 
35.872810 35.847874 35.875729 35.871408 35.858150 35.859015 35.853063 35.865270 35.847731 35.860235 35.889978 35.863458 35.864821 35.847607 35.879503 35.841399 35.861437 35.847407 
35.884600 35.875603 35.849077 35.890401 35.870656 35.888404 35.864276 35.843352 35.883946 35.849874 35.859539 35.883551 35.865822 35.867230 35.871612 35.845556 35.889037 35.857491 35.862565 35.864687 35.886283 35.884535 35.851124 35.861773 35.869424 35.866025 35.845691 
35.861148 35.881025 35.851200 35.861679 35.867819 35.859835 35.881347 35.861798 35.873460 35.880402 35.848506 35.868717 35.861236 35.880714 35.876608 35.864956 35.840980 35.854660 35.878634 35.883279 35.859782 35.877627 35.882070 35.858010 35.852464 35.877313 35.881245 35.857893 35.880615 35.891353 35.869928 
35.856592 35.842002 35.843898 35.868732 35.857953 35.876883 35.888279 35.882259 35.840628 35.850837 35.855135 35.874919 35.872982 35.888493 35.867813 35.846237 35.857895 35.866051 
35.878798 35.842015 35.882495 35.864074 35.871850 35.889296 35.887711 35.850797 35.852428 35.859956 35.864412 35.853181 
35.873817 35.842880 35.854715 35.867512 35.849254 35.855911 35.846336 35.875929 35.842928 35.882037 35.872234 35.883468 35.845996 35.856688 35.854854 35.845752 35.892124 
35.876976 35.848453 35.865606 35.857038 35.870727 35.858984 35.844937 35.846781 35.875326 35.872769 35.865169 35.856807 35.855991 35.884349 35.881848 35.859138 35.845003 35.890574 35.853442 35.859581 35.854931 35.855478 35.847593 35.877043 35.879910 
35.864880 35.868476 35.848010 35.882095 35.840516 35.848718 35.859508 35.850320 35.874960 35.840857 35.882845 35.845197 35.856172 35.865824 35.879698 35.856974 35.860607 35.853048 35.850685 35.862346 
35.865447 35.881096 35.849315 35.889709 35.845749 35.881817 35.860560 35.868444 35.873152 35.872165 35.843539 35.856020 35.859994 35.851544 35.860052 35.843694 35.848674 35.874854 35.852517 
35.861842 35.887684 35.859761 35.854188 35.869187 35.857631 35.876023 35.872365 35.887762 35.865306 35.862490 35.859902 35.855888 35.852704 35.872853 35.849825 35.866866 
35.867695 35.863909 35.879698 35.870124 35.861223 35.870513 35.865952 35.856923 35.891030 35.864403 35.877020 35.860918 35.875317 35.891419 35.840528 35.856724 35.850949 35.887371 35.883031 35.860401 
35.866584 35.874135 35.853307 35.887407 35.882319 35.846415 35.842862 35.850187 35.854475 35.849930 35.862964 35.874901 35.845187 35.845947 35.862739 35.885447 35.862513 35.866787 35.886305 35.879402 35.863623 35.885284 35.852651 
35.888822 35.876588 35.852659 35.857150 35.851601 35.844394 35.880963 35.888472 35.864833 35.872758 35.867386 35.882095 35.844989 
35.863405 35.841440 35.876517 35.864271 35.886323 35.844324 35.885960 35.876478 35.851464 35.880296 35.848990 35.856736 35.861059 35.879372 35.890061 35.886402 35.883221 35.846778 
35.851655 35.847299 35.871431 35.867926 35.877544 35.847707 35.880881 35.846263 35.871381 35.848267 35.854909 35.880269 35.848919 35.852040 35.861169 
35.883343 35.864396 35.847775 35.872766 35.882360 35.842353 35.891175 35.867027 35.871808 35.891313 35.847944 35.872474 35.869928 35.844338 35.886537 35.876581 35.860502 35.886854 35.881402 35.873080 35.890496 35.846835 35.844169 35.883796 
35.876965 35.877874 35.885472 35.886736 35.889481 35.858953 35.859279 35.841308 35.869542 35.890698 35.860227 35.851313 35.890649 35.851061 35.861803 35.850472 35.888394 35.844239 35.883981 35.883369 
35.881167 35.875458 35.885397 35.847102 35.870168 35.858300 35.874409 35.867487 35.841322 35.859977 35.845505 35.886667 35.867074 35.883023 35.856205 35.867516 35.861235 35.865498 35.841829 35.855220 35.858877 35.890494 35.847602 35.891246 35.849026 35.870159 35.864707 35.880665 
35.881587 35.848136 35.883352 35.884185 35.867856 35.855256 35.876069 35.876960 35.866047 35.841230 35.879629 35.876461 35.886742 35.846757 35.844143 35.892266 35.874611 35.858040 35.882294 35.865743 35.887440 35.850667 35.891178 35.885436 35.880617 35.847497 35.846542 
35.845534 35.881026 35.872463 35.872993 35.856139 35.860708 35.880318 35.848416 35.870412 35.851724 35.876022 35.862276 35.881790 35.856591 35.851863 35.863313 35.861144 35.860305 35.887570 35.887729 35.886155 35.858646 35.845294 35.852486 
35.887340 35.854033 35.890171 35.888610 35.847192 35.870138 35.865329 35.851904 35.872090 35.890751 35.891506 35.867182 35.858827 35.842645 35.845456 35.863433 35.847559 
35.880556 35.868952 35.845782 35.887911 35.875710 35.866057 35.892314 35.849310 35.882117 35.880925 35.858487 35.840991 35.870536 35.871007 35.890791 35.846619 35.889641 35.863571 35.868014 35.851188 35.887389 35.849496 35.859773 35.853991 35.856971 35.855703 
35.872932 35.843681 35.846706 35.856556 35.874394 35.873628 35.841879 35.880424 35.842039 35.885640 
35.873520 35.867486 35.876149 35.878617 35.855306 35.857404 35.885726 35.848409 35.876284 35.859920 35.889162 35.843493 35.871690 35.864783 35.869158 35.856697 35.849286 35.890710 
35.847812 35.861439 35.861802 35.853789 35.881848 35.875341 35.865528 35.867619 35.886470 35.871012 35.842084 
35.880063 35.859786 35.873929 35.842148 35.840828 35.866718 35.877198 35.860014 35.865709 35.849813 35.844319 35.848862 35.871053 35.849546 35.882467 
35.849489 35.879807 35.840960 35.872087 35.868575 35.876385 35.843891 35.873648 35.874381 35.889874 35.875463 35.862202 35.841984 35.844506 35.883585 35.884896 35.844183 35.877466 35.891086 35.848090 35.856831 35.845638 35.888920 35.888885 
35.852566 35.881464 35.870219 35.891899 35.879487 35.854415 35.848825 35.855333 35.853668 35.875917 35.885675 35.861191 35.890592 35.887153 35.863029 35.883818 35.849646 35.879897 35.849640 35.845110 35.879427 35.889849 
35.863252 35.880410 35.871151 35.862883 35.883931 35.869675 35.851924 35.868594 35.852983 35.851296 35.867070 35.848670 35.841850 35.864729 35.844207 
35.862706 35.869747 35.884124 35.881273 35.844923 35.883750 35.865181 35.861604 35.892104 35.877788 35.888407 35.850659 35.887974 35.842412 35.869457 35.874786 35.867945 35.872574 35.842475 35.845285 35.847911 35.859687 35.868191 35.851048 35.861221 35.840569 35.841285 35.870430 35.843677 35.879876 35.885269 35.869553 35.886491 35.840641 35.863794 
35.863650 35.856659 35.872589 35.877010 35.840397 35.871004 35.866377 35.841747 35.881453 35.856526 35.868026 35.886167 35.883261 35.867384 35.857490 35.868585 35.865711 35.881653 35.883614 35.885734 35.847324 35.874347 35.881016 35.889529 35.891563 35.877429 35.863789 35.883457 35.875501 35.845268 35.889599 35.880939 
35.863467 35.871575 35.878915 35.843803 35.866056 35.872671 35.884503 35.859411 35.881786 35.867061 35.883422 35.858413 35.864991 35.861723 35.871898 35.858702 
35.850145 35.847422 35.882873 35.856653 35.872941 35.885068 35.877189 35.847982 35.870011 35.855765 35.865427 35.867957 35.879578 35.841720 35.855532 
35.881470 35.849465 35.858991 35.865008 35.868868 35.861914 35.889098 35.843293 35.856840 35.860074 35.872596 35.870439 35.881057 35.841298 35.841810 35.853803 35.880339 35.891164 35.844110 35.855794 35.886191 35.872815 35.855368 35.890703 35.885528 35.843424 35.857449 35.882955 35.846318 35.872811 35.888943 35.877663 35.853264 35.841081 35.847291 35.890555 
35.863497 35.844172 35.877937 35.861388 35.889005 35.841681 35.880124 35.860639 35.843837 35.869926 35.871010 35.862694 35.858640 35.857659 35.877615 35.875719 35.863098 35.864422 
35.880807 35.891625 35.875094 35.884250 35.850415 35.864199 35.854412 35.867812 35.878479 35.847101 35.875159 35.875187 35.887911 35.863585 35.843831 35.891020 35.848862 35.882121 35.884239 35.890942 35.855543 35.872603 
35.847901 35.856999 35.873268 35.858276 35.864091 35.877603 35.870270 35.880741 35.851117 35.886727 35.880530 35.875255 35.848165 35.841465 35.841943 35.848521 35.866588 35.848199 35.882254 
35.884883 35.869226 35.870411 35.850504 35.873421 35.865969 35.866529 35.852847 35.846166 35.844993 35.879668 35.870149 35.843346 35.845498 35.849580 
35.852418 35.867181 35.841123 35.871185 35.884776 35.841895 35.864458 35.869050 35.867803 35.889315 35.876090 35.841022 35.863249 35.846667 35.850827 35.852272 35.876679 35.841439 35.842370 35.877232 35.867198 35.853020 
35.865547 35.843198 35.866482 35.855274 35.885085 35.852966 35.888621 35.873267 35.843920 35.885097 35.857777 35.875828 35.867187 35.865599 
35.850388 35.844878 35.886978 35.881878 35.869482 35.864757 35.853189 35.851249 35.869775 35.855064 35.841709 35.842052 35.876038 35.873768 35.847337 35.856066 35.887426 35.869269 35.850246 35.875390 35.872670 35.850312 35.871348 35.848505 
35.842499 35.868401 35.850155 35.845174 35.880762 35.868913 35.882625 35.845270 35.854032 35.851827 35.882717 35.881297 35.852424 35.862888 35.887173 35.861218 35.876135 35.866157 35.849724 35.867125 35.871671 35.888407 35.866149 35.850745 35.863406 35.855897 35.873606 35.862711 35.866887 35.842743 35.868303 35.872300 35.864011 35.852426 35.864076 35.872551 35.884258 35.847468 35.867108 35.850902 
35.860828 35.854960 35.854332 35.890379 35.866886 35.883962 35.844704 35.862356 35.867234 35.875844 35.887899 35.875477 35.875523 35.865882 35.856717 35.849344 35.858782 35.860324 35.856421 35.872652 35.883175 35.852438 35.854347 35.860613 35.879916 35.882780 35.851725 35.849975 35.864663 
35.869531 35.882117 35.871608 35.869376 35.843163 35.852465 35.882869 35.841242 35.880275 35.850106 35.871251 35.854154 35.876494 35.876196 35.882489 35.844823 35.852986 35.890987 35.875684 35.854739 35.854825 35.859248 35.865919 
35.856547 35.872575 35.841983 35.889964 35.890164 35.855472 35.848797 35.870186 35.879578 35.876547 35.875367 35.868663 35.854009 35.891240 35.873259 35.856154 35.871617 35.846899 35.885153 35.868281 35.855233 35.887273 35.846760 35.848564 35.859415 35.879686 35.841706 35.862471 35.857576 35.865402 35.864067 35.891119 35.879027 35.851452 35.866215 35.869609 35.845706 35.872177 35.887566 35.842866 35.847406 35.871724 35.844469 
35.860570 35.855699 35.872295 35.867501 35.875476 35.844136 35.875234 35.858186 35.863895 35.842887 35.843575 35.851415 35.851447 35.880729 35.883175 35.844174 35.862504 35.870849 35.876608 35.868533 35.863178 35.866010 35.848559 35.871861 35.844924 35.848633 
35.851980 35.872451 35.886402 35.863755 35.862248 35.857661 35.840415 35.847817 35.844870 35.889129 35.890023 35.848967 35.866752 35.861781 35.876612 
35.860858 35.855251 35.861365 35.873016 35.841844 35.873910 35.861802 35.851853 35.883961 35.856088 35.847506 35.887184 35.854467 35.844506 35.865552 35.841347 35.843847 35.862066 35.855245 35.851116 35.860353 35.858683 35.843523 35.889440 35.875726 35.853106 
35.841483 35.878108 35.848420 35.841061 35.856874 35.891872 35.867298 35.854724 35.868072 35.842675 35.890209 35.868200 35.841937 35.864203 35.864163 35.862810 35.847962 35.866424 35.880674 
35.874394 35.873291 35.869567 35.863739 35.890662 35.862703 35.860402 35.858040 35.884725 35.877361 35.841215 35.855170 35.873161 35.884564 
35.866242 35.861159 35.879322 35.852141 35.861724 35.886214 35.888426 35.887562 35.862449 35.856966 35.842213 35.891091 35.892188 35.842125 35.853591 35.857171 35.880797 35.847385 35.842220 35.847648 
35.890507 35.841674 35.886998 35.862015 35.846748 35.843453 35.847381 35.870460 35.869602 35.856056 35.888153 35.859088 35.887958 35.878326 35.874629 35.852496 35.846997 35.863953 35.846046 35.884893 35.846119 35.888975 35.867440 35.848124 35.857127 35.858471 35.864729 35.886932 35.887433 35.865921 35.874586 35.858241 35.848047 
35.878890 35.878510 35.843073 35.861894 35.852837 35.887731 35.843135 35.877949 35.859648 35.873912 35.863528 35.849565 35.885215 35.886306 35.863363 35.878259 35.841664 35.860854 35.844876 35.868240 35.852963 35.848290 35.851592 35.860165 
35.878667 35.858555 35.845463 35.856214 35.869112 35.871827 35.884513 35.858845 35.842941 35.857348 35.843003 35.859897 35.864867 35.867027 35.859917 35.861496 35.855130 35.869325 35.855419 
35.863726 35.858421 35.875548 35.889293 35.885554 35.862426 35.882476 35.887233 35.883709 35.886951 35.862557 35.840431 35.843081 35.848664 35.887184 35.872385 35.849839 35.864804 35.855545 35.846371 35.860426 35.886208 35.879541 35.853417 35.861250 35.866991 35.862436 35.841795 35.852786 35.883401 
35.856536 35.848188 35.869931 35.881549 35.847337 35.874026 35.884741 35.863675 35.865828 35.847387 35.841924 35.847106 35.849604 35.869922 35.840640 35.884311 35.850011 
35.890511 35.877959 35.857275 35.874673 35.855228 35.863468 35.887605 35.847975 35.855553 35.883705 35.886496 35.882091 35.856981 35.862622 35.844590 35.880883 35.876919 35.890344 35.868938 35.869107 35.881709 35.878000 35.840654 35.857447 35.850523 35.881917 35.860381 35.865852 
35.877877 35.882970 35.864653 35.864321 35.871440 35.849837 35.885957 35.848681 35.888284 35.872055 35.845651 35.847125 35.843105 35.850023 35.873940 35.849027 35.872370 35.861598 35.848149 35.888480 35.847701 35.874446 35.877615 
35.851415 35.862926 35.853758 35.888518 35.862788 35.888357 35.850902 35.858943 35.884113 35.868450 35.847878 35.845430 35.854960 35.855672 35.868117 35.888048 35.848145 35.876530 35.854557 35.890774 35.865088 
35.867881 35.855657 35.854400 35.866535 35.858456 35.874158 35.864401 35.878707 35.883589 35.887435 35.868363 35.876236 35.842290 35.875476 35.849239 35.877924 35.861608 35.844775 
35.850287 35.880509 35.859846 35.855639 35.852152 35.874231 35.878315 35.848322 35.870623 35.883266 35.853629 35.853482 35.866771 35.856363 35.864427 35.854226 35.845813 35.879227 35.849134 35.849170 35.876910 35.859023 
35.866788 35.864141 35.881688 35.884685 35.847983 35.892289 35.878657 35.861681 35.841768 35.857442 35.868523 35.870338 35.885647 
35.870949 35.870487 35.887215 35.840714 35.843154 35.864023 35.868629 35.873459 35.855495 35.890094 35.877624 35.880584 35.846846 35.873708 35.848331 35.892239 35.858773 35.861397 35.892094 35.842958 35.883805 35.857305 35.881773 35.863095 
35.874572 35.863791 35.876077 35.856827 35.887236 35.862349 35.849921 35.867590 35.876353 35.890902 35.876325 35.844243 35.860099 35.876714 35.872862 
35.890842 35.891015 35.850222 35.845295 35.882917 35.865851 35.847171 35.862728 35.877468 35.880070 35.861299 35.858514 35.886905 35.865882 35.863147 35.870767 35.884078 35.880670 35.840894 35.885707 35.874845 35.849974 35.885576 35.845059 35.858818 35.879008 35.852722 35.852565 35.880617 35.887643 35.874331 35.853322 35.856179 35.842640 35.856386 35.874884 35.869642 35.856809 35.845803 35.884087 35.867864 35.841446 35.859796 
35.841951 35.844599 35.841396 35.885467 35.887914 35.846088 35.871821 35.871118 35.863025 35.846335 35.869234 35.881155 35.841626 35.870646 35.854822 35.861073 35.880958 35.866690 35.844678 35.885267 35.852736 35.863234 35.860375 35.891245 35.891353 
35.855288 35.851668 35.879775 35.863152 35.850501 35.892154 35.885208 35.865089 35.885366 35.873186 35.858161 35.858662 35.871866 35.863803 35.864120 35.845007 35.847785 35.870983 35.855236 35.845367 35.873687 35.865636 35.853777 35.850793 35.858841 
35.888120 35.875513 35.841137 35.862332 35.853259 35.848563 35.877546 35.863558 35.877590 35.854601 35.876784 35.880930 35.868984 35.880970 35.881354 35.876171 35.883491 35.849042 35.853193 35.854131 35.860298 35.873271 35.841598 35.856222 35.881447 35.886387 35.865256 35.866120 
35.881807 35.876791 35.848597 35.885441 35.845762 35.851856 35.860794 35.851456 35.877541 35.885758 35.841727 35.852615 35.867271 35.877167 35.887144 35.853503 35.867611 
35.877188 35.857777 35.857694 35.871654 35.861072 35.855205 35.866096 35.848026 35.864504 35.887873 35.875839 35.849402 35.850367 35.876048 35.884235 
35.852630 35.852940 35.847945 35.864450 35.873437 35.870134 35.873325 35.855945 35.850402 35.873513 35.864502 35.882162 35.851970 35.866551 35.857719 35.853661 35.877922 35.852980 35.851743 35.863895 35.844881 35.873523 35.850947 35.844944 35.848301 35.874718 35.877002 35.887089 35.865525 35.852492 35.855532 35.888443 35.879650 35.849283 35.888907 35.863452 
35.866772 35.881004 35.875443 35.891001 35.880424 35.890117 35.852028 35.855827 35.852228 35.850619 35.887227 35.880331 35.874332 35.870318 35.867012 35.864524 35.853042 35.891774 
35.850410 35.870565 35.843785 35.852379 35.846145 35.870795 35.842052 35.881886 35.888546 35.858762 35.886407 35.890436 35.882006 35.843442 35.843935 35.856590 35.860058 35.865106 35.858181 35.844573 35.848799 35.857581 35.873217 35.860448 35.886466 35.857326 35.866740 35.856174 
35.850743 35.841582 35.840691 35.866882 35.847117 35.881770 35.864082 35.883601 35.883757 35.887411 35.867560 35.865478 35.882994 
35.852284 35.879717 35.873179 35.862513 35.852068 35.880558 35.842407 35.846701 35.850126 35.873855 35.852248 35.867415 35.879841 35.859860 
35.873263 35.864877 35.870605 35.874036 35.848031 35.879111 35.865488 35.841588 35.887810 35.845975 35.843401 35.852913 35.865837 35.881009 35.872759 35.879396 35.841073 35.841660 35.878176 
35.880598 35.866245 35.862503 35.868501 35.882728 35.865578 35.879949 35.876538 35.841285 35.842572 35.861617 35.881059 35.849614 35.887344 35.882644 35.847196 35.844570 35.852800 35.879136 35.845326 35.862058 35.861502 35.852824 35.845634 35.854639 35.869400 35.853986 35.883609 35.858205 35.881520 35.867159 35.853268 35.847169 
35.854045 35.847972 35.884777 35.886915 35.870387 35.855897 35.891173 35.884937 35.861453 35.870461 35.886329 35.883942 35.841712 35.890967 35.848226 35.865361 35.854770 35.868989 35.843281 35.842813 35.846821 
35.844813 35.856288 35.864772 35.876730 35.882192 35.853908 35.861209 35.855165 35.863443 35.856206 35.868850 35.867019 35.869173 
35.880533 35.846437 35.846126 35.885824 35.864221 35.868320 35.877806 35.847828 35.859063 35.877636 35.873003 35.846294 35.851531 35.843854 35.851816 35.880312 35.847788 35.857452 35.862356 35.850970 35.880750 35.884952 35.853140 35.890754 35.858751 35.849369 35.849190 35.854164 
35.868380 35.853595 35.855735 35.868903 35.884509 35.877404 35.874773 35.858479 35.863881 35.874551 35.875583 35.849151 35.862147 35.856974 35.850860 35.845347 35.871947 35.844589 35.872691 35.869660 35.842443 35.841526 35.846507 35.854206 35.881092 35.847028 35.891417 35.887850 35.876807 35.858312 35.840630 35.881811 35.873808 35.884970 35.856623 35.888042 35.886909 
35.852900 35.844328 35.872059 35.868414 35.881992 35.842705 35.870792 35.852275 35.854325 35.872554 35.866343 35.853474 35.881819 35.883105 35.841955 35.840614 
35.869865 35.854272 35.862649 35.890951 35.862032 35.859228 35.888612 35.868412 35.887466 35.855030 35.884554 35.880795 35.858007 35.882512 35.855370 35.868029 35.880776 35.846588 35.857145 35.874002 35.876419 35.851413 35.878821 35.844094 35.861559 35.891611 35.867270 35.845938 35.867464 35.858568 35.855500 35.851999 35.882641 
35.860799 35.857686 35.879148 35.878241 35.859819 35.883747 35.885490 35.873889 35.841705 35.874262 35.851215 35.851910 35.868338 35.847351 35.844742 35.891023 35.841974 35.845260 35.860511 35.866462 35.882754 35.869292 35.881974 35.856739 35.883564 35.877389 35.869597 35.851552 
35.850537 35.875653 35.840490 35.866831 35.876921 35.883107 35.870694 35.889283 35.850773 35.857674 35.872655 35.873729 35.875330 35.842425 35.856513 35.857998 35.885423 35.884267 35.841909 35.842433 35.859283 
35.856365 35.874674 35.882729 35.854386 35.889379 35.855674 35.846032 35.863118 35.872554 35.891659 35.868973 35.851399 35.864546 35.879860 35.888749 35.874676 35.861923 35.882742 35.859648 35.846842 35.867374 35.854068 
35.888080 35.875796 35.865903 35.879188 35.843034 35.852684 35.857190 35.874708 35.843488 35.859873 35.868389 35.871927 35.870789 35.891568 35.847483 35.843789 35.851872 35.888119 
35.890501 35.860088 35.845080 35.843114 35.866942 35.849912 35.879573 35.890847 35.846536 35.882132 35.862947 35.862478 35.868321 35.853367 35.846679 35.850312 35.881877 35.879885 35.850421 35.843882 35.886696 35.859127 35.884432 35.888551 35.872319 35.859547 35.892122 35.878372 35.840508 35.840650 35.853387 35.840861 35.872053 35.856168 
35.880860 35.873149 35.853589 35.886976 35.864670 35.852693 35.889755 35.891375 35.856502 35.880537 35.884323 35.844715 35.851594 35.853603 35.890038 35.888678 
35.850272 35.846959 35.876484 35.855904 35.862102 35.878623 35.891923 35.847048 35.841463 35.888513 35.882457 
