-116.254255 -116.214528 -116.219826 -116.220841 -116.243757 -116.238431 -116.256424 -116.244841 -116.218227 -116.253563 -116.253363 -116.206061 -116.237195 -116.253658 -116.255441 -116.215759 -116.218021 -116.227798 -116.206028 -116.246676 -116.249052 -116.204063 -116.259258 -116.226744 -116.243176 -116.220620 -116.249332 -116.259619 -116.232039 -116.225197 -116.206094 -116.216902 
-116.216596 -116.237609 -116.231993 -116.209213 -116.243757 -116.238418 -116.225010 -116.234412 -116.237782 -116.253932 -116.233742 -116.223934 -116.243839 -116.212384 -116.258658 -116.210911 -116.246067 -116.258931 -116.253705 -116.226353 -116.225871 -116.230666 -116.227461 -116.257035 -116.228409 -116.259239 -116.213284 -116.230427 -116.220635 -116.221159 -116.240302 -116.222156 
-116.215383 -116.211523 -116.204977 -116.248937 -116.243392 -116.210204 -116.252389 -116.232662 -116.227255 -116.249452 -116.248806 -116.251574 -116.215389 -116.247403 
-116.253315 -116.214904 -116.244112 -116.223244 -116.245238 -116.257266 -116.235787 -116.225387 -116.259190 -116.247708 -116.252025 -116.233710 -116.256782 -116.228331 -116.209975 -116.249065 
-116.243886 -116.241403 -116.240706 -116.213200 -116.214499 -116.250574 -116.259854 -116.238596 -116.236863 -116.233682 -116.226239 -116.210380 -116.219411 -116.227504 -116.254024 -116.215763 -116.233582 -116.216134 -116.226712 -116.215634 -116.238116 -116.230916 -116.247128 -116.252044 -116.237092 -116.247868 -116.259747 -116.221380 -116.243784 -116.255252 -116.211588 -116.205613 -116.259494 -116.229790 
-116.248485 -116.207422 -116.246579 -116.246831 -116.248333 -116.229796 -116.235657 -116.251277 -116.259513 -116.241185 -116.243921 -116.254409 -116.234511 -116.202508 -116.222973 -116.248718 -116.258721 -116.205700 -116.233335 
-116.259450 -116.202400 -116.252653 -116.235681 -116.214806 -116.243638 -116.254632 -116.226590 -116.251370 -116.220955 -116.237558 -116.249908 -116.234082 -116.217115 -116.255971 -116.230738 -116.248871 -116.247485 
-116.221041 -116.239115 -116.229293 -116.255177 -116.204656 -116.243111 -116.258307 -116.219287 -116.220128 -116.237331 -116.225003 -116.247852 
-116.208423 -116.235152 -116.247043 -116.205528 -116.238030 -116.237026 -116.258161 -116.247698 -116.246168 -116.244214 -116.244123 -116.235055 -116.240490 -116.226369 -116.205547 -116.211914 -116.234877 -116.216052 -116.258905 -116.247133 -116.217303 -116.211838 -116.256883 -116.243455 -116.243019 -116.217891 -116.241415 -116.258260 -116.211323 -116.250869 -116.258158 -116.213902 
-116.222980 -116.210421 -116.229986 -116.243469 -116.248142 -116.208615 -116.221037 -116.225373 -116.242294 -116.244214 -116.244540 -116.221499 -116.220356 -116.229890 -116.225411 -116.249965 -116.247711 -116.223724 -116.256135 -116.202960 -116.256682 -116.220234 -116.204271 -116.258654 -116.252192 -116.251197 -116.230870 -116.257224 -116.229511 -116.256414 -116.203865 -116.255736 -116.239464 
-116.234013 -116.203995 -116.229723 -116.206567 -116.205819 -116.231069 -116.230448 -116.250793 -116.230886 -116.254584 -116.236062 -116.245722 -116.222529 -116.249788 -116.258346 -116.237033 -116.251348 -116.230766 -116.258537 -116.249739 -116.205696 -116.242863 -116.247049 -116.245984 -116.219407 -116.202442 -116.224465 -116.245139 -116.207550 -116.217954 -116.240954 -116.231521 -116.253074 -116.256021 -116.211752 
-116.230294 -116.243657 -116.213649 -116.255167 -116.258497 -116.251205 -116.229679 -116.229739 -116.209711 -116.250905 -116.218490 -116.244654 -116.247106 -116.245318 -116.232178 -116.248179 -116.237200 -116.229122 -116.214842 -116.224770 -116.232155 -116.220206 
-116.244506 -116.230875 -116.210316 -116.248239 -116.211265 -116.237357 -116.250430 -116.258786 -116.216076 -116.256384 -116.241947 -116.228016 -116.243225 -116.236205 -116.226073 -116.256187 
-116.249177 -116.213129 -116.233217 -116.202362 -116.211825 -116.246227 -116.220876 -116.216165 -116.213393 -116.223332 -116.218484 -116.220061 -116.259899 -116.204635 
-116.216379 -116.212886 -116.255744 -116.226153 -116.233559 -116.217641 -116.237815 -116.210948 -116.233576 -116.228930 -116.215857 -116.244435 -116.235854 -116.245307 -116.207215 -116.227472 -116.205018 -116.220665 -116.208603 -116.221937 -116.207632 -116.206993 -116.206859 -116.257513 -116.206339 -116.215346 -116.247073 -116.237815 -116.258088 -116.225844 -116.211798 -116.257890 -116.229338 -116.212850 -116.218812 -116.208619 -116.228718 -116.235909 -116.209209 -116.204994 -116.238634 -116.228736 -116.222293 -116.212597 -116.256069 -116.249233 -116.212170 -116.234843 -116.235733 
-116.250205 -116.214145 -116.228632 -116.250084 -116.234538 -116.229706 -116.204339 -116.241852 -116.209610 -116.226966 -116.240175 -116.226503 -116.209361 -116.251558 -116.241295 -116.237367 -116.203520 -116.241216 -116.210664 -116.210662 -116.218855 -116.244746 -116.252986 -116.235010 -116.214379 -116.213057 -116.211368 -116.220246 -116.227887 
-116.213423 -116.246730 -116.212738 -116.236475 -116.203855 -116.250144 -116.234160 -116.258222 -116.232550 -116.220570 -116.242478 -116.236352 -116.202674 -116.245149 -116.233573 -116.212118 -116.224156 -116.204733 -116.254476 -116.224202 -116.230491 -116.210106 -116.236793 
-116.239262 -116.249962 -116.230491 -116.210143 -116.211994 -116.217084 -116.227162 -116.218232 -116.229686 -116.252803 -116.204909 -116.244178 -116.245279 -116.217308 -116.204763 -116.259270 -116.225042 -116.258475 
-116.208312 -116.222472 -116.219189 -116.229205 -116.236282 -116.258942 -116.249787 -116.203848 -116.227540 -116.212251 -116.245116 -116.258449 -116.208266 -116.240372 -116.207271 -116.225124 -116.237395 -116.251104 -116.213832 -116.258908 -116.205877 -116.226546 -116.212923 -116.245886 -116.219200 
-116.239760 -116.238779 -116.219361 -116.226491 -116.204040 -116.217224 -116.233624 -116.248723 -116.212047 -116.209966 -116.228704 -116.220832 -116.255565 -116.251155 -116.229409 -116.235052 -116.212130 -116.227690 -116.229811 -116.224503 -116.222428 -116.209720 -116.216556 -116.217098 -116.207909 -116.216009 -116.249491 -116.231818 
-116.219766 -116.204962 -116.222784 -116.220135 -116.244008 -116.240924 -116.224936 -116.226871 -116.220227 -116.208193 -116.259263 -116.252214 
-116.233316 -116.253601 -116.239501 -116.204489 -116.250027 -116.237064 -116.251603 -116.252292 -116.243526 -116.236327 -116.205608 -116.236549 -116.221825 -116.256039 -116.234576 -116.209290 -116.218581 -116.216592 -116.242344 -116.244521 -116.234718 -116.240939 -116.212518 -116.242702 -116.259803 -116.218213 -116.258494 -116.213195 -116.242403 -116.213331 -116.223300 -116.220881 -116.247129 
-116.259361 -116.250766 -116.220844 -116.257535 -116.219694 -116.206169 -116.227323 -116.237278 -116.249281 -116.207177 -116.248339 -116.212262 -116.215994 -116.237382 -116.229483 -116.233440 -116.211453 -116.224246 -116.257065 -116.252668 -116.253843 -116.221433 -116.247137 -116.232888 -116.230762 -116.209402 -116.237444 
-116.257113 -116.225009 -116.251580 -116.220312 -116.208134 -116.231863 -116.238549 -116.226272 -116.207723 -116.259174 -116.256049 -116.222781 -116.233165 -116.234318 -116.245080 -116.216139 -116.254790 -116.225271 -116.213706 -116.224806 -116.206089 -116.256925 -116.218864 -116.202770 -116.224302 -116.242522 -116.250336 -116.207202 
-116.248543 -116.220406 -116.250023 -116.233417 -116.224686 -116.220874 -116.253323 -116.224102 -116.243586 -116.249815 -116.249194 -116.229325 -116.240887 -116.249249 -116.239042 -116.224547 -116.241723 -116.253838 -116.222795 -116.248439 -116.231567 -116.204087 
-116.258703 -116.249221 -116.215092 -116.212345 -116.217124 -116.227000 -116.207484 -116.214391 -116.222164 -116.243661 -116.213718 -116.254963 -116.244642 -116.258929 -116.242782 -116.220744 -116.240711 -116.243866 -116.204522 -116.250997 -116.243136 -116.205216 -116.226674 -116.235739 -116.207093 -116.206163 -116.215608 -116.220397 -116.251965 -116.239401 -116.251208 -116.209763 -116.233425 -116.207858 -116.226465 
-116.202921 -116.252090 -116.211377 -116.206470 -116.209058 -116.215648 -116.215134 -116.220735 -116.245377 -116.258951 -116.249718 -116.241570 -116.240146 -116.221945 -116.257612 -116.224194 -116.210797 -116.214455 -116.235246 -116.242137 -116.234942 -116.247947 -116.254530 -116.240218 -116.203682 -116.219372 
-116.235850 -116.241154 -116.224454 -116.232176 -116.233583 -116.220397 -116.229852 -116.235690 -116.239769 -116.238522 -116.256371 -116.210510 -116.245202 -116.220027 -116.247227 -116.222207 -116.216413 -116.224536 -116.203428 -116.225286 -116.255518 -116.215339 -116.209682 -116.244052 -116.205160 -116.215340 -116.256659 
-116.226105 -116.225790 -116.223836 -116.219949 -116.240339 -116.212663 -116.220667 -116.239054 -116.235213 -116.207099 -116.239318 -116.243505 -116.224862 -116.225341 -116.224713 -116.212470 -116.249778 
-116.229864 -116.204740 -116.245845 -116.243750 -116.222701 -116.210710 -116.227631 -116.249569 -116.255419 -116.244017 -116.224436 -116.255666 -116.227254 -116.226849 -116.203512 -116.205986 -116.249862 -116.217740 -116.218194 
-116.245706 -116.208630 -116.241439 -116.208382 -116.217682 -116.203980 -116.228520 -116.219436 -116.233181 -116.222508 -116.211582 -116.223337 -116.247867 -116.249219 -116.215571 -116.234426 -116.242388 -116.252583 -116.208497 -116.240122 -116.224897 -116.228768 -116.255306 -116.241077 -116.247009 -116.257704 -116.238134 -116.239494 -116.254808 -116.219090 -116.204528 -116.205010 
-116.232938 -116.237176 -116.258773 -116.221344 -116.241416 -116.217435 -116.259804 -116.250609 -116.247848 -116.230981 -116.256282 -116.256158 -116.222549 -116.241427 -116.217647 -116.225943 -116.217947 -116.228097 -116.218256 -116.259630 -116.215285 -116.254017 -116.203690 -116.209532 -116.206319 -116.208361 -116.209164 
-116.209327 -116.230196 -116.235753 -116.210817 -116.210853 -116.237853 -116.244903 -116.216155 -116.221507 -116.221976 -116.216426 -116.231014 -116.244620 -116.233268 -116.245344 -116.238711 -116.223764 -116.206085 -116.253949 -116.256920 -116.223999 
-116.252552 -116.251879 -116.253911 -116.227547 -116.240582 -116.239211 -116.227562 -116.247012 -116.245726 -116.255284 -116.240044 -116.219383 -116.253992 -116.204605 -116.254531 -116.246175 
-116.226649 -116.204282 -116.252910 -116.247916 -116.244485 -116.232985 -116.242863 -116.244565 -116.245726 -116.225052 -116.211629 -116.237580 -116.240945 -116.204592 -116.210310 -116.203629 -116.206763 -116.233307 -116.242863 -116.217601 -116.242949 
-116.227042 -116.240205 -116.207961 -116.203653 -116.259848 -116.221874 -116.222788 -116.240281 -116.245726 -116.249926 -116.234450 -116.204269 -116.220146 -116.203122 -116.248226 -116.209521 -116.213319 -116.236688 -116.211939 -116.227199 -116.238889 -116.257505 -116.257619 -116.250783 -116.212244 
-116.212955 -116.234344 -116.208404 -116.237545 -116.206093 -116.227751 -116.245858 -116.246521 -116.205885 -116.239125 -116.241311 -116.217380 -116.223539 -116.258062 -116.234636 -116.252700 -116.216513 -116.228104 -116.242333 -116.238004 -116.230587 -116.257814 -116.244764 -116.246988 -116.257091 
-116.228209 -116.234036 -116.232022 -116.226801 -116.249519 -116.236573 -116.250708 -116.254218 -116.253114 -116.228649 -116.250649 -116.256438 -116.206987 -116.231472 -116.209728 -116.218557 -116.242833 -116.229434 -116.259445 -116.217812 -116.213403 -116.203197 -116.226966 -116.207307 -116.231226 -116.255145 -116.249264 -116.204677 -116.246987 -116.253007 -116.248184 -116.225441 
-116.217679 -116.242584 -116.259905 -116.246904 -116.236603 -116.238048 -116.249278 -116.211378 -116.217595 -116.253045 -116.230637 -116.202759 -116.252463 -116.231202 -116.210615 -116.257102 -116.225303 -116.252116 -116.221361 -116.242099 -116.240546 -116.244497 
-116.255225 -116.226152 -116.254584 -116.219339 -116.226240 -116.258638 -116.246342 -116.249006 -116.213456 -116.218717 -116.250755 -116.256825 -116.204879 -116.255990 -116.239192 -116.248016 -116.241556 -116.221968 -116.229704 -116.217725 -116.203430 -116.243731 -116.253636 -116.229421 -116.226226 
-116.232848 -116.232030 -116.235579 -116.207879 -116.203443 -116.244053 -116.228325 -116.218584 -116.242396 -116.257789 -116.259956 -116.207057 -116.218671 -116.223364 -116.215232 -116.202629 -116.211496 
-116.202671 -116.247606 -116.225121 -116.237604 -116.207919 -116.242255 -116.219227 -116.214403 -116.254732 -116.215860 -116.204583 -116.221073 -116.243140 -116.244788 -116.231290 -116.206913 -116.251697 
-116.214860 -116.245818 -116.252754 -116.212644 -116.251943 -116.247184 -116.203220 -116.247681 -116.239173 -116.242825 -116.217804 -116.214753 -116.238618 -116.251927 -116.252637 -116.240437 -116.205965 -116.246051 
-116.247412 -116.223176 -116.211080 -116.223070 -116.237014 -116.228034 -116.215747 -116.256653 -116.228013 -116.247291 -116.203705 -116.243386 -116.230699 -116.218489 -116.214132 -116.212761 -116.230201 -116.220930 -116.209726 -116.213169 -116.202931 -116.220564 -116.216564 -116.250155 -116.217616 -116.205056 -116.215906 -116.219993 -116.257778 -116.219782 -116.238883 -116.253680 -116.256458 
-116.226650 -116.207806 -116.217715 -116.219151 -116.229122 -116.222805 -116.241624 -116.252627 -116.230770 -116.237540 -116.257001 -116.243386 -116.254846 -116.218127 -116.211089 -116.233365 -116.217902 -116.225464 -116.204521 -116.203892 -116.214534 -116.223607 -116.219371 -116.246220 -116.238514 -116.254594 -116.240454 -116.206020 -116.234400 -116.210987 -116.227436 
-116.208725 -116.243620 -116.234259 -116.226062 -116.229122 -116.207642 -116.241453 -116.217287 -116.249439 -116.202361 -116.249721 -116.247122 -116.251686 -116.209717 -116.218478 -116.231395 -116.205723 -116.259432 -116.245681 -116.216520 -116.236254 -116.210617 -116.254812 
-116.248931 -116.248239 -116.232176 -116.243080 -116.229122 -116.238853 -116.210406 -116.247628 -116.249639 -116.232048 -116.246733 -116.239536 -116.227859 -116.213841 -116.249206 -116.224455 -116.205500 -116.245510 -116.214159 -116.246958 -116.213539 -116.202745 -116.226392 -116.214600 
-116.219441 -116.225687 -116.230595 -116.238509 -116.234752 -116.213719 -116.250852 -116.246556 -116.248492 -116.244016 -116.230301 -116.260035 -116.259901 
-116.259459 -116.216192 -116.211480 -116.203045 -116.236979 -116.218778 -116.209418 -116.214617 -116.228649 -116.245110 -116.246150 -116.211472 -116.236668 -116.236031 -116.211483 -116.230807 -116.232497 -116.236851 -116.216250 -116.217598 
-116.225583 -116.250555 -116.259889 -116.227319 -116.203011 -116.222990 -116.204180 -116.206283 -116.227270 -116.245774 -116.252932 -116.225667 -116.204071 -116.239422 -116.228320 -116.259238 -116.230433 -116.236016 -116.238874 -116.248698 -116.231543 -116.210412 -116.253652 
-116.226800 -116.251260 -116.207031 -116.216217 -116.223958 -116.203725 -116.221701 -116.216635 -116.214472 -116.215311 -116.216953 -116.216948 -116.259766 -116.202774 -116.237549 -116.207149 -116.211411 -116.252742 -116.204001 -116.224754 -116.212271 -116.244092 -116.253415 -116.211393 -116.207679 
-116.225952 -116.234415 -116.236863 -116.211827 -116.257576 -116.215329 -116.227115 -116.257481 -116.231244 -116.205410 -116.226475 
-116.207806 -116.228829 -116.223304 -116.204259 -116.226100 -116.224722 -116.251887 -116.235583 -116.212429 -116.250593 -116.254679 -116.220956 -116.248285 -116.213831 -116.258075 -116.250772 -116.206745 -116.253187 -116.253928 -116.229136 
-116.223639 -116.248944 -116.222640 -116.204593 -116.246428 -116.229492 -116.211302 -116.255199 -116.258314 -116.248615 -116.235095 -116.210601 
-116.247981 -116.232215 -116.215794 -116.230402 -116.207535 -116.220320 -116.240000 -116.231397 -116.219440 -116.252208 -116.213149 -116.215387 -116.255092 -116.222293 -116.203841 -116.210098 -116.247199 -116.245411 -116.242857 
-116.246403 -116.215338 -116.246153 -116.226297 -116.224478 -116.220746 -116.223808 -116.220273 -116.233000 -116.202724 -116.208873 -116.253095 -116.251377 -116.235805 -116.241027 -116.257344 -116.218610 -116.223352 -116.255646 -116.250540 -116.245948 -116.246262 -116.257396 -116.207827 -116.250739 -116.243975 -116.214166 -116.208983 -116.254751 -116.207260 -116.252082 -116.243504 
-116.247872 -116.234478 -116.227660 -116.247653 -116.250444 -116.213535 -116.248698 -116.248615 -116.236563 -116.210427 -116.248683 
-116.237133 -116.242259 -116.207363 -116.244293 -116.224804 -116.243321 -116.230588 -116.220804 -116.237081 -116.206125 -116.211228 -116.203270 -116.213450 -116.220870 -116.217380 -116.249438 -116.232289 -116.248067 -116.206850 -116.206123 -116.217817 -116.240297 -116.238276 -116.203298 -116.233108 -116.227519 -116.254347 -116.232102 -116.242252 
-116.225689 -116.234915 -116.211356 -116.231019 -116.207052 -116.220012 -116.249532 -116.230869 -116.241689 -116.229238 -116.218033 -116.222342 -116.219028 -116.250099 -116.256817 -116.257737 -116.214694 
-116.226312 -116.252683 -116.231419 -116.213355 -116.209824 -116.249267 -116.243241 -116.238261 -116.238483 -116.210095 -116.222312 -116.253618 -116.255736 -116.224276 -116.203010 -116.222939 -116.219816 -116.235105 -116.222649 -116.233483 -116.245747 -116.214045 -116.225078 -116.247614 -116.247306 -116.245874 
-116.234726 -116.241158 -116.245780 -116.230859 -116.257220 -116.234755 -116.235712 -116.205199 -116.245164 -116.233386 -116.238545 -116.253463 -116.258475 -116.219585 -116.207851 -116.223240 -116.206703 -116.256700 -116.213931 
-116.231897 -116.239304 -116.245954 -116.248663 -116.258217 -116.220967 -116.225232 -116.241641 -116.245756 -116.217411 -116.221977 -116.216365 -116.223335 -116.206557 -116.210324 
-116.229711 -116.250188 -116.246911 -116.257823 -116.223778 -116.217852 -116.217293 -116.233013 -116.238077 -116.214966 -116.214755 -116.226328 -116.228164 -116.229498 -116.221248 -116.249534 -116.220609 -116.230546 -116.218888 
-116.250040 -116.207579 -116.237313 -116.241708 -116.225411 -116.250593 -116.244638 -116.257583 -116.213759 -116.227563 -116.259681 -116.229990 -116.256458 -116.242696 -116.211263 -116.207376 -116.202439 -116.211291 -116.202601 -116.254014 -116.209418 -116.255090 -116.254444 -116.216215 -116.231138 
-116.249219 -116.232910 -116.249190 -116.233549 -116.235925 -116.236491 -116.222280 -116.235086 -116.224032 -116.231079 -116.234300 -116.243139 -116.245301 -116.254522 -116.230364 -116.211674 -116.224479 -116.206039 -116.225535 -116.255856 -116.258254 -116.239992 -116.205619 -116.210090 -116.247687 -116.218763 -116.250798 -116.233715 
-116.242892 -116.245990 -116.236028 -116.217021 -116.233667 -116.230042 -116.259800 -116.203905 -116.228979 -116.207500 -116.249305 -116.236746 -116.206709 -116.243847 -116.259692 -116.221734 -116.234033 -116.248444 -116.205622 -116.202980 -116.249022 
-116.226380 -116.242893 -116.233700 -116.213747 -116.236762 -116.232295 -116.220253 -116.215829 -116.216234 -116.257859 -116.233884 -116.249685 -116.234810 -116.238185 -116.217744 -116.254432 -116.230037 -116.256658 -116.239127 -116.214814 -116.250866 -116.205616 -116.226964 -116.209103 -116.207807 
-116.223412 -116.238822 -116.228277 -116.212762 -116.233663 -116.255082 -116.223352 -116.219243 
-116.252092 -116.216611 -116.259328 -116.218240 -116.243973 -116.257813 -116.258764 -116.243853 -116.252416 -116.240554 -116.246737 -116.230679 -116.233557 -116.202403 -116.251412 -116.244263 -116.258643 -116.204826 -116.248685 -116.207029 -116.237467 
-116.245730 -116.247298 -116.215431 -116.211725 -116.226482 -116.231861 -116.214431 -116.255269 -116.225557 -116.235527 -116.209971 -116.207900 -116.221242 
-116.250745 -116.249403 -116.232394 -116.245507 -116.208301 -116.240766 -116.259876 -116.236184 -116.252790 -116.252767 -116.255903 -116.220101 -116.252429 -116.253871 -116.208755 -116.245603 -116.232723 -116.209866 -116.237272 -116.253603 -116.207091 
-116.247721 -116.243215 -116.257143 -116.237637 -116.213285 -116.222122 -116.207626 -116.239876 -116.255723 -116.247295 -116.225102 -116.211665 -116.227804 -116.223973 -116.216565 -116.222026 -116.230749 -116.259416 -116.252213 -116.223741 -116.205581 -116.234643 -116.203262 -116.248167 -116.242117 -116.212221 -116.213437 -116.204686 -116.212305 -116.254711 -116.254028 -116.219320 -116.209713 -116.222365 -116.255599 
-116.253968 -116.250314 -116.242393 -116.210785 -116.206293 -116.234716 -116.211780 -116.226608 -116.209570 -116.235706 -116.245807 -116.219650 -116.229807 -116.226858 -116.258948 -116.251301 -116.210951 -116.215947 -116.222995 -116.242902 
-116.207650 -116.226238 -116.251134 -116.242507 -116.240278 -116.224687 -116.207406 -116.244617 -116.216030 -116.204620 -116.233513 -116.254889 -116.214037 -116.233665 -116.222663 -116.226395 
-116.228775 -116.226702 -116.227420 -116.211373 -116.207037 -116.253805 -116.207955 -116.213371 -116.234670 -116.214980 -116.205534 -116.209855 -116.236123 -116.233873 -116.253171 -116.238051 -116.239895 
-116.234025 -116.204432 -116.230075 -116.233879 -116.243838 -116.232606 -116.248888 -116.233824 -116.229198 -116.246199 -116.222164 -116.222768 -116.233117 -116.203210 -116.218918 -116.253153 -116.215038 -116.216036 
-116.212342 -116.248802 -116.217037 -116.246542 -116.209280 -116.252431 -116.241221 -116.223532 -116.220230 -116.212527 -116.217641 -116.203375 -116.214175 -116.205861 -116.216644 -116.254804 -116.211626 -116.233606 -116.213616 -116.209267 -116.258447 -116.245172 -116.226977 
-116.255302 -116.250422 -116.212762 -116.234364 -116.240984 -116.230042 -116.254537 -116.239888 -116.227636 -116.231349 -116.248524 -116.253764 -116.207404 -116.206963 -116.212422 
-116.234033 -116.226810 -116.213836 -116.229393 -116.217322 -116.240986 -116.209945 -116.238972 -116.216486 -116.204651 -116.249384 -116.222649 
-116.203144 -116.234355 -116.251770 -116.209429 -116.221284 -116.233402 -116.231203 -116.231050 -116.212942 -116.238228 -116.211105 -116.247649 -116.234411 -116.244144 -116.220099 -116.231184 -116.252889 -116.242186 -116.252190 -116.216334 -116.214363 -116.224885 -116.255409 
-116.233434 -116.245309 -116.204265 -116.222730 -116.207999 -116.241367 -116.232466 -116.251151 -116.235664 -116.243368 -116.227605 -116.247649 -116.240157 -116.239362 -116.207504 -116.214154 -116.203341 -116.230452 -116.215580 -116.239880 -116.219743 
-116.240521 -116.221571 -116.236280 -116.222820 -116.244531 -116.246572 -116.232265 -116.245440 -116.214707 -116.206867 -116.208295 -116.240813 -116.259972 -116.242029 -116.244847 -116.222286 -116.235709 -116.235729 
-116.254924 -116.206745 -116.258898 -116.218649 -116.225456 -116.225023 -116.207872 -116.226325 -116.246548 -116.203329 -116.251593 -116.254693 -116.239436 -116.209996 -116.248353 -116.205414 -116.218025 -116.256281 -116.226370 -116.207522 -116.221311 
-116.240640 -116.204106 -116.226494 -116.236503 -116.231104 -116.202440 -116.218288 -116.218113 -116.213271 -116.254990 -116.229906 -116.208084 -116.211557 -116.249292 -116.202923 -116.246151 -116.258907 -116.206801 -116.246441 -116.240277 -116.211426 -116.216658 -116.234554 -116.238242 -116.243458 -116.241846 -116.255963 -116.259027 -116.252667 -116.215402 -116.209242 -116.203739 -116.216674 -116.239909 -116.238634 -116.230516 -116.257737 -116.213526 -116.218992 -116.224457 -116.247635 
-116.256018 -116.242902 -116.253788 -116.232019 -116.238085 -116.204207 -116.215589 -116.209548 -116.253799 -116.210765 -116.235596 -116.228450 -116.244064 -116.226578 -116.238134 -116.251622 -116.215161 -116.233446 -116.216712 -116.229323 -116.258900 
-116.223834 -116.225197 -116.203059 -116.242905 -116.236926 -116.225340 -116.256365 -116.234050 -116.252844 -116.214763 -116.219815 -116.249546 -116.231962 -116.243940 -116.256278 -116.223765 -116.236929 -116.258912 -116.258196 -116.219814 -116.254160 -116.239366 -116.231869 -116.223705 -116.234288 -116.245972 -116.213111 
-116.235533 -116.208675 -116.242193 -116.251289 -116.255372 -116.207663 -116.235681 -116.208568 -116.225170 -116.211307 -116.207611 -116.228027 -116.235450 -116.249917 -116.254829 -116.221914 -116.219718 -116.228640 -116.207179 -116.252295 -116.247553 -116.218581 -116.234169 
-116.234880 -116.230640 -116.241149 -116.241032 -116.223784 -116.203942 -116.203332 -116.222181 -116.257141 -116.206955 -116.248408 -116.232210 -116.243517 -116.214119 -116.242809 -116.225117 -116.216926 -116.213505 -116.218211 -116.220096 -116.230714 
-116.232636 -116.234869 -116.219244 -116.233944 -116.238207 -116.246750 -116.254738 -116.206393 -116.247086 -116.257593 -116.209608 -116.230524 -116.217938 -116.220658 -116.256187 -116.251774 -116.235827 
-116.232775 -116.216968 -116.254210 -116.205250 -116.209197 -116.232421 -116.211965 -116.212513 -116.211908 -116.243593 -116.224109 -116.218879 -116.214935 -116.255404 -116.252215 
-116.249638 -116.234187 -116.222630 -116.235007 -116.247198 -116.244273 -116.239073 -116.232215 -116.233666 -116.235543 -116.256885 -116.217741 -116.246335 -116.233011 -116.227972 -116.233825 -116.208020 -116.256189 -116.229740 -116.214480 -116.256381 -116.248755 -116.226676 -116.242844 -116.222745 -116.258918 -116.213095 
-116.245740 -116.234264 -116.230884 -116.235479 -116.249758 -116.217872 -116.245786 -116.206931 -116.241537 -116.249334 -116.214465 
-116.259178 -116.230307 -116.259096 -116.212173 -116.215504 -116.221483 -116.241044 -116.259902 -116.202674 -116.222559 -116.203341 -116.202962 -116.232571 -116.230536 -116.245322 -116.227017 -116.232033 -116.223108 -116.224806 -116.247705 -116.257227 -116.216242 -116.213824 -116.252456 -116.239348 -116.249936 -116.250262 
-116.238188 -116.253849 -116.225379 -116.221756 -116.220032 -116.259335 -116.256341 -116.254831 -116.239957 -116.230724 -116.241097 -116.206984 -116.241758 -116.251194 -116.259124 -116.215754 -116.207171 -116.217260 -116.212671 -116.214004 -116.234847 -116.239593 -116.258333 -116.212232 -116.229167 -116.206041 -116.232632 -116.214570 -116.237371 -116.208127 -116.206685 -116.220842 
-116.233129 -116.228809 -116.232150 -116.223869 -116.230969 -116.244799 -116.250642 -116.208852 -116.253580 -116.252263 -116.256028 -116.216377 -116.242340 -116.256881 -116.246328 
-116.228346 -116.215649 -116.210509 -116.237149 -116.259802 -116.210358 -116.228153 -116.239037 -116.217810 -116.227685 -116.227282 -116.229003 -116.242011 -116.230643 -116.244145 -116.216666 -116.212189 -116.202495 -116.253295 
-116.241735 -116.248759 -116.205689 -116.228313 -116.230192 -116.216516 -116.253650 -116.223516 -116.245192 -116.228068 -116.227029 -116.209619 
-116.255179 -116.221140 -116.209986 -116.233435 -116.249830 -116.227253 -116.254157 -116.225369 -116.253659 -116.232969 -116.220581 -116.239628 -116.241185 -116.216775 -116.241782 -116.226206 -116.217173 -116.259261 -116.203427 -116.212893 -116.251979 
-116.202571 -116.229434 -116.232399 -116.252289 -116.233622 -116.216967 -116.247945 -116.210899 -116.257994 -116.238631 -116.205335 -116.244608 -116.216009 -116.214683 -116.208831 -116.214531 -116.215298 -116.251667 -116.228855 -116.211940 -116.245727 -116.209892 -116.229824 -116.219022 -116.211793 -116.259052 -116.238353 -116.223535 -116.255537 -116.216937 -116.209927 -116.202335 -116.254472 -116.252382 -116.257085 -116.253795 -116.226523 -116.253930 
-116.241574 -116.238805 -116.239195 -116.243963 -116.243554 -116.223070 -116.254544 -116.257457 -116.255450 -116.256309 -116.214483 -116.235934 -116.253180 -116.254459 -116.210431 -116.255853 -116.243950 -116.204532 -116.234387 -116.258510 -116.254537 -116.221003 -116.222583 -116.245657 -116.213354 -116.236708 -116.216174 -116.226981 -116.210099 
