 35.8404  -116.26
 35.8519  -116.26
 35.8635  -116.26
 35.8751  -116.26
 35.8866  -116.26
 35.8462 -116.249
 35.8577 -116.249
 35.8693 -116.249
 35.8808 -116.249
 35.8924 -116.249
 35.8404 -116.237
 35.8519 -116.237
 35.8635 -116.237
 35.8751 -116.237
 35.8866 -116.237
 35.8462 -116.225
 35.8577 -116.225
 35.8693 -116.225
 35.8808 -116.225
 35.8924 -116.225
 35.8404 -116.214
 35.8519 -116.214
 35.8635 -116.214
 35.8751 -116.214
 35.8866 -116.214
 35.8462 -116.202
 35.8577 -116.202
 35.8693 -116.202
 35.8808 -116.202
 35.8924 -116.202
