  35.845605 -116.233166
  35.854416 -116.231324
  35.853545 -116.242407
  35.842692 -116.210292
  35.870769 -116.216281
  35.843597 -116.243769
  35.842197 -116.243412
  35.870458 -116.202836
  35.873714 -116.246635
  35.871832 -116.244371
  35.854356 -116.235772
  35.877069 -116.246833
  35.860252 -116.213003
  35.847886 -116.254815
  35.857580 -116.218766
  35.859428 -116.256618
  35.863581 -116.215005
  35.878444 -116.258515
  35.860069 -116.226947
  35.858426 -116.241328
  35.873170 -116.253177
  35.888312 -116.240551
  35.890720 -116.238205
  35.860457 -116.225843
  35.854600 -116.225254
  35.882353 -116.211778
  35.866304 -116.232101
  35.851071 -116.242436
  35.869626 -116.218106
  35.845016 -116.220315
  35.869933 -116.255471
  35.846030 -116.248258
