  35.877089 -116.257159
  35.885072 -116.255286
  35.849385 -116.233201
  35.865944 -116.240230
  35.869523 -116.232646
  35.857291 -116.229867
  35.876279 -116.251653
  35.883304 -116.254726
  35.851772 -116.209412
  35.866701 -116.225371
  35.842735 -116.206939
  35.849632 -116.249402
  35.867438 -116.217772
  35.888384 -116.209964
  35.869531 -116.233166
  35.848466 -116.205767
  35.865585 -116.257623
  35.878112 -116.250675
  35.874595 -116.240021
  35.856281 -116.218352
  35.881651 -116.242711
  35.878892 -116.216717
  35.886343 -116.254168
  35.865710 -116.205179
  35.885200 -116.244509
  35.852311 -116.257385
  35.845809 -116.258304
  35.859378 -116.244965
