1.258903 0.914705 1.252571 0.948701 1.082675 0.809347 0.814804 0.849465 0.904280 0.917232 1.096303 0.855603 1.184949 1.145412 0.797186 0.863332 1.038862 1.052564 1.093189 1.013284 0.903758 0.953125 0.969767 0.926323 0.868010 0.942286 1.141897 0.998241 0.920026 0.987759 0.933236 0.873974 1.186015 1.205420 0.875312 0.820300 0.851076 1.229100 0.960213 0.868813 0.814249 1.190790 1.167197 0.864923 
0.814808 0.978333 0.862146 1.205439 1.124123 0.866270 1.133394 1.013498 1.057763 0.849119 1.037260 1.202579 0.839213 0.931442 1.141970 1.156335 1.165887 0.819660 0.868511 0.988251 1.053910 0.976601 0.993516 1.203469 1.004139 1.124814 0.807633 
1.163569 1.203602 0.913539 0.933674 0.942855 1.048474 0.909213 0.802387 1.006343 1.079879 0.859036 1.245880 0.998988 0.855443 0.827502 1.001021 1.123182 0.961723 1.073542 1.218135 1.030287 0.937708 1.029012 1.055653 0.804815 0.860879 0.797327 
0.809588 1.036439 0.801070 0.902329 0.892417 1.096673 1.220116 0.906424 0.841595 0.797425 0.837083 0.967181 1.011447 1.109304 0.957133 1.209349 1.153823 0.907465 1.164376 1.255180 1.091092 1.233156 1.032530 
1.205713 0.817928 1.056430 1.027625 1.226444 0.890725 0.838127 1.238760 0.933506 0.806781 0.950844 0.886595 0.892834 0.811472 
0.802855 1.234885 0.935254 1.251894 1.003049 0.837034 1.035765 0.870479 1.234615 1.023711 1.213145 1.152015 0.891978 0.974260 1.204861 0.796723 0.873624 1.218490 0.855958 0.900777 1.182500 1.014593 0.941609 1.134368 
0.918371 0.996585 0.990824 0.958516 0.798412 0.854296 0.904484 1.183337 1.073381 0.940755 0.855125 0.950103 1.134780 0.957668 1.084395 1.186264 1.166360 0.925196 1.071794 1.161881 1.168169 1.238055 1.180802 1.047613 1.025929 0.837093 0.906683 1.234995 1.183258 
0.840641 1.184491 0.815264 0.885400 1.044223 0.821457 1.017007 1.242960 0.898659 1.030608 1.071006 
0.971775 0.815763 1.057126 0.961587 1.186447 0.882190 0.913268 1.032119 0.800180 1.071801 1.003274 1.095993 1.039021 1.174892 
0.862295 0.918026 0.911320 1.015821 1.230064 1.251923 1.017545 0.949689 1.012694 1.219736 0.899506 0.855956 0.994850 0.814078 
1.244896 0.985281 1.246134 0.887422 1.136635 0.834992 1.208057 1.015309 0.960718 1.157171 0.837501 1.206474 1.010059 0.991985 0.914389 0.919096 
0.859678 1.127280 1.143641 1.005535 0.854702 1.075829 1.212995 1.115643 1.158188 1.178088 
1.121363 1.093047 0.988850 1.063185 1.236213 1.232907 0.854008 0.870190 0.939334 1.240210 1.146515 0.977132 0.985819 0.875823 0.816715 1.046280 1.231034 0.964792 1.106458 1.022637 1.241812 0.873410 1.232465 0.830482 1.206233 1.123474 1.252160 1.229111 
1.234836 1.076162 1.119315 1.213161 1.070414 1.013945 1.171027 0.910878 1.176252 1.112951 1.075482 0.812625 0.939748 0.838783 1.120407 1.046980 1.221337 0.933365 1.251411 0.833943 0.799090 
0.858048 0.883532 0.934103 0.934988 1.214601 1.035966 0.870795 0.861639 0.838147 0.796468 0.799134 0.795133 1.251145 1.064119 0.997220 1.003802 1.126056 1.115599 0.981040 1.067794 1.196519 1.128316 0.977251 1.030624 1.123900 1.189988 
1.149861 0.959141 1.077532 0.814036 1.059044 1.056669 0.806978 1.256804 1.109814 0.924275 0.886084 0.886541 0.929001 0.909297 0.990392 0.976373 1.148680 0.869653 1.237946 
1.238308 0.908655 1.039584 0.812537 1.256075 0.893449 1.203844 0.825538 0.974854 1.085498 0.815931 0.811997 1.153425 1.206392 1.015230 1.092419 1.199234 0.845430 0.898778 1.138789 0.830133 0.912498 0.836961 0.887084 
1.189432 1.201149 1.221081 1.063169 0.842563 0.800433 1.232148 0.886625 0.955388 1.021585 1.156634 1.156304 0.853647 1.248763 0.848362 1.174949 0.814046 0.811559 0.817263 1.053939 1.113861 0.992853 0.968992 0.815204 1.068394 0.904370 0.895911 1.014784 
0.845545 1.011505 1.059380 0.836623 1.064962 1.232678 0.835203 0.795428 1.252570 0.923685 0.928844 1.248763 1.251797 1.151427 1.230250 0.828548 1.127899 0.979893 0.892439 0.877405 0.846652 0.827281 1.106664 1.021427 1.031854 1.082027 1.180020 
0.936274 0.934478 1.008635 1.065883 1.014407 1.231564 1.048407 0.839757 1.122368 1.079472 0.876475 1.248763 0.904853 1.199175 1.098125 0.888796 1.211657 0.869670 1.145538 1.000171 0.900154 1.123769 1.062944 
1.235921 0.796241 0.832053 0.819455 1.076371 0.933500 0.901375 1.097963 1.054564 0.874933 1.147157 
1.094709 1.100961 1.008489 0.852368 0.820528 1.091653 0.997568 0.918970 0.829360 1.224244 1.160109 1.056151 1.214371 1.025644 1.142935 1.118188 0.830795 0.801230 1.207551 1.149783 1.227474 0.990307 0.970029 0.840093 1.009295 
0.834435 1.065144 0.799773 1.244700 0.897238 0.871810 0.880660 0.983394 1.035033 1.015123 0.972124 1.217624 1.043731 0.843893 1.020303 0.970040 0.796348 1.137488 0.990517 
1.227195 0.798373 0.826874 0.923381 1.063075 1.102961 0.868131 1.067778 0.820555 0.920783 
0.825324 1.066239 1.224108 1.125133 1.018003 1.255887 0.975817 0.965112 0.835496 1.073819 1.005596 1.089683 1.128524 0.864705 0.819234 1.007971 1.229729 0.990387 0.891064 1.152661 0.865093 1.047748 0.950690 1.043735 1.019935 1.031132 0.812720 1.135409 
1.191001 0.915598 1.250363 1.152988 1.132663 1.167265 0.900231 0.946804 1.016921 0.811904 0.800358 0.986562 1.110384 0.913411 0.915939 0.927456 0.911884 1.167718 1.137166 0.926344 1.227547 0.877471 1.137501 
1.135834 0.863673 1.213881 1.086043 0.994358 0.865140 1.174400 0.826506 1.151977 0.954127 0.881310 1.065978 1.229829 1.105305 1.018173 1.066985 1.118726 
1.051962 1.081579 1.078339 0.912664 0.853481 0.823366 1.186394 0.903752 1.133143 0.999872 0.905650 1.054489 1.083903 1.022268 0.898531 1.092777 1.086519 1.195380 0.973606 1.040034 
1.180641 1.062819 1.213206 0.882637 1.157001 0.827418 1.072031 0.913640 1.054577 1.083378 0.893944 0.891047 0.900218 0.886209 0.937998 1.122840 1.215359 0.816168 
0.817265 0.806660 0.805036 1.077800 1.231850 1.189653 1.051605 1.171733 1.008837 0.861086 1.251950 0.866173 0.969078 0.990874 0.916176 1.189611 1.118002 1.178839 0.967894 1.010765 0.801548 0.911890 1.011601 0.806655 0.929381 1.006163 0.851588 1.044779 0.921342 1.167920 0.800855 1.091738 0.896871 0.942153 0.924642 
0.818066 0.819506 1.202132 0.822819 0.900810 1.076048 1.238812 1.245906 1.076708 0.819490 
0.986905 0.870751 0.859197 1.165288 1.129771 1.120752 1.072296 0.802975 1.031066 0.922455 0.813166 1.037952 0.891978 0.987559 1.094058 1.122162 1.114641 0.845138 0.888294 1.118155 0.839127 1.169115 
1.153657 1.224591 0.797169 1.183262 1.064551 1.083770 0.820664 1.050239 1.096164 1.182379 1.138795 1.110597 1.222748 0.961469 0.833728 1.100789 1.028900 0.850783 1.184360 0.900657 
1.024946 0.862126 1.252707 1.102520 0.840066 
1.238340 0.858744 1.160947 0.815398 1.009168 0.799116 1.191059 0.862432 0.930379 1.233283 1.015365 1.113617 1.014737 
0.856597 0.909481 1.024873 1.011506 1.099289 0.954140 0.874642 0.918709 0.861936 1.182490 0.829668 0.823770 1.001118 0.937074 0.797689 1.005537 0.986975 1.147817 1.047733 0.825098 0.888108 
0.810171 1.242194 0.800521 0.995092 1.156017 1.157538 1.036447 0.986499 0.880438 1.028942 0.972022 0.823440 1.008322 1.050525 0.827787 1.009598 1.140983 1.175682 1.147920 1.092353 1.134719 0.892298 1.141179 0.833279 0.798944 
0.842566 1.137377 0.853934 1.195901 0.916831 1.102738 1.014505 0.905948 0.932253 0.865569 1.139009 1.020404 
1.188136 0.895894 0.808712 0.805200 0.796740 1.032164 1.063201 0.997927 0.896876 0.872114 
1.238343 1.032396 1.077977 1.015806 0.965553 0.812097 1.136298 0.840180 0.993793 0.802016 1.015390 0.984114 
0.797609 1.231767 0.985442 0.933452 0.947638 1.077982 1.028248 1.086144 1.226295 1.126173 1.083459 1.185244 1.042165 1.043324 0.941476 0.892574 1.189092 1.190083 1.207090 0.805685 1.178608 1.157970 
1.257354 0.818311 0.841754 0.978046 0.874119 1.101335 1.249488 1.124730 1.070732 0.960407 1.084606 
0.869613 0.849633 1.247620 1.082673 1.167445 1.097165 0.941796 1.258530 0.914207 0.841397 1.017044 1.192580 0.867085 
1.181961 0.800807 1.189553 1.211596 1.113768 0.886518 0.949339 1.160527 1.256856 0.930918 0.830182 0.859690 1.098361 1.222612 1.093036 0.996334 1.028832 0.953663 1.027541 
1.104599 0.796114 0.918814 0.802241 1.109314 0.843882 1.096926 0.810845 1.164318 1.177315 1.152314 0.998702 0.816862 1.232932 0.924967 0.869265 1.034479 0.800747 1.061141 
1.253258 1.113927 1.117791 0.802938 0.991194 1.201323 1.005895 1.056487 0.924140 1.211813 1.030602 0.834680 0.807750 0.884155 1.206196 1.031578 1.165835 1.245853 0.992557 1.187891 0.804717 0.977104 1.055978 1.177238 
0.979445 0.826711 1.204034 1.131249 0.842308 0.903225 0.830844 1.081305 0.807980 1.033414 1.027168 0.913070 0.818584 1.065967 1.184708 
0.852480 0.817107 1.005534 1.185690 1.251379 1.053432 1.210515 1.038892 0.794355 1.082789 1.070217 1.208277 0.808562 
0.819679 0.827970 0.914597 0.807873 0.854507 1.011610 0.863004 0.862509 0.904849 0.913359 1.245211 0.912735 1.075008 0.811160 0.830323 0.815850 0.806198 0.997611 0.812551 0.988773 1.214706 0.893908 
1.188757 1.253960 0.980256 0.930432 1.200011 0.889889 0.907885 0.989090 0.933406 0.897588 1.159859 0.940815 0.810996 0.977647 1.035371 1.144966 1.067104 1.205483 1.163933 0.991198 1.127653 0.800245 1.170435 0.953752 1.032432 1.131512 
1.169200 1.135994 0.820765 1.009431 0.913322 1.242720 0.810292 1.156419 1.009625 0.869358 0.991866 1.104258 0.831484 1.151794 
0.957240 1.196498 0.950451 0.909675 0.888204 0.937295 1.250962 1.145217 1.041152 1.071658 0.947382 1.170250 0.814311 1.083463 1.140734 0.896624 0.814924 0.979013 1.063902 1.088832 1.233280 1.036515 1.081665 1.060528 1.012473 0.868295 1.021436 0.928094 0.804208 0.921396 0.816401 1.193172 1.114869 1.065181 
0.913260 0.866629 0.803181 1.235340 1.221860 0.990638 0.980892 0.953582 1.037659 1.195657 1.193006 0.835026 1.081951 1.252548 1.225581 1.080212 1.104921 0.889506 0.946271 0.941111 0.946514 0.895037 0.905479 0.944783 1.256800 0.980448 0.819727 0.800686 0.807240 1.032593 0.932734 0.838549 1.038395 0.821995 1.034689 1.210244 0.981352 0.840739 0.981223 1.212011 
0.864666 0.810011 0.836856 0.868547 1.256270 0.795815 1.112539 
1.023680 1.085591 0.819431 1.181943 0.796117 0.933062 0.814781 0.982050 1.112755 0.874621 0.942818 0.811855 1.208659 1.214725 0.870047 0.825189 1.240275 0.886598 0.851044 0.823814 1.116946 
1.161314 0.801934 1.048391 0.976564 0.852212 0.872624 0.970527 1.252113 0.810352 1.000306 1.072831 1.115134 1.205278 0.907732 0.852344 0.843237 1.005856 1.017877 0.848855 1.030288 0.998310 
0.806158 1.184567 0.822558 0.968370 1.247270 1.218276 1.203580 1.036679 0.847301 0.998114 0.823759 1.222550 1.063790 1.038959 0.853502 0.838280 1.182639 0.841815 0.807383 0.859545 1.017175 
0.809894 1.257232 1.168665 1.170386 1.089762 1.019868 1.247427 0.989426 0.802634 0.893533 1.238888 1.212245 1.188385 1.079761 0.990709 1.020571 1.005448 0.948406 1.043037 0.934755 0.935727 1.040008 0.964464 0.796345 
0.809894 1.257232 1.171925 0.842734 1.016764 1.059948 0.869016 1.212400 0.991609 1.111481 0.971958 1.203149 0.847123 
1.052258 1.234599 1.217103 0.798703 0.814961 1.045770 0.997626 1.238366 0.850999 1.099951 0.868842 0.811322 0.913114 1.198202 
0.799245 0.905407 0.805380 1.258714 0.930295 1.083860 0.917148 0.837715 
0.891255 0.795512 0.888053 1.135719 1.151859 1.158559 0.993069 1.016587 0.883856 1.222246 0.974450 0.883903 1.222728 1.074361 1.153176 0.917746 
0.939530 0.820136 0.805400 1.106008 1.132289 1.241513 1.180198 1.081402 0.971513 1.169261 1.028045 0.800649 0.950664 1.042210 1.249946 0.948370 0.823281 0.847434 
1.059022 0.893312 1.219900 1.163856 1.144585 0.815296 0.825406 1.007952 0.802107 1.008333 1.035172 0.833534 0.891923 0.812760 
0.853510 0.866538 1.130971 0.801657 0.800837 0.818856 1.117239 1.200908 1.074769 0.856659 
0.854123 1.245013 0.906966 0.828980 0.798819 0.956629 0.815313 1.070953 1.232931 1.150521 1.053178 1.124741 1.080629 1.122060 0.851233 1.195573 0.862529 1.148110 
0.907773 1.039053 0.905459 0.804010 1.067580 0.938794 0.824742 1.072296 1.233655 0.825117 1.078461 
1.093376 0.816845 0.893383 0.907720 1.256609 0.809614 1.064489 1.165988 1.025403 0.932736 
1.232581 1.257404 1.224286 1.080983 1.024087 1.057790 0.921000 1.015542 1.160510 0.857074 0.862816 0.836525 1.188193 1.216400 1.188834 0.871940 1.148277 0.962222 
0.918561 1.220128 0.864100 0.827106 0.795389 0.992179 1.030860 0.895688 0.955197 1.159186 1.176894 0.856534 1.036733 1.144935 1.206566 1.208036 0.800793 0.909241 1.036138 
0.897166 0.990000 1.149698 0.927633 0.958624 1.093769 0.795345 0.839422 1.178639 1.008368 0.957221 0.999412 0.809075 1.100896 1.151635 1.252851 0.990828 1.158568 0.970416 1.142267 
1.019559 1.156476 1.187516 1.073769 1.023200 0.977432 0.797844 1.080828 0.971333 0.944075 1.154791 0.874248 1.101934 1.154148 0.845223 1.129670 0.981411 0.879309 0.886251 1.135414 1.148927 1.096864 1.246156 0.979377 1.131102 0.960047 0.987857 1.038457 1.151499 1.233885 1.180593 0.987355 0.923129 0.984360 0.911943 1.089856 0.907930 0.965773 0.943466 0.917391 0.985295 1.073277 0.811777 1.049531 1.167379 0.928083 0.796890 1.166436 
1.146310 0.902994 0.895027 1.249239 1.016828 0.805577 0.827324 1.095756 0.857679 0.806612 0.941797 1.132260 1.010365 1.015199 1.091568 0.868602 0.904470 
0.908138 0.850057 1.229660 0.796302 0.869517 1.195997 1.177342 0.794683 1.018560 0.826593 1.193586 1.170417 1.242159 1.013478 0.917128 0.826650 0.870677 1.211907 0.882934 1.007666 1.040809 0.938534 1.255780 1.135036 0.834483 0.908475 1.168863 
0.841448 1.109927 0.931439 0.898343 1.000341 0.819354 0.911186 1.127624 1.254323 0.959786 0.797359 1.003432 1.250981 0.950862 0.825827 0.848983 1.130156 1.135431 1.190185 
0.973510 0.823399 0.869918 1.073180 1.181381 1.130417 0.823142 1.198074 0.867657 1.246190 1.193408 1.095283 0.795922 
0.848970 1.053362 0.815814 0.852310 1.166552 1.092272 1.248861 0.854635 0.819416 1.206955 1.048336 1.162872 1.184412 0.903595 1.144719 
1.243152 0.896420 1.050631 1.100813 0.851291 1.242508 1.130396 0.988599 0.823985 0.889427 1.253784 1.050821 0.996695 0.942869 0.876883 1.091251 1.118904 1.218606 1.035413 0.862895 0.872873 1.001496 1.148129 1.124004 1.004380 1.206329 0.928391 1.235472 1.035015 1.253933 0.795589 0.866110 1.001519 
1.210807 0.888190 0.830875 1.123950 1.167050 1.202739 1.106165 0.838105 1.088197 0.990454 0.934127 1.190279 1.010230 1.073513 1.210732 0.895051 0.965414 1.037467 0.851597 1.168290 1.083165 0.859338 1.048751 1.215173 0.872984 0.998163 1.067605 1.121337 0.882389 1.169360 0.864364 0.933677 0.934089 1.146441 1.010248 1.136459 1.249088 1.120169 0.843392 0.849245 0.935446 1.139993 1.007320 0.996276 0.937482 1.157175 1.178675 0.804689 0.881329 1.055928 
0.857804 0.862655 1.077948 0.902015 0.855303 1.213087 0.802128 1.091620 1.098307 1.027136 1.090966 1.004475 1.157966 0.913205 1.008768 0.966207 1.234677 1.023928 0.819338 1.223417 0.881756 0.853593 0.824002 1.056822 1.123439 0.887706 1.081989 0.924185 1.015800 1.256076 0.992250 1.202127 1.058528 1.063748 1.003050 1.100738 0.994723 0.871411 1.041520 1.070330 1.090246 1.175058 1.073466 
0.888934 0.908710 1.043547 0.972540 1.251744 1.249487 1.068213 0.801317 1.063728 1.137282 0.800900 0.853243 0.814606 0.913412 1.015956 1.015031 1.171400 0.859644 1.029074 0.948476 
1.089189 0.796672 1.184193 0.824171 0.823801 
1.251550 1.135464 0.953596 0.797850 1.048598 1.164115 0.873423 1.057532 0.895840 0.914974 1.140248 1.089155 1.182825 1.140566 0.807805 0.932079 1.000573 
0.987001 1.114515 1.218481 1.004051 0.869276 0.877990 0.966635 0.960434 0.914899 0.859302 0.809407 0.807496 0.796122 1.067823 1.037486 1.254549 0.899648 0.921984 0.970381 
0.931580 0.837057 1.148554 0.912630 1.211015 1.092993 0.805334 1.067459 0.805785 1.179220 0.859735 1.030013 1.059083 0.816028 0.801322 
0.794711 0.811178 0.818965 0.868294 1.190807 0.803552 0.873803 1.039559 1.221937 1.002828 0.933549 1.137606 1.033198 
0.816294 1.240943 0.823685 0.969665 1.028077 0.858234 0.944094 0.804863 0.822570 1.169965 1.110828 0.835802 0.940999 1.212524 1.233381 0.794418 0.941305 0.972087 0.861597 
0.799425 0.838052 0.950031 0.895118 0.919644 1.022416 0.866383 1.248504 1.130554 1.068019 1.217691 0.894613 
1.192574 0.818869 0.924434 1.079129 
0.894984 0.843892 1.023065 1.131389 0.995773 0.848477 0.918422 1.163253 0.850711 0.829733 0.850255 
1.198872 1.252125 0.798966 0.869952 0.847392 0.989386 1.124520 0.885784 1.108153 0.961978 0.906901 0.957996 0.820429 1.161341 0.934502 1.130649 0.834370 1.228536 0.847210 1.191011 0.929165 0.798100 
1.216048 0.969975 0.803345 0.890297 1.184056 0.836300 0.998563 0.862376 1.139485 0.979772 1.064815 1.145023 0.869996 1.202050 0.926559 0.885384 0.832222 1.252416 0.896644 1.082599 1.039934 1.219129 1.133114 1.050226 1.255827 0.961385 1.241547 0.848818 1.152595 1.189542 0.838152 1.098448 0.917337 0.914329 1.024904 0.890165 
0.956459 1.191410 1.171027 1.055986 1.211570 0.998870 0.924734 1.253693 0.825981 1.103529 0.953309 1.085736 1.068220 1.173153 0.855036 1.190348 1.252682 1.042744 1.048653 1.117635 0.835808 0.937364 0.954072 
1.100818 0.816238 1.207854 0.805158 1.020555 0.796165 1.253433 0.939786 0.854175 1.025660 0.923930 1.205482 1.256275 1.070973 1.000762 1.006219 1.105403 1.155063 1.044473 0.797517 1.205148 0.885209 1.219884 
0.798990 1.251986 0.827694 0.871337 0.795556 1.128201 
1.224284 1.164345 0.850847 0.937857 1.047243 0.834012 1.210861 0.930059 1.204261 1.101963 1.174768 0.843127 0.900026 1.181063 0.900270 1.046683 0.919647 0.945128 0.916687 
0.852159 1.046197 1.075888 0.804016 1.029608 0.810787 0.838159 1.153898 1.007807 1.052621 0.979995 1.042808 1.165152 1.093664 0.825437 1.052187 1.001797 0.794962 0.803599 0.823193 1.158966 0.842447 1.190843 0.870561 1.150000 
0.826309 1.234670 0.818044 1.082602 1.062606 0.862067 1.178970 1.227818 1.256095 0.980274 0.854918 1.200127 1.123345 0.969540 0.878831 0.963942 0.805973 0.907647 0.867331 
0.861254 0.897335 0.940011 0.800603 0.911793 0.941343 0.846939 1.171025 0.808584 1.122488 1.111404 1.253527 0.946809 1.137513 0.912105 1.149683 1.040892 1.172418 0.810186 1.096739 0.811155 1.030150 
1.049253 1.162789 0.843514 1.223114 0.909314 0.807932 1.061325 0.855119 0.880334 0.852856 1.028492 0.897389 1.234758 0.801561 1.027565 0.838509 0.866462 0.862956 1.232440 0.889259 0.928624 0.992744 1.192308 0.801310 1.164723 1.091737 0.907762 0.935182 
