-116.232457 -116.255398 -116.211541 -116.241364 -116.233719 -116.213481 -116.256874 -116.230580 -116.227134 -116.243643 -116.218680 -116.235180 
-116.236754 -116.226797 -116.215556 -116.215525 -116.222956 -116.238669 -116.232285 -116.221537 -116.210969 -116.253120 -116.246446 -116.240502 -116.238531 -116.248441 -116.206447 -116.225376 -116.208702 -116.236260 -116.213309 -116.248509 -116.219037 -116.226639 -116.242587 -116.255079 -116.216108 -116.221211 -116.236999 -116.258424 -116.257706 -116.223480 -116.236705 -116.250852 
-116.247131 -116.213063 -116.204597 -116.242335 -116.215816 -116.234440 -116.247743 -116.209184 -116.238907 -116.251119 -116.211059 -116.217897 -116.235048 -116.241494 -116.204465 -116.214015 -116.250207 -116.209326 
-116.221057 -116.247710 -116.208211 -116.208875 -116.248505 -116.208473 -116.205009 -116.228383 -116.212095 -116.230656 -116.243602 -116.243327 -116.232764 -116.217260 -116.217596 -116.258192 -116.206018 -116.234466 -116.258744 -116.250341 -116.209763 -116.218551 -116.227100 -116.247388 -116.238365 -116.208160 
-116.217521 -116.233702 -116.204987 -116.247511 -116.220999 -116.243759 -116.235543 -116.238884 -116.257994 -116.245211 -116.213678 -116.258217 -116.225747 -116.204786 -116.225987 -116.245791 -116.208656 -116.255760 -116.240712 
-116.223249 -116.252386 -116.206809 -116.250701 -116.210402 -116.229837 -116.209820 -116.224238 -116.212864 -116.256876 -116.250389 -116.208927 -116.210280 -116.236330 -116.208681 -116.240711 -116.244083 -116.249033 -116.219511 -116.237966 -116.253746 -116.218153 -116.239579 -116.226878 -116.239414 -116.241483 -116.232466 -116.233256 -116.231498 -116.239174 -116.205120 -116.235679 -116.228235 
-116.250474 -116.229411 -116.218047 -116.241532 -116.225194 -116.254914 -116.243412 -116.255153 -116.215047 -116.240681 -116.225691 -116.231283 -116.208112 -116.258918 -116.222789 -116.229883 -116.233086 -116.210658 -116.249646 -116.239176 -116.253684 -116.228998 -116.244090 -116.248746 -116.252386 -116.232131 -116.251686 -116.258107 -116.235813 -116.242643 -116.252112 -116.207430 -116.238669 -116.220877 -116.258097 -116.253516 -116.211829 -116.242486 -116.241680 -116.233486 -116.204070 -116.205316 -116.241794 -116.249135 -116.219931 
-116.252555 -116.218660 -116.256146 -116.250763 -116.246896 -116.214680 -116.216033 -116.220889 -116.231290 -116.257653 -116.215614 -116.223378 -116.218948 -116.213733 -116.210766 
-116.246640 -116.251051 -116.259864 -116.235745 -116.204445 -116.210175 -116.219545 -116.222095 -116.207578 -116.242680 -116.257345 -116.215346 -116.246639 -116.246957 -116.237146 -116.225716 -116.231941 -116.235823 -116.234214 
-116.251979 -116.232087 -116.253653 -116.228095 -116.256393 -116.216702 -116.248203 -116.206328 -116.256686 -116.203612 -116.247659 -116.230660 -116.259528 -116.239400 -116.245210 -116.226678 -116.242419 -116.206979 -116.237831 -116.255606 -116.250757 -116.225532 -116.259486 -116.251619 
-116.227856 -116.217046 -116.207135 -116.236745 -116.239910 -116.259539 -116.222702 -116.255593 -116.218634 -116.221950 -116.255159 
-116.207020 -116.218719 -116.224853 -116.246844 -116.224732 -116.248239 -116.204551 -116.210601 -116.257126 -116.245863 -116.209082 -116.223491 -116.250185 -116.211990 -116.226652 -116.210980 
-116.226204 -116.241562 -116.253151 -116.245173 -116.259131 -116.245548 -116.206542 -116.226258 -116.203489 -116.210459 -116.211986 -116.214509 -116.241852 -116.214490 -116.219026 -116.232588 -116.219509 -116.210025 -116.205944 -116.208325 
-116.219188 -116.259413 -116.224622 -116.226808 -116.241255 -116.208166 -116.238667 -116.241719 -116.228132 -116.209763 -116.256372 -116.246890 -116.223352 -116.205206 -116.206500 -116.211060 -116.222131 -116.247840 
-116.226466 -116.217670 -116.226570 -116.207441 -116.249098 -116.244738 -116.233526 -116.252009 -116.209596 -116.225418 -116.251683 -116.246733 -116.223151 -116.207992 -116.221673 -116.212595 -116.219887 -116.233604 -116.220002 -116.222791 -116.222575 
-116.233636 -116.220751 -116.232532 -116.253223 -116.237631 -116.232748 -116.258966 -116.211262 -116.229315 -116.234373 -116.248998 -116.249352 -116.228300 -116.206809 -116.253210 -116.257668 -116.208168 -116.222927 -116.226907 -116.254284 -116.203933 -116.214969 -116.242940 -116.232755 
-116.227606 -116.210701 -116.249382 -116.248483 -116.213717 -116.243336 
-116.210886 -116.258137 -116.248993 -116.209054 -116.230556 -116.255171 -116.252713 -116.230934 -116.214511 -116.254041 -116.216498 -116.241091 -116.246160 -116.234216 -116.208452 -116.249316 -116.206402 -116.230742 -116.257488 -116.221303 -116.244167 -116.259000 -116.216875 -116.247591 -116.256776 -116.212888 -116.211042 -116.234400 -116.212865 
-116.250878 -116.204386 -116.217233 -116.216963 -116.206415 -116.234003 -116.258966 -116.213335 -116.242300 -116.207260 -116.216992 -116.237552 -116.213330 -116.238589 -116.241085 -116.204788 -116.213487 -116.252092 -116.260131 -116.237469 -116.207564 -116.241730 -116.255124 -116.216688 -116.242382 -116.241156 
-116.231267 -116.253529 -116.253486 -116.239121 -116.234017 -116.234299 -116.213308 -116.230435 -116.210737 -116.232324 -116.215111 -116.215720 -116.202972 -116.242224 -116.213630 -116.253539 -116.223731 -116.222651 -116.214011 
-116.253429 -116.252959 -116.247404 -116.212666 -116.226576 -116.250125 -116.206396 -116.251477 -116.227151 -116.213829 -116.236586 -116.253058 -116.224472 -116.233676 -116.250577 -116.238987 -116.225050 -116.246638 -116.207017 -116.247565 -116.230990 -116.205169 -116.223447 -116.206806 -116.217294 -116.219541 -116.208281 -116.237014 -116.241564 -116.211944 
-116.212247 -116.231864 -116.256519 -116.242540 -116.203248 -116.255591 -116.209472 -116.252801 -116.248966 -116.229891 -116.203688 -116.255536 -116.259642 -116.260088 -116.223009 -116.250905 
-116.256240 -116.210737 -116.256078 -116.215370 -116.231419 -116.238911 -116.244828 -116.224386 -116.236527 -116.233124 -116.234152 -116.209757 -116.206171 -116.226614 -116.250446 -116.257663 -116.225811 -116.238435 -116.211947 -116.205614 
-116.253749 -116.224815 -116.252978 -116.207380 -116.208406 -116.234334 -116.213213 -116.207833 -116.231676 -116.232779 -116.206780 -116.230605 -116.231658 -116.209888 -116.242449 -116.222510 -116.223817 -116.227972 -116.247867 -116.247245 -116.248050 -116.215098 -116.210961 -116.240783 -116.243833 -116.204723 
-116.230903 -116.243332 -116.234289 -116.258871 -116.209380 -116.248818 -116.232158 -116.225067 -116.204909 -116.242990 -116.252618 -116.227086 -116.239118 -116.214086 -116.249841 -116.233698 -116.242680 -116.241824 -116.211586 -116.222793 -116.227992 -116.217511 -116.205175 -116.235788 -116.207191 -116.237112 -116.217827 -116.239378 -116.212268 -116.210308 -116.219999 -116.246755 -116.260031 -116.247659 -116.242810 
-116.228833 -116.208914 -116.207959 -116.231511 -116.213727 -116.259583 -116.215700 -116.252302 -116.250701 -116.233766 -116.250467 -116.202778 -116.246501 -116.250182 -116.210595 -116.224635 -116.256415 -116.244758 -116.227345 -116.223462 -116.250953 -116.231419 -116.234287 -116.242408 -116.207848 -116.235639 -116.256879 -116.228593 -116.253621 -116.237741 -116.217877 
-116.209671 -116.225492 -116.257767 -116.246931 -116.242568 -116.221655 -116.238173 -116.255617 -116.216283 -116.235452 -116.248890 -116.204213 -116.226299 -116.256018 -116.229300 -116.247817 -116.203444 -116.247971 -116.232600 -116.209596 -116.252499 -116.260042 -116.208349 
-116.207511 -116.232027 -116.225512 -116.248174 -116.221884 -116.229047 -116.259822 -116.208851 -116.228206 -116.249763 -116.218789 -116.210471 -116.214368 -116.245496 -116.221747 -116.218175 -116.204291 
-116.236614 -116.204499 -116.226703 -116.240862 -116.245248 -116.222925 -116.207402 -116.218418 -116.232895 -116.257344 -116.206601 -116.251108 -116.205936 -116.241786 -116.250969 
-116.251528 -116.212982 -116.220054 -116.228202 -116.230322 -116.252637 -116.248804 -116.251085 -116.220709 -116.247718 -116.204340 -116.220868 
-116.225268 -116.224715 -116.240542 -116.248555 -116.226164 -116.218819 -116.217532 -116.213476 -116.212549 -116.207660 -116.229154 -116.238743 -116.246320 -116.207376 
-116.211421 -116.258185 -116.245819 -116.219450 -116.243487 -116.221869 -116.218673 -116.203768 -116.231441 -116.250880 -116.214447 -116.208806 -116.235340 -116.213260 -116.209536 -116.257372 -116.220298 -116.231583 -116.251205 -116.208134 -116.254066 -116.233858 -116.256436 -116.259346 -116.253221 -116.223657 -116.220753 -116.223157 
-116.232427 -116.243177 -116.205289 -116.208834 -116.213295 -116.232947 -116.226692 -116.217598 -116.203296 -116.238057 -116.230635 -116.258029 -116.205122 -116.215054 -116.237386 -116.229232 -116.211889 -116.254668 -116.229220 -116.216234 -116.224284 -116.238296 -116.244426 -116.247507 -116.211859 -116.215690 -116.231706 -116.209171 -116.245958 -116.257712 -116.212900 -116.206024 -116.213895 
-116.250952 -116.227614 -116.232439 -116.214608 -116.235284 -116.215662 -116.240874 -116.205257 -116.225732 -116.250512 -116.242828 -116.218059 -116.235999 -116.252215 -116.231442 -116.253707 -116.242586 -116.228193 -116.230767 -116.244981 -116.236896 -116.248454 -116.216316 -116.254669 -116.227755 -116.250416 -116.237665 -116.244390 -116.241605 -116.205338 -116.236414 -116.218704 -116.254176 -116.233374 -116.205977 
-116.247884 -116.219171 -116.256899 -116.256037 -116.232566 -116.210750 -116.216540 -116.252372 -116.228329 -116.235288 -116.247739 -116.256532 -116.255413 -116.240865 -116.254687 -116.204454 -116.245257 -116.207382 -116.247030 -116.242065 
-116.245714 -116.215935 -116.254439 -116.258299 -116.254224 -116.230960 -116.231871 -116.231984 -116.241683 -116.222529 -116.256888 -116.205446 -116.220884 -116.228736 -116.227679 -116.221226 -116.242087 -116.229586 
-116.205886 -116.233149 -116.243573 -116.250400 -116.250081 -116.225016 -116.228266 -116.252199 -116.257525 -116.212035 -116.247369 -116.256181 -116.245970 
-116.217990 -116.257263 -116.240165 -116.211694 -116.220918 -116.221377 -116.220218 -116.246373 -116.245385 -116.203950 -116.251622 
-116.203338 -116.223649 -116.239969 -116.260064 -116.256691 -116.216130 -116.218261 -116.257931 -116.224842 -116.212952 -116.203833 -116.245397 -116.258148 -116.246642 -116.214059 
-116.205919 -116.249532 -116.205608 -116.256051 -116.220084 -116.259958 -116.208909 -116.256181 -116.254665 -116.254622 -116.227344 -116.251967 -116.204553 -116.212191 -116.244991 -116.255555 -116.217127 -116.232445 
-116.245885 -116.248046 -116.215788 -116.243773 -116.209892 -116.239183 -116.213987 -116.225164 -116.238748 -116.237589 -116.244219 -116.259250 -116.211405 -116.224362 -116.208349 -116.255453 -116.249107 -116.202586 -116.253371 -116.237569 -116.211080 
-116.219641 -116.208997 -116.246105 -116.217008 -116.222756 -116.215064 -116.219232 -116.240696 -116.236433 -116.206635 -116.206834 -116.215229 -116.222489 -116.221029 -116.221840 
-116.224274 -116.258300 -116.209037 -116.205288 -116.246231 -116.249355 -116.235236 -116.258929 -116.226538 -116.205138 
-116.253848 -116.240800 -116.235536 -116.219860 -116.228945 -116.233913 -116.205095 -116.228354 -116.219385 -116.224877 -116.235839 
-116.238192 -116.251916 -116.251430 -116.255926 -116.256438 -116.223103 -116.241955 -116.255431 -116.257979 -116.228224 -116.229531 -116.223613 -116.257282 -116.241329 
-116.203840 -116.226582 -116.208312 -116.208126 -116.217111 -116.212473 -116.249352 -116.235180 -116.219526 -116.222296 -116.222265 -116.207582 -116.218096 -116.209114 -116.236670 -116.235755 -116.206197 -116.237672 -116.205088 -116.259238 -116.253457 -116.237321 -116.211862 -116.235453 -116.234981 -116.206543 -116.254353 
-116.254329 -116.213424 -116.246678 -116.252674 -116.253128 -116.252084 -116.215530 -116.215434 -116.207645 
-116.219225 -116.215001 -116.203129 -116.240861 -116.207673 -116.254934 -116.247302 -116.246030 -116.207232 -116.231750 -116.209447 -116.231093 -116.253180 -116.228842 -116.204343 -116.256054 -116.226603 -116.250356 -116.250677 -116.248592 -116.256775 -116.241539 -116.259307 -116.216101 -116.231918 -116.204031 -116.205336 -116.219735 -116.213695 
-116.209854 -116.241075 -116.225668 -116.217254 -116.250330 -116.227558 -116.226039 -116.235569 -116.248763 -116.216466 -116.251565 -116.236266 -116.208645 -116.240255 -116.230429 -116.216129 -116.258818 -116.208396 -116.221494 -116.249172 -116.223050 -116.228620 -116.219738 -116.234512 -116.259973 -116.230955 -116.232816 -116.249588 -116.260134 -116.256688 -116.212294 -116.228209 -116.252688 -116.247687 -116.246411 -116.243596 
-116.217545 -116.254348 -116.206246 -116.222212 -116.246811 -116.235918 -116.246543 -116.215175 -116.213818 -116.248668 -116.222673 -116.210729 -116.250500 -116.254950 -116.259409 -116.212052 -116.241778 -116.203095 
-116.232033 -116.243749 -116.245079 -116.243175 -116.244748 -116.251672 -116.219027 -116.256885 -116.222006 -116.253355 -116.223815 -116.248626 -116.213641 -116.238375 -116.213706 -116.247623 -116.203215 -116.248495 -116.251314 -116.246599 -116.249628 -116.208750 -116.204217 -116.205304 -116.227778 
-116.246938 -116.211978 -116.229115 -116.230981 -116.246329 -116.211524 -116.242796 -116.241088 -116.239852 -116.256453 -116.244282 -116.252454 -116.205934 -116.238986 -116.248062 -116.203828 -116.206016 -116.248179 -116.225893 -116.241416 -116.235358 -116.226944 -116.234679 -116.226607 
-116.215449 -116.236510 -116.206361 -116.223584 -116.215184 -116.219055 -116.242051 -116.215664 -116.243782 -116.259339 -116.246990 -116.257046 -116.214629 -116.259220 -116.237948 -116.256059 -116.203495 -116.230451 -116.232880 -116.229056 -116.240015 -116.226563 
-116.241267 -116.259005 -116.215247 -116.251782 -116.229671 -116.225759 -116.229004 -116.213662 -116.216473 -116.203423 -116.218683 -116.230067 -116.206538 -116.211573 -116.222639 -116.213745 -116.257950 -116.231657 -116.207252 -116.256821 -116.235815 -116.249326 -116.236673 -116.226797 -116.235282 -116.240243 -116.207911 -116.242220 -116.228071 -116.227072 -116.215535 -116.214564 -116.244434 -116.250793 -116.235901 -116.243202 -116.237435 -116.212382 -116.209884 -116.218724 
-116.239125 -116.258899 -116.218063 -116.250971 -116.218246 -116.253250 -116.240120 -116.227603 -116.211764 -116.215696 -116.225499 -116.231037 -116.230862 -116.209891 -116.229420 -116.246868 -116.241461 -116.216657 -116.252465 -116.254062 -116.230670 -116.253383 -116.224946 -116.223864 -116.253618 -116.239486 -116.247296 -116.257668 
-116.246386 -116.216642 -116.209453 -116.249230 -116.254483 -116.254244 -116.256188 -116.218366 -116.259889 -116.228249 -116.239064 -116.217372 -116.247440 -116.233523 -116.227111 -116.238177 -116.259133 -116.230952 -116.252244 -116.235531 
-116.244777 -116.242732 -116.211771 -116.208541 -116.221064 -116.233243 -116.215154 -116.222989 -116.234730 -116.229373 -116.234357 -116.248740 -116.236408 -116.225103 -116.238556 -116.244285 -116.258952 -116.238758 -116.227014 -116.216215 -116.204908 -116.246354 -116.219468 -116.214278 -116.220115 -116.237738 
-116.247973 -116.249961 -116.242436 -116.228238 -116.230886 -116.220691 -116.224275 -116.217935 -116.216509 -116.244445 -116.227253 -116.224158 -116.254165 -116.243447 -116.236156 -116.229394 -116.242280 -116.216329 -116.256684 -116.247900 -116.212117 -116.202691 -116.250406 -116.219625 
-116.245291 -116.256206 -116.218542 -116.260052 -116.244337 -116.234590 -116.240918 -116.210477 -116.243382 -116.223397 -116.221996 -116.220809 -116.233586 -116.249189 -116.237037 -116.215256 -116.237743 -116.255781 -116.212699 -116.244931 -116.230381 -116.220899 -116.226644 -116.215430 -116.248600 -116.251029 -116.207941 -116.220060 -116.221671 -116.230274 -116.238726 -116.249971 -116.249010 
-116.225756 -116.250765 -116.232546 -116.234762 -116.247807 -116.242291 -116.256422 -116.203664 -116.218561 -116.202517 -116.231698 -116.242617 -116.224660 -116.226460 -116.239273 -116.244559 -116.243795 -116.217399 -116.211464 -116.211294 -116.223936 -116.239306 -116.237248 
-116.203433 -116.260124 -116.209809 -116.242538 -116.218927 -116.246242 
-116.240504 -116.203960 -116.247189 -116.208000 -116.217727 -116.219097 -116.226696 -116.231448 -116.217689 -116.235961 -116.212895 -116.243920 -116.217172 -116.216625 -116.252134 -116.248271 -116.241562 -116.246982 -116.258877 
-116.205366 -116.250288 -116.254580 -116.216827 -116.214616 -116.254053 -116.205338 -116.219462 -116.238245 -116.233660 -116.209328 -116.219343 -116.241562 -116.216036 -116.222621 -116.209737 -116.217406 -116.217589 -116.203343 -116.242085 -116.253300 -116.209447 -116.219557 -116.248854 -116.220974 
-116.258326 -116.204072 -116.212367 -116.259590 -116.245446 -116.230923 -116.253185 -116.240629 -116.221844 -116.254391 -116.251712 -116.214751 -116.244586 -116.216464 -116.246755 -116.240248 -116.254776 -116.208400 -116.241614 -116.220450 -116.253998 -116.229634 -116.227793 -116.204835 -116.225009 -116.222905 -116.257503 -116.205525 -116.207189 
-116.252537 -116.234710 -116.234928 -116.243533 -116.241554 -116.250217 -116.240448 -116.218687 -116.230309 -116.250195 -116.221615 -116.221946 -116.214412 -116.229647 -116.226570 -116.236598 -116.248199 -116.227076 -116.209036 
-116.218026 -116.250283 -116.218841 -116.239874 -116.214185 -116.251240 -116.225056 -116.244040 -116.206606 -116.226782 -116.214756 -116.226844 -116.226786 -116.208499 -116.231186 -116.239824 -116.210564 -116.203618 -116.220358 -116.220965 -116.238849 -116.221159 -116.207761 -116.225015 
-116.213548 -116.249447 -116.248096 -116.219898 -116.251781 -116.224111 -116.255804 -116.227427 -116.256098 -116.259267 
-116.213881 -116.218345 -116.243882 -116.240845 -116.211631 -116.224296 -116.237208 -116.259276 -116.229564 -116.206723 -116.245731 -116.254832 -116.248294 -116.217605 -116.209295 -116.256803 -116.207260 -116.218626 -116.202499 -116.250525 -116.215535 -116.242375 -116.206170 -116.214311 -116.248441 -116.209182 -116.227924 -116.224601 -116.235054 -116.212155 -116.214343 -116.225746 -116.259257 -116.218902 -116.245596 -116.224790 -116.226984 -116.223866 -116.214070 -116.227196 -116.258203 -116.203665 -116.225480 
-116.243525 -116.222014 -116.209994 -116.259981 -116.224974 -116.244058 -116.254627 -116.256540 -116.206837 -116.231811 -116.240194 -116.257295 -116.258132 -116.249183 -116.248764 -116.220458 -116.237251 -116.251222 -116.228560 -116.205968 -116.223289 -116.252839 -116.207458 -116.233996 -116.234052 -116.228968 -116.210618 -116.210498 -116.241281 -116.212039 
-116.217975 -116.243078 -116.214066 -116.215835 -116.221505 -116.207791 -116.240384 -116.207025 -116.203697 -116.207829 -116.251949 -116.239936 -116.218508 -116.256275 -116.259475 -116.215999 -116.205220 -116.257536 -116.249578 -116.210322 -116.212970 -116.233568 -116.205370 
-116.229641 -116.204008 -116.234781 -116.258318 -116.205349 -116.218569 -116.219048 -116.253964 -116.239837 -116.222475 -116.254895 -116.213350 -116.249572 -116.258084 -116.255924 -116.226307 -116.204940 -116.243957 -116.233152 -116.222226 -116.249736 -116.249204 -116.225695 -116.242986 -116.256152 -116.234638 -116.234113 -116.259116 -116.219466 -116.240829 -116.238420 -116.214905 
-116.240151 -116.222302 -116.225613 -116.219236 -116.230370 -116.217621 -116.223658 -116.208481 -116.251713 -116.246799 -116.251362 -116.228328 -116.251754 -116.254172 
-116.247480 -116.244685 -116.255232 -116.228418 -116.222737 -116.212258 -116.224377 -116.229540 -116.252008 
-116.227735 -116.232046 -116.228948 -116.244635 -116.236420 -116.220923 -116.204686 -116.204499 -116.224745 -116.250336 -116.210242 -116.256220 -116.211109 -116.242120 -116.235011 -116.211778 
-116.234951 -116.208022 -116.258108 -116.241816 -116.249705 -116.215506 -116.232408 -116.208079 -116.211631 -116.221120 -116.204336 -116.208854 -116.218791 -116.234259 -116.221980 -116.246018 -116.237106 
-116.251788 -116.209678 -116.255605 -116.228547 -116.215543 -116.237616 -116.236994 -116.244026 -116.226753 -116.208613 -116.228639 -116.253229 -116.214032 -116.220570 -116.228044 -116.242125 -116.214882 -116.234432 
-116.203581 -116.245931 -116.212471 -116.225882 -116.214378 -116.247217 -116.244782 -116.214246 -116.219135 -116.253830 -116.220873 -116.242160 -116.245417 -116.206425 -116.224630 -116.232559 -116.241359 -116.249042 -116.218246 -116.219988 -116.233350 -116.229279 -116.254136 -116.231320 -116.204689 
-116.219401 -116.206525 -116.249557 -116.219013 -116.210899 -116.243761 -116.239218 -116.244191 -116.224741 -116.202955 -116.250055 -116.204099 -116.203993 -116.238824 -116.202431 -116.243020 -116.224350 -116.207236 -116.237727 -116.217353 -116.253488 -116.202474 -116.238752 -116.242770 -116.246441 -116.208225 -116.259534 -116.255801 -116.257030 -116.216221 -116.243488 -116.217338 
-116.208364 -116.234008 -116.215573 -116.227005 -116.242589 -116.230917 -116.258092 -116.218850 -116.253105 -116.221561 
-116.234638 -116.234637 -116.207308 -116.226123 -116.250548 -116.211799 -116.211533 -116.246201 -116.232235 -116.252644 -116.211335 
-116.212689 -116.245979 -116.241090 -116.227900 -116.214306 -116.249253 -116.230486 -116.211678 -116.244782 -116.208034 -116.210447 -116.232046 -116.259534 -116.252649 -116.249466 -116.210232 -116.233416 -116.223502 -116.215898 -116.218860 -116.223681 -116.211856 -116.207213 
-116.219518 -116.212123 -116.248907 -116.208450 -116.221464 -116.250930 -116.247966 -116.255735 -116.208935 -116.249763 -116.249589 -116.249818 -116.244001 -116.244278 -116.220569 -116.220008 -116.254829 -116.218278 -116.236837 -116.249720 -116.251031 -116.228331 -116.214161 -116.246840 -116.237883 -116.256284 -116.253943 -116.218300 -116.206265 -116.248302 -116.250440 -116.221400 -116.245985 -116.243463 -116.208787 -116.250422 -116.237615 -116.208442 -116.210897 -116.231124 -116.244994 -116.211121 -116.233888 -116.239386 
-116.254891 -116.256887 -116.244536 -116.209076 -116.252376 -116.224802 -116.215385 -116.250960 -116.250481 -116.223103 -116.252313 -116.210271 -116.243465 -116.218370 -116.225489 -116.242613 -116.249973 -116.212207 -116.224331 -116.236565 -116.244800 -116.230051 -116.202434 -116.240366 -116.233407 -116.209441 -116.222116 -116.253410 -116.254572 -116.212054 -116.254641 -116.221615 -116.236470 -116.234079 -116.221196 
-116.236436 -116.238469 -116.258346 -116.222270 -116.256492 -116.209473 -116.212596 -116.252641 -116.221992 -116.203901 -116.258856 -116.255101 -116.258497 -116.212289 -116.210740 -116.205803 -116.209380 -116.216538 -116.225033 -116.238681 -116.209039 -116.242145 -116.212096 -116.208664 -116.212614 
-116.220274 -116.227392 -116.238857 -116.255477 -116.223005 -116.220923 -116.243377 -116.220553 -116.246170 -116.217361 -116.224235 -116.217833 -116.221730 -116.227366 -116.243996 -116.254981 -116.239417 -116.207512 -116.203193 -116.203987 -116.243848 -116.230799 -116.230342 
-116.238855 -116.216464 -116.219315 -116.224331 -116.254128 -116.252595 -116.257024 -116.222778 -116.236422 -116.216553 -116.204937 -116.229386 -116.204164 -116.249972 -116.224718 -116.245163 -116.214574 -116.233788 -116.250286 -116.218810 -116.206483 -116.228942 -116.220626 -116.246118 -116.219402 -116.255190 -116.215364 
-116.225846 -116.203679 -116.241004 -116.252739 -116.224893 -116.219359 -116.227629 -116.215764 -116.234101 
-116.251527 -116.252070 -116.245769 -116.247526 -116.232087 -116.248251 -116.247273 -116.258176 
-116.244484 -116.203386 -116.236542 -116.254370 -116.259867 -116.250441 -116.228196 -116.213093 -116.206414 -116.217219 -116.223992 -116.206275 -116.214208 -116.219436 -116.245593 -116.237577 -116.257351 -116.258299 
-116.203913 -116.255860 -116.256005 -116.220584 -116.221377 -116.257261 -116.207902 -116.251145 -116.224389 -116.211354 -116.254547 -116.237502 -116.257438 -116.213812 -116.243480 -116.211172 -116.237854 -116.231876 -116.246139 -116.210012 -116.243625 -116.211308 -116.243024 -116.224009 
-116.238610 -116.232983 -116.248546 -116.233315 -116.252038 -116.211446 -116.213731 -116.243540 -116.221614 -116.206790 -116.220041 -116.203428 -116.230960 -116.226592 -116.230707 -116.216042 -116.206035 -116.202698 -116.208875 -116.247722 -116.258585 -116.229244 -116.226885 -116.204591 -116.236135 -116.239198 -116.256533 -116.251774 -116.250216 -116.219954 -116.221516 -116.236559 -116.209666 -116.231856 -116.259407 -116.231562 -116.226671 -116.227831 -116.208467 
-116.257775 -116.214813 -116.221330 -116.231461 -116.207889 -116.238537 -116.209218 -116.231218 -116.210617 -116.230120 -116.213079 -116.221593 -116.231164 -116.205880 -116.238144 -116.224708 -116.222265 -116.240773 -116.207418 -116.205267 -116.211287 -116.227216 -116.216012 
-116.235320 -116.239451 -116.220388 -116.228952 -116.212678 -116.258997 -116.259843 -116.254803 -116.247599 -116.203426 -116.217971 -116.245069 -116.255296 
-116.203531 -116.249732 -116.211429 -116.246808 -116.228840 -116.226839 -116.216386 -116.247027 -116.232755 -116.225836 -116.233047 -116.223156 -116.251285 -116.231387 -116.245585 -116.203562 -116.212003 -116.237885 -116.223614 -116.249291 -116.227226 -116.224042 -116.230775 
-116.223210 -116.250936 -116.259853 -116.214349 -116.227436 -116.258380 -116.238302 -116.257293 -116.207837 -116.219611 -116.232311 -116.257470 -116.234298 -116.223243 -116.225768 -116.236383 
-116.236278 -116.243734 -116.249089 -116.241947 -116.255181 -116.218742 -116.238892 -116.248924 -116.220155 -116.242098 -116.241604 -116.202863 -116.207722 
-116.229276 -116.250861 -116.214431 -116.248563 -116.225004 -116.230578 -116.219530 -116.224242 -116.241833 -116.238178 -116.255229 -116.214122 -116.224754 -116.210116 -116.251839 -116.208432 -116.236402 -116.217496 -116.236713 -116.203414 -116.251978 -116.236063 -116.248198 -116.237175 -116.243043 -116.234002 
-116.235871 -116.224627 -116.253130 -116.255725 -116.229741 -116.230301 -116.250873 -116.234286 -116.206215 -116.238397 -116.216338 -116.232316 -116.215089 -116.232888 -116.209611 -116.257584 
-116.222625 -116.256348 -116.248971 -116.247180 -116.225692 -116.242176 -116.259941 -116.235185 -116.215549 -116.244475 -116.240914 -116.253855 -116.238562 -116.250246 -116.224884 -116.257202 -116.258752 -116.214403 -116.212610 -116.249603 -116.217644 -116.208672 -116.219617 -116.203279 -116.218649 
-116.233166 -116.231324 -116.242407 -116.210292 -116.216281 -116.243769 -116.243412 -116.202836 -116.246635 -116.244371 -116.235772 -116.246833 -116.213003 -116.254815 -116.218766 -116.256618 -116.215005 -116.258515 -116.226947 -116.241328 -116.253177 -116.240551 -116.238205 -116.225843 -116.225254 -116.211778 -116.232101 -116.242436 -116.218106 -116.220315 -116.255471 -116.248258 
