-0.347069  0.918748
-0.421005  0.483544
-0.031666  1.360618
 0.003436  0.611795
-0.597795  1.851314
-0.268626  0.302688
-0.336149  0.791316
-0.076672  0.599976
 0.370803  1.160661
-0.253157  0.668481
-0.575173  1.341435
 0.285998  1.183168
-0.590397  1.642362
-0.173551  0.721933
-0.174790  0.814953
 0.214142  0.718441
-0.181376  0.472152
-0.043516  0.337224
-0.193074  0.791085
-0.234765  0.760694
-0.263394  1.021800
-0.228152  0.870157
-0.824337  1.408934
-0.309903  0.929806
-0.382144  0.795637
-0.755793  0.670122
-0.576952  0.405875
-0.034160  0.545165
-0.096716  0.803543
-0.753622  2.203637
 0.041844  0.947049
-0.167651  0.904298
-0.588869  1.070091
 0.137146  0.660866
-0.685348  1.190840
-0.674835  0.558475
-0.896760  1.745513
-0.504313  0.949390
-0.182644  1.090855
-0.251726  1.672977
 0.133531  0.875778
 0.060128  0.780985
-0.356489  1.777984
-0.519354  0.537548
-0.976581  2.611192
-0.041264  1.301973
 0.623584  1.296781
-0.338663  0.684792
-0.676591  0.871156
-0.862029  5.572125
-0.594179  0.675384
-0.481394  1.380454
-0.515877  0.500969
-0.552190  0.574674
 0.013030  0.342651
-0.345089  0.224050
-0.087467  0.794104
-0.374783  1.391655
-0.347164  1.263394
-0.557046  1.234818
-0.452051  3.404378
-0.563379  0.855552
-0.989961  2.361593
-0.474403  1.062597
-0.253764  1.031573
 0.326577  0.499317
 0.241068  0.861424
-0.385406  0.986270
-0.291841  0.594339
-0.154236  0.745570
 0.099475  0.414731
 0.360573  1.111543
-0.423846  0.823911
-0.189201  1.515633
-0.651918  0.329822
 0.221379  1.980201
-0.313768  1.281266
-0.199579  0.825395
 0.193349  1.159911
 0.422257  0.761375
 0.144363  0.716547
-0.418013  0.941987
-0.820267  1.205090
-1.013871  1.040287
-0.266833  0.780497
-0.389350  0.452977
-0.361700  1.223916
-0.698276  1.611160
-0.266629  0.584978
 0.143664  0.575391
 0.017535  0.870141
-0.000452  0.408142
 0.155407  0.592461
-0.195622  0.990472
-0.277918  1.481072
-0.347999  2.997386
-0.193710  1.074920
-0.375997  1.134463
-0.483785  1.151002
 0.103283  0.941675
