0.842016 0.128936 0.076579 0.558326 0.200077 0.344504 2.046834 11.650446 0.039674 0.088496 2.460947 0.623680 
0.315326 0.055562 0.595561 2.404221 0.266427 0.151317 25.779118 0.349010 1.166230 0.079927 0.358505 2.330693 16.747522 0.283453 3.186067 0.184878 1.020562 0.032255 0.312597 0.015946 4.269649 15.450077 2.574176 0.504949 0.041311 0.410808 1.159029 0.018552 0.105605 0.037683 0.059587 0.095647 
1.791623 0.385496 0.775864 2.565042 1.216942 9.514675 0.093540 0.555368 66.061825 0.156326 0.058754 0.532219 0.159365 2.305843 19.194530 0.190705 0.034581 0.317962 
3.323289 0.360507 2.174111 0.140343 1.187789 12.744032 1.156665 30.333525 3.035762 0.110185 12.840932 1.261058 0.613077 0.090966 17.039520 0.362410 0.414428 4.793208 29.624807 0.083181 0.136676 8.077524 0.907215 46.222611 4.146831 0.481107 
0.029001 1.506870 9.535648 0.044820 2.779043 0.029203 0.007051 12.528822 2.608839 0.414100 0.643448 0.069890 3.142428 1.987150 0.013531 6.205465 0.004440 0.038643 0.050175 
1.316280 0.245284 0.107985 0.590164 0.400458 2.535400 0.873857 0.085080 0.860958 2.009472 0.547401 8.525669 0.012770 0.347903 0.780214 0.039949 9.327651 2.827269 2.453057 3.778425 4.284031 4.064255 0.598831 0.077601 2.556140 1.374520 0.101025 0.451514 0.938160 0.342716 1.243590 0.633666 2.572019 
0.695869 1.362418 0.087547 0.484135 3.084254 1.784991 0.961861 0.637071 1.659353 0.669171 2.868059 0.221018 1.002448 0.008641 9.379108 0.276673 0.330897 0.377919 0.119450 0.257180 0.866582 0.179267 0.364461 0.046851 1.111019 0.897680 0.035138 2.099856 0.023403 5.117253 0.668035 0.048998 11.186843 0.786599 1.193824 0.207688 0.620048 1.140248 4.792543 0.335491 0.063375 5.164433 0.025521 1.344692 4.587958 
23.857302 1.040444 0.098573 0.047749 3.792872 0.102105 0.352094 5.189425 0.324010 0.650805 0.529708 1.765661 8.636129 0.967539 2.300067 
25.754813 0.280464 67.237911 15.016289 4.266666 2.528831 3.735747 1.878613 0.035243 0.456548 41.489398 8.337113 0.384822 2.553701 101.253184 0.462307 0.620617 0.457995 150.018795 
12.624803 4.627030 4.632887 0.059709 14.577787 3.697009 0.019064 0.749853 11.450166 0.171733 0.154302 1.712570 5.630676 0.375734 0.361231 0.921087 9.020567 0.620000 0.035453 0.219970 0.136764 0.832145 0.269089 0.124729 
0.873885 0.099894 1.472743 0.158120 15.282169 5.949125 2.893782 0.019280 0.337478 1.667413 1.952159 
3.199162 4.312661 0.086496 0.329051 7.424650 10.028965 16.286498 9.805019 17.458900 0.143887 3.980756 0.127034 0.071789 0.708373 0.566220 7.168197 
3.626553 8.074726 0.003530 0.015767 0.259006 0.021625 0.570040 1.647824 0.095065 0.006018 0.027809 0.036863 0.242645 4.959504 0.025927 12.009247 0.238616 0.717365 4.377037 1.479749 
1.160889 1.172879 1.664719 13.659925 0.179070 1.360351 0.102448 13.470874 0.812474 1.195354 0.844718 0.041278 0.356667 0.032881 0.423553 0.021249 1.661919 0.446547 
0.019402 0.058189 1.226770 1.598724 2.007013 22.590439 4.526427 2.208407 1.926303 0.819001 0.080962 1.028596 1.265521 2.892969 0.048296 0.200437 0.219768 5.641369 51.348806 0.710151 31.608711 
0.365642 14.474913 0.510665 32.358610 126.923620 0.070124 11.058473 47.275711 0.228118 0.035726 2.252586 0.660953 29.615819 0.079443 0.030758 3.665053 1.732428 0.764315 0.207707 2.851071 6.063890 0.060937 0.694253 10.212104 
5.377368 0.706930 1.449959 0.104851 4.524985 0.234665 
0.268408 0.370396 5.219722 1.776423 1.179576 0.097127 0.307414 0.259009 0.192716 1.850286 0.285808 3.786288 0.621719 5.670945 0.856957 0.105360 0.235831 0.342157 0.644586 2.320520 0.581309 1.615073 3.752462 0.762198 0.849688 0.330404 2.314036 0.204872 0.369296 
0.035007 6.683350 0.160271 46.890221 3.196382 0.444315 0.763918 0.445446 0.011619 0.869113 2.633651 0.446943 0.940206 0.281152 0.012597 0.360658 1.927865 4.419225 0.077479 7.847291 4.832858 5.469359 0.069463 0.221764 0.027802 2.288501 
2.750818 0.053566 1.222133 0.159764 0.043292 8.675611 0.118325 4.009461 0.956986 18.572556 0.310906 2.686890 10.993102 2.045088 4.725074 0.875660 0.132186 0.057096 0.486138 
0.432952 0.186521 5.659709 2.396895 0.310061 0.090111 0.334179 0.357107 0.032116 0.062254 0.705730 0.480503 0.772025 18.338134 0.079213 0.063015 1.351170 0.094910 0.064851 0.071438 0.241328 2.900219 13.735192 2.165213 23.330209 0.223395 0.027650 8.525409 0.091662 0.148777 
1.500355 39.509715 0.741429 2.602667 1.257162 12.344090 6.606907 0.107516 4.166815 0.162265 1.409941 0.140938 2.220718 0.085411 0.226820 0.246019 
0.002806 0.078104 4.641204 0.561469 0.195815 0.042402 0.114432 0.029515 0.052172 6.494645 0.030262 0.457189 6.263459 0.007988 0.057116 0.028272 6.657831 2.254708 0.344904 0.268913 
0.062332 0.093526 0.194191 0.855007 0.013249 0.137841 0.064527 1.915320 13.800441 2.525100 0.032122 0.685928 0.829346 1.940296 0.549934 0.066312 0.148284 1.456245 1.040933 0.359706 0.255543 0.044756 0.312059 1.455884 0.939293 0.251964 
0.022030 0.075458 7.144108 0.868893 0.515978 0.269827 1.934824 1.710036 0.043233 0.004533 0.030819 3.306860 0.005071 0.273417 0.013295 0.021604 0.296322 0.767125 0.071313 2.282603 0.019037 2.546389 0.889562 12.770574 0.311672 0.316161 0.240472 0.274672 0.019998 0.127296 0.150616 0.205193 0.146968 0.015445 0.202485 
2.748775 0.357222 1.140201 0.153279 2.090095 0.016546 0.384777 2.562417 0.005947 6.132263 0.177250 0.013211 0.079517 0.054624 0.033435 1.289822 0.031808 0.153804 0.213354 0.167530 0.646283 0.183046 0.156355 0.024091 9.259696 0.161555 0.040930 3.234675 0.856827 1.182493 0.635703 
0.528138 1.880223 0.096985 0.074988 0.349800 0.232470 6.583237 0.108913 0.014913 3.578597 1.457385 0.036130 0.306929 0.027890 3.492880 0.308757 0.845741 0.103565 0.636869 0.009737 0.478930 0.038648 0.175597 
0.155419 0.728418 5.233956 11.104405 20.185605 18.469876 0.467441 0.815496 0.061912 0.050581 0.544427 0.608981 2.506993 3.991978 1.289493 1.773689 0.255845 
0.024716 0.922945 0.500993 10.007263 8.773455 2.203278 0.637740 0.316440 11.806201 13.356939 0.618704 0.834743 9.916782 0.057090 0.089492 
1.238804 0.677386 4.474229 7.125971 0.197125 0.296549 4.659636 8.171943 1.401735 0.040632 0.007606 0.027284 
7.026711 0.316310 0.232116 0.456641 12.568283 2.636888 3.708500 4.495199 0.044857 0.121128 0.680332 0.495908 10.510061 0.013850 
0.194028 17.032669 0.675501 7.382892 1.347924 7.432199 1.162198 2.988492 0.219886 7.993123 2.343525 4.260868 0.237689 1.926502 0.854240 0.088995 0.946186 20.444364 0.060553 0.117136 0.436515 0.170429 0.125905 1.852061 0.306728 1.195315 0.655522 0.658062 
0.064425 1.388462 2.967962 2.643401 3.709283 7.261834 17.362257 1.857754 2.172618 0.330998 0.329619 1.614096 0.005971 0.039159 0.050835 0.035998 0.143520 0.162402 3.771695 0.066842 0.054727 8.447893 4.609643 0.318205 1.496755 2.048001 6.822933 0.004793 0.192259 0.078438 0.274561 0.002580 1.479809 
6.524429 0.065627 3.977766 45.275850 0.098574 0.254859 0.046640 1.288048 1.424421 0.741713 9.983592 2.738652 4.524276 0.129806 3.511676 8.028588 0.070215 0.062891 2.568589 0.346172 1.026754 0.323390 1.871931 107.141043 0.203242 22.077111 7.016785 7.075134 0.535116 3.575588 29.597030 0.296769 0.101322 0.014397 2.631899 
0.476992 1.030097 1.407032 1.958119 11.569185 0.058037 0.405186 1.596952 2.854290 10.347045 5.395599 0.134348 0.316549 0.165486 0.142341 0.127229 0.026763 1.052911 0.467144 0.495636 
0.205655 2.564588 0.325058 0.034571 1.264391 1.142681 8.452823 0.282581 0.145974 0.103359 0.002186 0.049024 0.337592 0.104827 9.778502 1.016237 0.280030 2.747717 
1.219999 6.930842 0.344458 0.010851 0.155544 1.240841 0.981126 0.136038 0.134729 5.433168 0.040794 0.076240 0.002937 
2.161347 0.010814 0.118635 5.963529 0.084446 1.728824 2.715309 4.544626 0.210142 0.853006 0.337234 
0.853255 0.985451 8.618338 0.162124 0.153985 0.124248 2.805430 0.066922 0.155717 0.021770 4.979368 0.006620 1.034538 14.860266 3.542810 
1.825266 11.001895 0.678526 24.785594 0.016088 0.592288 0.181535 10.945589 1.481583 0.623121 3.351418 5.137279 0.070023 0.082275 0.206193 1.214961 0.011715 3.814050 
1.277049 15.658304 0.113347 0.122836 0.378281 4.270525 6.377652 2.567714 0.064041 0.355710 0.954087 0.789485 0.203155 7.177097 0.079816 0.102871 0.097571 4.278903 1.049345 2.093299 0.688716 
0.165704 0.113730 0.162503 0.890424 2.856755 0.417990 1.018949 0.831877 8.558299 9.592817 15.623235 0.069921 0.350001 0.151514 0.693416 
6.106769 0.082752 0.032548 10.974256 1.033451 0.044321 0.450881 6.213031 3.514358 0.085222 
0.537883 0.100423 0.403201 1.067234 0.544322 12.999582 0.016020 2.027186 5.799493 2.349983 0.617229 
0.068986 0.015304 0.205685 0.001633 1.173116 6.419073 0.016356 0.286556 0.003994 0.020317 8.078904 0.055666 4.020334 0.461661 
1.404515 3.659221 11.846688 60.129900 0.101812 0.049524 0.069520 0.288649 3.764557 23.318498 0.157620 37.757138 0.036856 3.698569 3.962862 0.260247 0.829591 0.183482 0.023973 0.096656 0.350061 0.099603 0.210241 0.345942 17.240893 0.029086 0.060095 
0.071735 2.943054 2.753694 8.651072 6.426320 10.480484 0.069783 7.232860 3.642099 
0.491863 1.121785 0.085937 0.061650 0.744428 0.930720 0.293578 13.531408 0.200859 0.902574 0.014269 3.959096 0.110349 0.405033 4.811355 0.258266 1.493060 0.061469 0.391344 0.114994 1.315328 2.636001 0.170653 0.309065 1.443504 1.412203 0.078489 0.735343 0.714445 
10.114391 11.869709 0.091869 5.569914 4.002675 0.458973 0.412758 0.191936 0.071954 0.140614 8.040789 1.054693 0.022724 7.509764 0.670331 3.722576 0.044855 0.106199 0.157605 0.149937 2.691962 0.278748 0.563251 0.032421 0.043708 1.116273 0.092074 0.003376 0.013532 0.835735 0.049860 2.514470 0.217043 0.717676 0.037143 0.055356 
0.014548 0.003312 3.264155 1.290154 0.019878 5.714566 0.039470 0.182374 10.439053 0.119348 4.266349 0.029595 0.006264 1.353967 0.059172 0.360191 0.223645 0.033276 
11.411078 2.226076 0.492933 0.862455 0.025108 0.264855 0.021530 1.054713 0.378506 0.512902 4.236849 0.064241 0.543824 0.016013 0.052029 0.011073 0.525373 0.047424 0.075723 1.174278 1.752792 0.611180 0.277447 0.812005 2.485174 
0.247316 6.708949 0.779400 7.477792 0.215733 0.655741 0.772903 0.087146 0.229499 0.024903 0.012454 9.641097 1.420147 0.085136 0.009309 0.012296 4.607324 0.016961 0.405949 0.490688 0.008054 2.833079 2.138918 1.248549 
3.868944 12.429168 0.457970 0.924443 0.065615 0.287033 0.385047 7.552661 0.300168 1.397862 1.259774 0.069176 0.040869 0.272758 0.475295 0.381058 0.100367 8.068148 0.027976 0.037645 1.640490 0.578675 
0.091191 0.051150 0.152728 0.629011 3.319590 1.584638 0.300869 0.039218 0.516615 0.271308 3.345575 4.445883 1.484695 0.298815 0.186674 0.043745 1.357408 20.717665 0.069384 0.198307 0.386508 1.568080 0.140122 0.032052 0.919208 0.045210 0.333267 0.124955 0.140557 6.331858 0.136735 0.007268 0.401709 0.511265 0.021136 0.256530 0.981090 8.372857 0.086403 6.061786 
12.647176 2.777949 4.531427 0.227925 2.589495 6.605946 0.052867 0.784605 0.065469 1.084382 0.600909 7.405432 0.786123 0.410485 0.584043 0.450935 0.217244 3.479473 1.289058 22.353036 0.368989 2.115645 8.631853 2.051595 1.589219 0.310922 0.159907 1.761165 
0.084457 0.671708 0.079887 0.055624 2.239858 0.922862 0.635123 0.043849 0.402477 2.228409 0.167030 0.063666 0.057673 7.617314 2.410806 0.477979 0.140928 0.064308 0.149444 1.643566 
0.078423 3.981770 6.706805 0.166577 13.699553 3.213688 1.134178 0.077558 0.121319 3.813299 33.155053 0.016839 11.250776 0.999549 0.074268 12.013861 0.044280 3.346319 0.812401 0.121458 3.028182 0.173166 0.027697 17.404347 1.135301 1.202571 
0.730973 0.079574 0.076864 10.079976 0.052248 5.472844 0.213050 0.044525 0.766565 0.043016 1.221060 11.758506 3.996856 0.021374 3.280568 0.029562 1.431648 25.256739 0.020724 0.009392 0.008230 0.283447 24.285935 0.368040 
0.363519 0.478342 0.910577 0.227912 0.484377 6.392095 1.648835 0.014134 13.865477 2.942132 0.043735 1.542596 0.175632 0.012304 0.031702 0.076381 0.730234 0.433117 0.087694 0.131546 0.020328 0.129075 0.114379 1.891312 7.701357 0.090311 0.694608 0.053524 0.277519 0.201701 0.370859 0.179620 0.054478 
0.014362 26.082384 0.652242 9.578535 0.425520 0.134293 0.203580 26.840773 1.267763 0.725218 0.139608 0.249318 1.166835 4.727605 3.784297 0.082537 0.097369 11.032022 0.022327 8.219799 2.860859 0.060100 0.339347 
0.016896 1.073956 3.093241 0.059591 0.510315 13.606276 
0.063093 0.260282 0.480463 0.137480 0.011343 0.693533 4.547766 7.329796 0.009128 1.465709 0.015521 0.003192 0.038400 0.027895 10.812128 8.000220 0.068446 0.006381 0.007779 
0.005178 2.648970 2.101132 0.475240 0.519562 0.082358 0.024616 6.531703 8.387512 9.730458 0.750083 1.011076 0.013958 0.031865 0.015349 0.249495 0.165557 2.193839 0.133151 0.291431 0.009477 0.196579 0.053276 0.032283 0.093016 
0.009101 3.938835 1.081649 2.668443 2.341478 10.102949 27.085419 0.233249 1.302173 0.017345 0.115273 0.076089 0.356427 0.310470 0.161092 0.107229 0.201745 0.036519 0.206622 6.359240 0.015298 0.261033 0.015026 0.956354 1.792250 1.562418 21.786800 11.417766 0.029683 
0.963035 0.009023 9.948242 0.079447 0.016273 0.056044 14.974762 0.604228 0.114677 0.021488 1.051247 0.056319 0.018156 1.004167 0.054319 3.032386 0.152152 12.002292 2.757567 
1.579425 2.000422 11.963578 0.972200 1.433833 0.251829 2.993952 0.958369 2.110397 4.148597 0.106526 0.253944 4.087392 29.451930 0.264179 0.512074 4.728432 0.118804 1.888660 0.913553 4.157920 0.471516 0.306471 2.778911 
0.072940 2.310032 0.641564 7.614737 26.901254 1.577752 9.425133 0.503486 38.820371 14.720686 
0.013398 39.882816 1.465462 0.046513 1.942808 16.933304 0.015573 0.604112 8.910076 0.527877 0.036559 37.550838 0.130952 2.234344 0.013564 0.069719 0.236669 0.105459 0.137596 0.128383 0.271814 2.249327 0.860299 0.376974 0.012947 10.445801 0.023344 0.287779 0.122606 0.948989 0.039947 0.195265 0.303285 0.241172 26.939510 0.084017 0.074000 3.730829 0.032281 1.680387 1.659452 0.078361 0.345361 
0.035950 0.109448 0.078915 0.936395 0.141505 10.878477 0.165845 0.018678 0.537519 1.292514 0.813799 0.045923 0.300373 0.158043 2.362901 0.666843 0.170035 2.303728 0.825153 1.227417 0.038225 2.287729 12.898410 4.629498 1.967783 3.668768 0.550563 5.963259 0.457255 0.469493 
32.775944 0.160128 0.102150 7.776341 1.872435 0.014675 7.085931 0.777723 0.223475 0.109804 0.044856 0.027543 0.114777 12.761878 0.248759 4.874051 0.179015 0.980316 4.712537 5.544377 5.084365 0.725541 3.293991 
5.396276 0.349044 3.063748 2.662577 2.604855 6.176599 3.264743 2.222137 17.318530 1.494799 0.727652 4.898106 0.034808 0.215761 0.257441 0.756071 0.654708 0.226218 0.069431 4.023109 4.453158 0.083739 4.095090 3.675141 0.142739 0.112916 2.906724 1.715858 6.998980 1.383995 9.864851 2.932420 
0.061445 0.121195 17.413650 10.478276 9.487448 0.145830 0.141259 2.430461 1.854346 0.760744 0.285076 2.622943 0.028905 1.857127 
6.401156 0.005354 0.019729 0.283939 2.359054 0.837056 2.468842 0.276431 0.067430 
0.793227 5.102285 4.788061 4.750606 0.084847 0.049138 34.730733 0.761104 10.690233 8.973203 0.081900 1.110729 0.416912 0.318832 8.898992 0.010886 
5.839511 0.067019 0.048366 5.618644 1.085915 0.526415 0.058989 0.064146 0.036882 1.172057 0.399375 0.638819 0.998760 0.566791 3.362567 0.391012 0.049621 
0.407590 0.069942 0.376784 0.061784 0.619476 0.165356 13.089988 6.869741 2.553472 2.609556 15.193673 0.684515 6.076533 0.848309 0.058050 1.424197 0.158090 0.096472 
2.376620 0.195073 0.013819 0.479729 0.220979 17.215305 0.217010 0.059039 5.768663 1.958731 9.185625 0.019871 0.094820 0.227805 0.246481 9.161797 0.008596 2.413419 5.496891 29.329886 3.234175 0.563721 0.206848 0.161530 12.674896 
0.029071 0.631858 0.029173 2.151391 11.420480 0.556490 0.944175 0.027852 0.030379 0.274951 0.058154 1.845572 4.262192 0.361008 24.201114 15.425265 1.275761 0.462868 16.267568 0.421073 0.778340 0.256652 1.328787 1.190611 0.995858 13.910160 0.044316 0.190192 0.517167 0.169160 3.652294 7.825622 
0.624399 0.118400 3.951862 11.767554 10.449294 0.817039 51.688979 0.210541 6.081694 10.791213 
7.719015 0.230392 2.268864 0.041890 2.791083 7.478568 1.462449 1.440289 14.074285 0.034845 0.696044 
3.223860 0.275838 0.465725 0.762307 0.295873 1.365572 11.619827 5.443491 0.025917 0.215036 0.029823 0.147795 5.094487 0.289994 10.022044 0.699624 5.707668 0.336847 0.748783 0.354466 17.994505 4.754150 1.550236 
0.176584 0.036367 0.905287 1.028965 3.897235 0.074267 0.019873 0.096199 0.743161 0.161376 0.056990 0.186790 0.372065 0.571360 1.938553 0.338258 0.067160 0.142724 1.074423 0.025161 0.336223 0.506290 0.651726 0.917213 0.468718 1.452359 0.057637 1.227375 0.003823 0.384443 23.763945 12.419266 0.429822 7.291160 1.740798 36.591641 1.453320 4.509176 0.726613 0.017628 0.267794 0.938155 0.796660 0.011146 
0.030832 3.811286 0.494872 0.109267 0.024041 4.747915 0.001532 0.033760 3.705941 0.015238 4.213126 0.129620 0.234122 0.479858 5.110926 1.286229 11.261158 0.205456 6.871410 0.116857 0.006591 6.431897 0.009825 0.160462 10.822549 1.011518 0.001877 0.115843 0.513694 0.242450 0.010329 0.008489 0.068730 2.128833 0.033556 
5.158400 0.426548 0.009909 0.005374 0.375139 0.078965 0.005917 0.001072 6.238547 0.007290 2.174213 0.282872 0.015277 0.014205 2.910461 0.050714 0.070920 1.690480 0.396884 0.004598 0.005554 0.009968 0.104658 1.656876 0.006929 
1.726735 2.103536 8.149357 0.841663 0.040230 6.194008 0.379624 0.338406 0.726869 0.010225 0.122818 0.181694 50.389585 0.172264 0.327031 0.221190 0.363575 0.310855 0.250525 3.559546 0.096849 0.286469 0.059051 
19.682602 2.580099 0.293616 0.792613 0.144668 2.186374 0.066592 0.275231 0.103587 0.555060 1.532342 0.717153 0.753497 3.016143 1.221228 0.145666 0.181340 1.525171 0.784448 0.051890 0.076356 1.233929 2.365065 0.174636 1.365726 0.074420 0.133244 
1.354563 1.715890 0.056495 0.062359 0.900115 2.535625 2.724790 5.114039 0.889970 
0.003673 0.081565 5.980313 4.843170 0.990859 0.020796 0.008649 0.002553 
1.313628 0.012349 6.205526 3.748665 1.504967 0.395148 0.250492 1.190691 0.032479 2.401138 0.105844 3.087784 15.471268 1.090703 1.594178 0.142815 1.178935 0.256184 
0.014629 0.224012 0.073656 1.835228 5.182752 5.065065 3.947217 0.432981 0.187012 0.275663 1.129187 13.536989 0.555417 0.279438 0.540975 0.840997 2.891365 0.180140 0.153156 0.240121 0.625270 0.563022 6.175842 1.277653 
0.312241 6.179015 0.357058 0.883839 2.988597 7.089920 9.388398 0.538462 12.835045 0.029162 0.028940 97.380270 5.626399 2.676344 4.358956 1.053170 0.612244 1.442034 0.342402 10.380422 0.018900 2.072407 0.463117 0.242194 0.023828 2.119739 0.243029 12.523985 0.027798 0.230812 6.402879 0.430223 3.335217 6.503712 0.940150 4.105638 4.849594 0.037614 0.574556 
0.357282 0.855460 7.014303 1.533033 0.142255 0.182615 0.390991 0.187115 2.119150 10.154633 0.804854 0.180890 7.514585 1.292237 2.973128 0.870405 0.307603 1.404198 0.251302 5.140779 13.792863 6.498345 2.581551 
2.021229 0.102443 18.406990 1.335422 0.105264 18.758692 13.821441 0.052886 2.408536 9.302411 3.724515 6.776037 0.527810 
20.587621 0.504737 0.081244 47.670277 3.061164 0.290693 1.468469 1.169087 2.650161 47.400880 3.474465 0.076012 0.010535 0.062645 0.012286 6.110533 5.849902 0.121518 16.014557 17.826609 0.016992 0.327061 1.017934 
4.983024 1.569826 12.797453 0.912501 0.099103 2.145377 2.858566 0.016532 0.178540 8.261740 1.256590 0.040999 0.019011 8.048595 0.017216 0.014593 
8.036833 0.575541 0.067900 0.406043 3.583457 0.064470 1.787554 0.252008 2.618990 0.047612 0.006356 0.708595 1.263571 
1.580107 0.249044 26.606291 0.919025 0.206070 0.451946 16.028224 0.056766 0.410850 12.418773 0.169293 2.233634 17.956839 0.219318 1.064215 1.926614 5.336360 2.914279 0.093996 0.218135 15.851803 0.646828 0.028920 0.008565 38.384294 0.526345 
7.527906 1.413935 2.750674 0.313745 6.755370 7.299054 0.010958 0.083704 5.988106 0.105216 0.314752 0.197919 0.134334 0.059380 0.126732 0.040528 
0.024228 0.295464 10.816205 0.061296 0.202456 0.026740 2.907592 0.076253 0.256455 0.446176 0.112329 0.192224 8.479657 5.293927 5.962088 0.517378 1.273508 2.279698 5.732623 0.004663 0.301434 1.713756 0.031261 1.923859 0.048535 
5.725771 41.286518 20.536677 1.100037 0.135443 0.019771 13.789068 6.030621 0.029387 0.060739 18.772596 1.239911 3.358779 1.216936 10.704399 0.712831 61.179741 1.477879 2.865023 3.910789 0.090529 0.905529 6.397268 0.627263 0.048904 0.167201 3.705648 0.176409 0.141737 0.822843 1.579358 4.287169 
