35.867876 35.864323 35.849091 35.884483 35.878323 35.871366 35.887324 35.892370 35.843250 35.878070 35.860579 35.857170 35.888479 35.875148 35.853717 35.884638 35.883439 35.872104 35.865169 35.859610 35.852261 35.862461 35.884595 35.844666 35.891509 35.880902 35.858252 35.878189 35.850775 35.876760 35.891547 35.890176 35.888353 35.887064 35.857644 35.886977 35.841793 35.844779 35.886215 35.863836 35.859113 35.864242 35.851507 35.890174 
35.853652 35.867109 35.881808 35.857356 35.872345 35.863603 35.878781 35.890284 35.891091 35.855201 35.876007 35.859757 35.862602 35.855411 35.891409 35.846293 35.878704 35.887450 35.882795 35.881205 35.870518 35.883949 35.850343 35.847154 35.870368 35.862723 35.880371 
35.880812 35.889075 35.867206 35.857325 35.873309 35.845298 35.862404 35.847271 35.853821 35.883910 35.851206 35.870397 35.885052 35.877039 35.861823 35.882573 35.879576 35.869436 35.859969 35.860984 35.875556 35.860084 35.852081 35.889654 35.868886 35.849869 35.858405 
35.865394 35.891483 35.851816 35.858215 35.849444 35.881316 35.853966 35.848133 35.892102 35.857872 35.849979 35.845998 35.863601 35.880976 35.870954 35.871443 35.887868 35.879865 35.842758 35.860772 35.882261 35.860777 35.875148 
35.868049 35.853773 35.875629 35.841956 35.850745 35.858577 35.886561 35.871042 35.876607 35.874094 35.884257 35.872748 35.883936 35.864399 
35.850288 35.877041 35.888402 35.874889 35.849620 35.878956 35.888352 35.844309 35.886856 35.845431 35.885459 35.872278 35.856766 35.877806 35.844189 35.886711 35.855778 35.861225 35.881237 35.873420 35.856339 35.858995 35.847124 35.852039 
35.888505 35.849178 35.892062 35.884452 35.848846 35.891650 35.867110 35.866878 35.888928 35.840538 35.842867 35.875798 35.861348 35.857148 35.882269 35.865187 35.867509 35.849601 35.866008 35.848970 35.883980 35.860509 35.863828 35.859699 35.889349 35.856592 35.868880 35.881100 35.890130 
35.858309 35.880373 35.844584 35.882537 35.843692 35.861839 35.883021 35.862271 35.891231 35.853758 35.884728 
35.877157 35.850792 35.885645 35.880929 35.876550 35.880913 35.877937 35.890787 35.887200 35.886393 35.844616 35.874796 35.847008 35.875574 
35.887777 35.849723 35.854568 35.886648 35.865964 35.866285 35.891257 35.862023 35.885618 35.849078 35.859493 35.855645 35.850748 35.883664 
35.872940 35.886820 35.871139 35.884322 35.884491 35.845251 35.885073 35.874364 35.872620 35.871578 35.844268 35.845387 35.856862 35.880622 35.871026 35.858465 
35.888406 35.889824 35.872098 35.844551 35.846231 35.853956 35.879025 35.842236 35.872037 35.892201 
35.876413 35.878081 35.865752 35.844705 35.860049 35.872451 35.889093 35.858016 35.849134 35.842344 35.872294 35.884775 35.865033 35.866697 35.852357 35.871454 35.876958 35.854242 35.878386 35.886399 35.882067 35.879918 35.857068 35.886956 35.863830 35.889312 35.883320 35.861132 
35.856859 35.869789 35.841542 35.857248 35.886135 35.892164 35.884990 35.888626 35.872251 35.842326 35.877621 35.854689 35.853243 35.888316 35.872274 35.881004 35.875250 35.884018 35.879416 35.890183 35.875175 
35.887880 35.847666 35.842973 35.886262 35.857685 35.891992 35.844335 35.883366 35.841981 35.854687 35.852885 35.844209 35.881566 35.882550 35.859204 35.849843 35.890698 35.845558 35.841443 35.877557 35.887853 35.889974 35.884301 35.875482 35.876420 35.854585 
35.890291 35.886405 35.884085 35.841638 35.874171 35.858814 35.850412 35.840612 35.851491 35.859503 35.852100 35.890373 35.891177 35.883300 35.842667 35.864339 35.857620 35.888510 35.865325 
35.873478 35.857102 35.888685 35.856744 35.879243 35.876660 35.863688 35.872677 35.891677 35.875152 35.855043 35.859474 35.877330 35.860766 35.889140 35.858918 35.874703 35.881827 35.890956 35.873172 35.844252 35.870841 35.858749 35.889542 
35.850742 35.847311 35.847563 35.890251 35.842156 35.845726 35.856586 35.859559 35.841424 35.883981 35.842633 35.881469 35.867709 35.871606 35.861028 35.851469 35.849437 35.871751 35.857527 35.842095 35.882907 35.891674 35.843149 35.845072 35.850101 35.869784 35.857738 35.857435 
35.863714 35.844027 35.876050 35.842470 35.852155 35.864826 35.855604 35.854752 35.875817 35.870619 35.866270 35.870169 35.881546 35.889149 35.843054 35.867118 35.875367 35.848486 35.865876 35.890783 35.850198 35.876046 35.885057 35.849620 35.873423 35.888408 35.874516 
35.850318 35.846124 35.856972 35.883648 35.845610 35.864748 35.887779 35.880922 35.881151 35.867821 35.864763 35.872031 35.885009 35.882836 35.842893 35.850075 35.878092 35.879300 35.840614 35.866330 35.858361 35.872432 35.840899 
35.869036 35.851015 35.861645 35.859716 35.882889 35.871627 35.888645 35.890423 35.878281 35.843480 35.845020 
35.881469 35.857182 35.871788 35.861918 35.847732 35.876236 35.874776 35.841383 35.883729 35.875693 35.862324 35.860417 35.845323 35.848809 35.864123 35.876948 35.886765 35.841435 35.846352 35.863379 35.848256 35.881682 35.883745 35.884969 35.869157 
35.885605 35.885159 35.855579 35.871304 35.861936 35.872514 35.886112 35.861308 35.880186 35.853722 35.867159 35.844580 35.846573 35.842107 35.861224 35.874078 35.843673 35.881421 35.846221 
35.865081 35.890747 35.846768 35.883010 35.880038 35.841378 35.857739 35.850074 35.842961 35.858381 
35.871010 35.887282 35.869680 35.887440 35.869405 35.852795 35.869861 35.846707 35.863367 35.848747 35.892249 35.878940 35.846185 35.891420 35.856230 35.885462 35.876781 35.864644 35.845213 35.840543 35.871881 35.874572 35.877544 35.868533 35.846797 35.872910 35.841069 35.847879 
35.844278 35.847942 35.871812 35.878242 35.852743 35.876292 35.877490 35.858847 35.891633 35.848663 35.890111 35.889089 35.857199 35.863520 35.888173 35.881779 35.847104 35.877439 35.871376 35.855680 35.872987 35.877517 35.886925 
35.891481 35.862307 35.872720 35.873437 35.881695 35.845588 35.864179 35.880135 35.876257 35.868714 35.890020 35.873779 35.869466 35.890782 35.863782 35.872251 35.853782 
35.866592 35.880709 35.869480 35.843326 35.885881 35.855331 35.865078 35.841545 35.886897 35.886962 35.875821 35.856623 35.887704 35.840822 35.843864 35.861410 35.880857 35.884431 35.843529 35.852283 
35.873268 35.883034 35.849582 35.887027 35.865065 35.845240 35.887580 35.870608 35.891841 35.846039 35.860262 35.855792 35.848794 35.842191 35.852986 35.879886 35.872120 35.855279 
35.859923 35.884873 35.862058 35.866261 35.874608 35.882509 35.876627 35.840749 35.848045 35.871893 35.859487 35.878008 35.858814 35.849953 35.864667 35.868797 35.882257 35.850657 35.858728 35.843937 35.868646 35.855169 35.868791 35.852768 35.881723 35.882650 35.873478 35.871924 35.891243 35.865803 35.881313 35.873085 35.883270 35.880789 35.872558 
35.856311 35.852431 35.884851 35.883748 35.847285 35.878907 35.866230 35.890842 35.866643 35.855668 
35.869890 35.866757 35.880340 35.870516 35.884636 35.882238 35.853862 35.852625 35.891118 35.864975 35.887699 35.886656 35.872445 35.877869 35.854367 35.891830 35.841966 35.843769 35.843504 35.840901 35.877672 35.885752 
35.879182 35.861759 35.847081 35.869914 35.841166 35.886325 35.862714 35.868182 35.865774 35.855911 35.840565 35.859111 35.870890 35.859191 35.888659 35.866238 35.891811 35.842992 35.854647 35.888281 
35.891246 35.882708 35.866995 35.890996 35.846596 
35.863664 35.876703 35.873810 35.855319 35.873907 35.866066 35.874188 35.847562 35.878916 35.865102 35.842797 35.850071 35.889401 
35.849469 35.877122 35.842491 35.884105 35.886752 35.875642 35.846077 35.885704 35.885512 35.866944 35.846331 35.841248 35.842388 35.867243 35.879075 35.890760 35.868102 35.889411 35.881886 35.856119 35.877901 
35.885661 35.872107 35.859942 35.889165 35.863619 35.869776 35.842194 35.881535 35.854632 35.877284 35.876292 35.852075 35.883336 35.862302 35.841408 35.877713 35.844122 35.849076 35.846353 35.873661 35.889590 35.846797 35.868725 35.888151 35.890697 
35.858247 35.867478 35.888303 35.877047 35.879432 35.848141 35.875728 35.862800 35.883037 35.873209 35.876790 35.891976 
35.869138 35.879819 35.862951 35.863657 35.884647 35.863416 35.861421 35.890013 35.850132 35.880332 
35.869138 35.842375 35.864492 35.867593 35.868660 35.855624 35.849355 35.881363 35.853652 35.852561 35.876368 35.891955 
35.853291 35.865677 35.856014 35.891151 35.873467 35.877479 35.846971 35.846487 35.875320 35.861181 35.870083 35.882217 35.848580 35.871254 35.883797 35.853282 35.871056 35.889974 35.873279 35.865564 35.845376 35.876797 
35.865270 35.853508 35.889139 35.858825 35.882980 35.879091 35.869038 35.840441 35.878603 35.866731 35.864635 
35.842932 35.855566 35.844191 35.875296 35.861706 35.880987 35.872829 35.869858 35.863673 35.843040 35.885239 35.843903 35.885640 
35.861777 35.846110 35.877937 35.866998 35.862409 35.888682 35.851734 35.883274 35.872683 35.889225 35.876795 35.858589 35.847732 35.887904 35.871344 35.886157 35.882412 35.844262 35.885155 
35.861664 35.871982 35.867138 35.855822 35.868536 35.885781 35.852206 35.884884 35.861295 35.881565 35.868121 35.841757 35.855725 35.870053 35.861840 35.892225 35.878436 35.859791 35.855698 
35.876614 35.849469 35.884334 35.882391 35.856366 35.861616 35.871689 35.848269 35.857781 35.887027 35.846061 35.884973 35.855720 35.875101 35.848935 35.881753 35.857110 35.882442 35.869379 35.859434 35.850398 35.868149 35.860142 35.870897 
35.850165 35.851474 35.872063 35.886238 35.891866 35.889159 35.879061 35.843036 35.889430 35.874975 35.887083 35.890668 35.841582 35.840753 35.847044 
35.881175 35.852845 35.881826 35.891440 35.877663 35.862064 35.879227 35.873514 35.852891 35.891236 35.857667 35.868367 35.863523 
35.881858 35.860065 35.880201 35.864172 35.870018 35.878143 35.843330 35.887970 35.872604 35.866725 35.872461 35.887511 35.885147 35.859458 35.842124 35.844634 35.875935 35.877147 35.874516 35.858725 35.841416 35.873793 
35.856623 35.875582 35.841122 35.855050 35.847086 35.851794 35.881688 35.890705 35.852787 35.857890 35.890683 35.859616 35.861179 35.871939 35.878564 35.879836 35.878207 35.857129 35.857581 35.874470 35.863909 35.848224 35.888962 35.864524 35.889717 35.891631 
35.891253 35.872398 35.841828 35.857846 35.889326 35.873751 35.870833 35.868181 35.869984 35.857646 35.890376 35.864993 35.887579 35.890579 
35.870938 35.861912 35.845720 35.859917 35.878082 35.858943 35.871125 35.857066 35.863790 35.879412 35.885688 35.889326 35.840825 35.841681 35.888966 35.858994 35.885444 35.878961 35.845097 35.840421 35.887405 35.865367 35.853266 35.879324 35.879514 35.842946 35.862514 35.869739 35.841426 35.854585 35.850875 35.865350 35.859802 35.871121 
35.888821 35.889807 35.864655 35.870738 35.866684 35.853702 35.890375 35.850296 35.889804 35.854910 35.889388 35.849215 35.850892 35.865854 35.870047 35.861819 35.874781 35.861552 35.847839 35.867884 35.864531 35.841291 35.890049 35.886977 35.841434 35.863288 35.844811 35.866996 35.849952 35.854537 35.845759 35.854421 35.851334 35.868413 35.868733 35.840596 35.850667 35.874317 35.874352 35.885384 
35.886723 35.883952 35.844891 35.843157 35.868297 35.863637 35.887980 
35.848998 35.857617 35.890646 35.867354 35.872247 35.853720 35.884498 35.858168 35.870658 35.848749 35.881168 35.847376 35.865278 35.861411 35.864148 35.844042 35.872021 35.841216 35.871964 35.856511 35.892031 
35.849961 35.853909 35.859373 35.845572 35.879770 35.867097 35.888657 35.865052 35.854376 35.867977 35.870862 35.868025 35.847920 35.863022 35.858870 35.865264 35.862573 35.861454 35.877891 35.880260 35.882427 
35.887960 35.875880 35.850550 35.861977 35.864243 35.872192 35.849725 35.867260 35.864010 35.848141 35.855838 35.868234 35.881472 35.866639 35.851453 35.867731 35.858391 35.874774 35.889388 35.869037 35.840482 
35.853356 35.869039 35.892317 35.844885 35.879041 35.863482 35.865238 35.876176 35.885324 35.864037 35.845702 35.858319 35.871071 35.874642 35.869129 35.870357 35.851184 35.842631 35.867640 35.886057 35.866138 35.881234 35.862605 35.842710 
35.853924 35.869039 35.873884 35.854055 35.861039 35.888348 35.854111 35.858754 35.871460 35.878641 35.848068 35.858652 35.881018 
35.876491 35.869382 35.874319 35.850674 35.850547 35.892343 35.852153 35.841361 35.888309 35.865879 35.856950 35.866165 35.869287 35.842466 
35.859305 35.885059 35.888439 35.874694 35.850049 35.881229 35.888797 35.865956 
35.890953 35.848642 35.845039 35.883716 35.841173 35.880592 35.864497 35.892208 35.850213 35.864552 35.891222 35.885128 35.872382 35.878662 35.875465 35.884091 
35.866531 35.855106 35.886166 35.840931 35.888023 35.871817 35.884162 35.879607 35.878935 35.869964 35.879428 35.878228 35.885614 35.842471 35.876043 35.843262 35.870853 35.856745 
35.880013 35.843499 35.842605 35.868412 35.869726 35.890117 35.872250 35.872788 35.851675 35.842764 35.844925 35.862365 35.888484 35.877451 
35.843168 35.840563 35.868811 35.854743 35.853522 35.881878 35.876120 35.880579 35.841618 35.844330 
35.844537 35.864509 35.889587 35.862857 35.845156 35.879442 35.849483 35.852683 35.842181 35.888741 35.848425 35.862879 35.885439 35.850922 35.857660 35.844542 35.886284 35.869113 
35.887738 35.883936 35.891646 35.871690 35.891746 35.842189 35.863159 35.884783 35.864439 35.861975 35.846648 
35.880982 35.845284 35.889013 35.858629 35.873203 35.854918 35.858650 35.876085 35.888148 35.850412 
35.875974 35.872254 35.875212 35.885389 35.848773 35.882479 35.869373 35.846014 35.889242 35.878766 35.843667 35.862828 35.884749 35.872692 35.875941 35.850157 35.875542 35.841595 
35.847825 35.872560 35.845668 35.889154 35.846873 35.879071 35.874010 35.857901 35.852377 35.878377 35.853977 35.889648 35.849584 35.861617 35.876366 35.871643 35.886752 35.872836 35.872051 
35.876244 35.890996 35.885391 35.883055 35.869054 35.890284 35.843544 35.866673 35.867921 35.860487 35.885615 35.862932 35.888238 35.884189 35.849397 35.864800 35.851467 35.846611 35.877023 35.861308 
35.865933 35.856614 35.873885 35.844015 35.872192 35.840943 35.883460 35.845545 35.865736 35.880651 35.853489 35.858255 35.859382 35.860981 35.887466 35.890315 35.841492 35.862760 35.876721 35.854406 35.863186 35.853436 35.885238 35.863434 35.889232 35.871267 35.884119 35.856526 35.866239 35.871409 35.853626 35.877349 35.883600 35.841974 35.867816 35.875061 35.870491 35.853437 35.878519 35.842492 35.867523 35.885036 35.850553 35.854888 35.876184 35.883330 35.876294 35.840959 
35.875576 35.890173 35.872468 35.877896 35.883760 35.852351 35.844800 35.882244 35.876036 35.880958 35.877055 35.892120 35.877517 35.882272 35.862939 35.844431 35.888191 
35.845636 35.886262 35.878169 35.858303 35.845244 35.870667 35.860707 35.849452 35.887278 35.888873 35.852528 35.844224 35.860134 35.873881 35.861047 35.846334 35.887396 35.875968 35.883406 35.883473 35.888527 35.865995 35.852953 35.849107 35.887079 35.879250 35.882558 
35.853119 35.884630 35.864341 35.860053 35.877406 35.887094 35.861507 35.883542 35.857300 35.884536 35.854600 35.879349 35.846085 35.860727 35.889308 35.851311 35.871132 35.847286 35.877171 
35.881867 35.886188 35.864747 35.878957 35.880878 35.857318 35.858331 35.870171 35.850376 35.868442 35.860244 35.891524 35.888029 
35.877323 35.861114 35.873958 35.860594 35.888155 35.843397 35.869495 35.887978 35.867049 35.846214 35.883131 35.877726 35.892005 35.844787 35.881891 
35.864237 35.860072 35.847381 35.882189 35.872614 35.872584 35.847426 35.852980 35.856085 35.866269 35.848130 35.874531 35.857653 35.888198 35.841669 35.841313 35.868813 35.845988 35.859034 35.863873 35.885322 35.866448 35.868365 35.847810 35.845308 35.853990 35.882574 35.846736 35.870627 35.887301 35.868614 35.867102 35.887179 
35.886481 35.850923 35.863109 35.851845 35.848394 35.876575 35.842207 35.843536 35.878713 35.840589 35.889504 35.861206 35.884669 35.890971 35.856335 35.845275 35.885307 35.847847 35.860545 35.875247 35.880608 35.866217 35.849922 35.861766 35.868011 35.885856 35.850577 35.850703 35.859136 35.847293 35.853910 35.866119 35.859979 35.868299 35.889982 35.871849 35.870209 35.856763 35.852437 35.887514 35.847166 35.864726 35.840437 35.874959 35.871524 35.872202 35.861890 35.843483 35.869243 35.848162 
35.842248 35.858514 35.860166 35.876917 35.862617 35.876575 35.841792 35.888130 35.885383 35.845894 35.886165 35.878750 35.864137 35.845841 35.880213 35.884412 35.866617 35.885668 35.871366 35.844460 35.891750 35.842758 35.859923 35.847907 35.870181 35.858509 35.880851 35.881658 35.880092 35.891108 35.865863 35.853204 35.863758 35.878564 35.871929 35.883231 35.873639 35.849397 35.868029 35.846536 35.877913 35.848813 35.865149 
35.880459 35.871972 35.878819 35.858741 35.874731 35.884179 35.887784 35.881801 35.843510 35.871991 35.853040 35.880657 35.864263 35.878661 35.861334 35.859807 35.871758 35.869118 35.876263 35.891259 
35.877901 35.850713 35.870875 35.892283 35.887324 
35.868351 35.867247 35.847290 35.846531 35.876113 35.872932 35.856079 35.850325 35.854272 35.881097 35.869089 35.873056 35.868186 35.879456 35.849162 35.857686 35.884284 
35.886149 35.870536 35.866994 35.860862 35.846860 35.882160 35.866350 35.881717 35.861934 35.875350 35.892244 35.856326 35.863951 35.884907 35.841838 35.854369 35.861881 35.843580 35.881871 
35.866320 35.858090 35.866994 35.889883 35.889963 35.850689 35.884676 35.874017 35.852968 35.862100 35.857493 35.872145 35.888326 35.859581 35.891213 
35.845128 35.865292 35.863813 35.847681 35.841849 35.883161 35.859615 35.875163 35.866730 35.842861 35.866184 35.869811 35.848739 
35.856520 35.870726 35.840975 35.869894 35.888395 35.861481 35.843041 35.886460 35.843843 35.884995 35.870042 35.883731 35.843028 35.857007 35.882704 35.883228 35.877861 35.845578 35.841970 
35.854463 35.849152 35.881154 35.885742 35.886208 35.877840 35.876026 35.873716 35.890620 35.876051 35.845143 35.872293 
35.864228 35.857126 35.867909 35.852641 
35.856183 35.871789 35.883123 35.859714 35.844323 35.855666 35.849745 35.862309 35.868635 35.858752 35.847942 
35.867628 35.874400 35.842388 35.869042 35.880661 35.858361 35.840882 35.843052 35.844065 35.881857 35.889902 35.874236 35.852587 35.859388 35.856875 35.879136 35.873349 35.858151 35.848344 35.879409 35.859490 35.892323 
35.867628 35.841712 35.885785 35.875898 35.851574 35.851177 35.865481 35.840476 35.844577 35.845561 35.890498 35.860736 35.871474 35.879915 35.855629 35.847381 35.865351 35.850553 35.887529 35.891171 35.854451 35.880389 35.848854 35.877817 35.849178 35.868774 35.866458 35.889433 35.840727 35.882898 35.843390 35.873874 35.891490 35.869028 35.841616 35.853922 
35.851761 35.873207 35.892062 35.862682 35.851734 35.880884 35.844557 35.854629 35.860162 35.872758 35.845827 35.857651 35.880457 35.877621 35.861406 35.868119 35.857069 35.874610 35.854241 35.877496 35.879770 35.876168 35.882986 
35.869222 35.859391 35.847444 35.853316 35.859870 35.864459 35.853940 35.879378 35.887846 35.880764 35.851074 35.862428 35.880212 35.877674 35.884454 35.889527 35.846105 35.886389 35.860601 35.885432 35.858185 35.860416 35.860483 
35.854081 35.865218 35.846996 35.869537 35.853543 35.844962 
35.870830 35.889797 35.856366 35.873727 35.857514 35.855802 35.867282 35.868206 35.865278 35.843095 35.875774 35.865924 35.853373 35.862627 35.890106 35.862632 35.889138 35.889976 35.859861 
35.845240 35.845122 35.853730 35.857253 35.842076 35.855471 35.886500 35.869760 35.861904 35.849195 35.840528 35.870928 35.881850 35.888706 35.860876 35.865436 35.883270 35.868609 35.869027 35.866231 35.864242 35.843322 35.854782 35.890243 35.876569 
35.859908 35.871326 35.857082 35.873799 35.865184 35.888700 35.867417 35.858210 35.842608 35.871443 35.891220 35.882264 35.888252 35.851368 35.843434 35.889601 35.850410 35.871867 35.848004 
35.885532 35.841939 35.854760 35.845407 35.843902 35.856418 35.870940 35.848224 35.871339 35.856861 35.843997 35.868909 35.854464 35.881499 35.856280 35.884543 35.853706 35.875817 35.852041 35.884474 35.886953 35.860078 
35.877089 35.885072 35.849385 35.865944 35.869523 35.857291 35.876279 35.883304 35.851772 35.866701 35.842735 35.849632 35.867438 35.888384 35.869531 35.848466 35.865585 35.878112 35.874595 35.856281 35.881651 35.878892 35.886343 35.865710 35.885200 35.852311 35.845809 35.859378 
