  0.184470 160.367823
  0.187909 149.318008
  0.174387 157.240555
  0.181822 174.798872
  0.186934 166.980620
  0.173447 149.974408
  0.179807 150.840221
  0.176027 164.124988
  0.189018 167.758195
  0.176612 154.637242
  0.174208 164.906175
  0.178388 164.728801
  0.176095 149.433758
  0.183223 172.695259
  0.190229 167.886165
  0.175344 166.134832
  0.179047 157.706344
  0.164647 161.902302
  0.175223 171.584416
  0.170694 150.619100
  0.171254 162.992903
  0.185527 162.093284
  0.180855 150.912563
  0.190110 140.794847
  0.178861 160.237298
  0.163299 168.096922
  0.169554 163.112317
  0.183280 192.083961
  0.175487 159.762452
  0.185439 162.774090
  0.181455 142.765170
  0.183052 165.501667
  0.180241 160.168458
  0.186134 147.260834
  0.180489 148.499126
  0.181107 158.003493
  0.180459 160.873932
  0.183561 159.575977
  0.186918 151.968138
  0.173713 156.485937
  0.175711 147.820593
  0.178141 154.478489
  0.178705 184.494170
  0.177971 150.055819
  0.183450 143.529026
  0.177856 150.367498
  0.181334 169.292377
  0.185824 162.443943
  0.179445 154.536095
  0.172270 149.173173
  0.173504 160.647855
  0.165906 192.811086
  0.177610 167.834191
  0.174832 148.362271
  0.179653 172.441625
  0.168714 162.028985
  0.183516 145.401085
  0.170628 181.996007
  0.173940 166.139266
  0.178334 150.513908
  0.185169 148.276909
  0.175825 177.034312
  0.178492 167.518614
  0.186989 164.890574
  0.189289 165.031642
  0.180698 145.129385
  0.179599 152.645438
  0.177274 160.289633
  0.179032 175.651036
  0.180425 156.442998
  0.181893 147.291163
  0.188456 152.854695
  0.184094 158.222037
  0.181231 140.514327
  0.179866 145.000914
  0.179754 163.272413
  0.177915 165.211383
  0.178786 145.929312
  0.186809 163.226990
  0.175412 164.610459
  0.178748 158.142505
  0.191472 154.517433
  0.174645 157.937005
  0.188508 158.569151
  0.182498 150.111762
  0.183991 168.936103
  0.174667 152.965597
  0.174797 152.893116
  0.170418 156.323096
  0.192322 146.588252
  0.164897 154.684105
  0.169916 161.697031
  0.181641 160.335692
  0.189401 167.283820
  0.175534 162.837259
  0.180585 160.865419
  0.186390 162.179696
  0.176917 155.712217
  0.173042 130.219778
  0.175633 165.868355
