-116.234109 -116.203480 -116.227596 -116.249918 -116.228114 -116.250071 -116.238026 -116.260050 -116.245868 -116.210418 -116.220734 -116.226199 -116.213632 -116.234345 -116.235988 -116.233443 -116.208246 -116.235645 -116.247089 -116.254796 -116.224482 -116.245509 -116.203495 -116.252260 -116.230492 -116.209454 -116.214087 -116.250965 -116.211670 -116.259597 -116.220368 -116.249523 -116.254697 -116.247634 -116.248616 -116.224324 -116.237991 -116.253472 -116.215696 -116.251474 -116.233551 -116.234549 -116.227157 -116.253500 
-116.232887 -116.222272 -116.250801 -116.248624 -116.225917 -116.209088 -116.237044 -116.210093 -116.232206 -116.241737 -116.231327 -116.237862 -116.214047 -116.205855 -116.205219 -116.208592 -116.254799 -116.233700 -116.257938 -116.258225 -116.217178 -116.233522 -116.253066 -116.218683 -116.214775 -116.248808 -116.214353 
-116.208819 -116.216140 -116.209876 -116.226506 -116.223041 -116.202793 -116.208795 -116.232740 -116.218161 -116.215100 -116.241240 -116.236540 -116.213330 -116.241859 -116.257513 -116.214631 -116.222755 -116.214901 -116.251247 -116.241597 -116.251365 -116.214233 -116.251297 -116.203213 -116.213082 -116.244479 -116.230887 
-116.206236 -116.218517 -116.230102 -116.233616 -116.215251 -116.258656 -116.226061 -116.222071 -116.232975 -116.224157 -116.221760 -116.220886 -116.203106 -116.217768 -116.240264 -116.234896 -116.246874 -116.212753 -116.250397 -116.232656 -116.223196 -116.230576 -116.256242 
-116.240724 -116.230939 -116.225176 -116.206512 -116.246706 -116.207458 -116.234123 -116.216065 -116.255210 -116.220420 -116.221260 -116.219498 -116.209553 -116.245930 
-116.229968 -116.249118 -116.241666 -116.231951 -116.203352 -116.204457 -116.230472 -116.227121 -116.207596 -116.225338 -116.253159 -116.253085 -116.248007 -116.219919 -116.208755 -116.258063 -116.218882 -116.256286 -116.246845 -116.211635 -116.256888 -116.250009 -116.254692 -116.208097 
-116.250917 -116.216662 -116.249589 -116.251318 -116.232565 -116.237975 -116.249188 -116.233710 -116.206313 -116.247796 -116.218838 -116.207360 -116.242495 -116.257309 -116.226794 -116.246944 -116.247692 -116.226559 -116.233420 -116.208238 -116.228024 -116.203149 -116.237086 -116.256412 -116.225330 -116.226347 -116.207756 -116.254639 -116.215941 
-116.220344 -116.233800 -116.251757 -116.234571 -116.251084 -116.228037 -116.205450 -116.245900 -116.212251 -116.222161 -116.230349 
-116.255405 -116.221816 -116.221351 -116.223588 -116.242449 -116.221007 -116.224578 -116.252351 -116.238338 -116.239160 -116.250686 -116.207597 -116.206793 -116.209688 
-116.252973 -116.255413 -116.226489 -116.214833 -116.235254 -116.245929 -116.254628 -116.205489 -116.205151 -116.213270 -116.254599 -116.251490 -116.221834 -116.207155 
-116.236630 -116.249099 -116.215698 -116.242033 -116.225479 -116.241955 -116.220690 -116.213836 -116.232563 -116.231132 -116.229614 -116.211967 -116.226447 -116.252210 -116.225083 -116.225953 
-116.236260 -116.221768 -116.212255 -116.225073 -116.229219 -116.253739 -116.242113 -116.239039 -116.210387 -116.240882 
-116.227514 -116.228212 -116.206368 -116.207330 -116.250985 -116.235358 -116.241056 -116.226009 -116.208284 -116.204306 -116.203764 -116.245197 -116.255744 -116.208558 -116.239227 -116.222512 -116.248834 -116.254524 -116.238411 -116.248251 -116.211243 -116.212193 -116.237029 -116.203891 -116.260134 -116.254029 -116.204276 -116.203414 
-116.212528 -116.228410 -116.246957 -116.206854 -116.226440 -116.233177 -116.208256 -116.251428 -116.236507 -116.211986 -116.250001 -116.231500 -116.214542 -116.235938 -116.224013 -116.232601 -116.249673 -116.217946 -116.243777 -116.230006 -116.255286 
-116.237934 -116.243248 -116.254692 -116.251769 -116.241310 -116.209162 -116.220213 -116.234216 -116.207957 -116.208602 -116.232230 -116.240780 -116.236392 -116.233323 -116.259758 -116.230990 -116.237351 -116.241573 -116.234822 -116.226291 -116.241589 -116.206466 -116.256688 -116.254731 -116.206222 -116.246360 
-116.209702 -116.204189 -116.247136 -116.223968 -116.223601 -116.208678 -116.233449 -116.246954 -116.255245 -116.231027 -116.223051 -116.240147 -116.204516 -116.212266 -116.242636 -116.226434 -116.238324 -116.249902 -116.233885 
-116.231923 -116.247197 -116.241798 -116.231240 -116.252458 -116.249909 -116.235786 -116.247869 -116.250918 -116.229663 -116.237227 -116.253603 -116.203418 -116.209668 -116.209057 -116.206473 -116.244929 -116.237167 -116.207232 -116.246329 -116.256577 -116.217365 -116.241138 -116.208266 
-116.248388 -116.251662 -116.255605 -116.227004 -116.237539 -116.236938 -116.230697 -116.226273 -116.217303 -116.235064 -116.222835 -116.250532 -116.253909 -116.238828 -116.259316 -116.210814 -116.245338 -116.249007 -116.254253 -116.216913 -116.251982 -116.258975 -116.212040 -116.225125 -116.252790 -116.225428 -116.252282 -116.222492 
-116.257284 -116.217210 -116.257468 -116.205510 -116.250834 -116.245102 -116.218001 -116.229986 -116.208713 -116.257877 -116.220694 -116.241690 -116.215546 -116.226281 -116.242579 -116.225055 -116.259206 -116.221740 -116.214638 -116.237425 -116.245524 -116.247771 -116.218811 -116.209463 -116.214705 -116.219537 -116.246731 
-116.242626 -116.230785 -116.214029 -116.204527 -116.219896 -116.254548 -116.250467 -116.220459 -116.223358 -116.211064 -116.219617 -116.236537 -116.233108 -116.243282 -116.246531 -116.242432 -116.241131 -116.208628 -116.206038 -116.213784 -116.247092 -116.212042 -116.236285 
-116.235089 -116.237932 -116.227213 -116.257527 -116.223959 -116.231214 -116.230253 -116.226484 -116.202659 -116.223437 -116.208207 
-116.224468 -116.207825 -116.224687 -116.216988 -116.237599 -116.259371 -116.203536 -116.221414 -116.231693 -116.245551 -116.213454 -116.207294 -116.230361 -116.209080 -116.240828 -116.216471 -116.211768 -116.214226 -116.236717 -116.244560 -116.203843 -116.218227 -116.226768 -116.237998 -116.216325 
-116.245909 -116.223032 -116.223817 -116.238399 -116.214020 -116.233808 -116.213599 -116.214511 -116.212504 -116.220041 -116.244069 -116.218879 -116.223260 -116.213777 -116.224611 -116.255558 -116.229456 -116.213923 -116.254402 
-116.239392 -116.240020 -116.230477 -116.222646 -116.224110 -116.222669 -116.205885 -116.246112 -116.236500 -116.254860 
-116.253506 -116.246076 -116.233704 -116.226740 -116.210302 -116.225811 -116.245046 -116.228743 -116.247138 -116.252655 -116.221602 -116.245572 -116.202499 -116.231556 -116.229646 -116.205873 -116.239041 -116.208847 -116.225844 -116.242430 -116.247547 -116.219424 -116.250356 -116.248672 -116.221765 -116.210085 -116.233424 -116.204449 
-116.232532 -116.206641 -116.232827 -116.217324 -116.253764 -116.225264 -116.257420 -116.225491 -116.209207 -116.244267 -116.217234 -116.256647 -116.218456 -116.247816 -116.246976 -116.215728 -116.228554 -116.230944 -116.246287 -116.246161 -116.219980 -116.221308 -116.217964 
-116.254470 -116.222580 -116.252611 -116.217107 -116.240051 -116.221191 -116.216509 -116.254676 -116.244759 -116.257994 -116.239867 -116.254594 -116.238733 -116.203115 -116.218532 -116.250691 -116.258213 
-116.227746 -116.227452 -116.221763 -116.202578 -116.231589 -116.228466 -116.239383 -116.205493 -116.254170 -116.224597 -116.257217 -116.216627 -116.229020 -116.233133 -116.225007 -116.251672 -116.204758 -116.214817 -116.252314 -116.205625 
-116.237028 -116.255781 -116.251228 -116.237086 -116.213880 -116.240521 -116.232384 -116.209420 -116.228239 -116.256108 -116.216990 -116.244922 -116.256202 -116.232823 -116.214637 -116.248963 -116.236511 -116.233228 
-116.244504 -116.250265 -116.224640 -116.225764 -116.236125 -116.226556 -116.209708 -116.205944 -116.229535 -116.242817 -116.207428 -116.217917 -116.211822 -116.259039 -116.230860 -116.221314 -116.229011 -116.243079 -116.204883 -116.232763 -116.257692 -116.202755 -116.231148 -116.240896 -116.231136 -116.254497 -116.213660 -116.242248 -116.207065 -116.241044 -116.240793 -116.222661 -116.219499 -116.211121 -116.249464 
-116.238504 -116.215362 -116.213201 -116.240728 -116.258826 -116.202343 -116.238912 -116.233391 -116.255072 -116.253282 
-116.226054 -116.219284 -116.205155 -116.243631 -116.244437 -116.203749 -116.211008 -116.224492 -116.244592 -116.221703 -116.238890 -116.256167 -116.207104 -116.202700 -116.217124 -116.241677 -116.252805 -116.234932 -116.206976 -116.212634 -116.253069 -116.256580 
-116.231174 -116.247989 -116.226629 -116.232100 -116.253186 -116.223801 -116.215591 -116.247047 -116.249857 -116.256813 -116.230228 -116.212008 -116.247820 -116.203472 -116.232085 -116.213860 -116.208939 -116.220657 -116.253413 -116.228722 
-116.217869 -116.254773 -116.253270 -116.215545 -116.245243 
-116.246932 -116.253416 -116.214067 -116.230319 -116.254119 -116.211729 -116.204875 -116.224632 -116.207265 -116.254372 -116.205453 -116.211813 -116.256558 
-116.233198 -116.206688 -116.217669 -116.224454 -116.211671 -116.214699 -116.235914 -116.253697 -116.242011 -116.242209 -116.204171 -116.250626 -116.249523 -116.253284 -116.258192 -116.245846 -116.203891 -116.223098 -116.211719 -116.249282 -116.211969 
-116.239685 -116.240359 -116.225133 -116.250089 -116.214506 -116.217545 -116.235295 -116.241992 -116.215772 -116.227940 -116.229774 -116.238908 -116.217218 -116.259358 -116.257474 -116.230803 -116.242760 -116.209333 -116.251374 -116.246000 -116.254036 -116.231293 -116.220368 -116.221039 -116.249615 
-116.225505 -116.237276 -116.230128 -116.232014 -116.216321 -116.204637 -116.227739 -116.212906 -116.215570 -116.209827 -116.250660 -116.203097 
-116.238322 -116.231838 -116.207458 -116.225157 -116.244737 -116.217883 -116.207171 -116.245454 -116.212256 -116.244307 
-116.238322 -116.212618 -116.213549 -116.205640 -116.222371 -116.249117 -116.218687 -116.242035 -116.209099 -116.231454 -116.203352 -116.207479 
-116.230784 -116.228076 -116.203398 -116.235707 -116.212817 -116.257956 -116.244446 -116.206022 -116.242669 -116.247387 -116.248219 -116.211416 -116.253005 -116.245758 -116.210472 -116.259080 -116.211178 -116.214857 -116.247638 -116.207030 -116.209730 -116.255244 
-116.210183 -116.230635 -116.245825 -116.210684 -116.226599 -116.225790 -116.241763 -116.240412 -116.228781 -116.228972 -116.207120 
-116.222455 -116.223881 -116.203888 -116.252968 -116.256382 -116.227092 -116.256801 -116.242494 -116.208834 -116.244850 -116.225915 -116.207589 -116.229652 
-116.209294 -116.244579 -116.231311 -116.213671 -116.212137 -116.221013 -116.224808 -116.257473 -116.235730 -116.231413 -116.222530 -116.216436 -116.215573 -116.255829 -116.244342 -116.258192 -116.228596 -116.247024 -116.258280 
-116.211470 -116.212287 -116.248997 -116.222277 -116.241611 -116.218317 -116.203183 -116.239906 -116.209554 -116.218735 -116.215143 -116.224797 -116.219030 -116.238266 -116.210609 -116.251005 -116.231418 -116.212801 -116.258277 
-116.231058 -116.212289 -116.229113 -116.245425 -116.235740 -116.208213 -116.260147 -116.239781 -116.215064 -116.212903 -116.258135 -116.237088 -116.221418 -116.243866 -116.243454 -116.249020 -116.237732 -116.219708 -116.245501 -116.212597 -116.239127 -116.253782 -116.253132 -116.242611 
-116.244167 -116.234082 -116.242413 -116.229349 -116.215828 -116.234045 -116.244324 -116.231245 -116.251096 -116.203724 -116.221463 -116.256593 -116.237442 -116.222518 -116.254694 
-116.234325 -116.252385 -116.219916 -116.228491 -116.246964 -116.258144 -116.234232 -116.247801 -116.244140 -116.244315 -116.259903 -116.247904 -116.250889 
-116.215105 -116.215502 -116.214172 -116.252220 -116.227865 -116.236883 -116.240514 -116.233748 -116.209271 -116.259933 -116.236050 -116.244699 -116.220079 -116.224397 -116.216189 -116.240687 -116.230852 -116.231200 -116.252107 -116.208940 -116.203810 -116.254982 
-116.234665 -116.243900 -116.218189 -116.241097 -116.234181 -116.205496 -116.239727 -116.219733 -116.220307 -116.247313 -116.217356 -116.246728 -116.221949 -116.224191 -116.223752 -116.225211 -116.217008 -116.248178 -116.210008 -116.215505 -116.250210 -116.236395 -116.249836 -116.247187 -116.248671 -116.259352 
-116.203401 -116.212464 -116.242395 -116.212590 -116.236344 -116.240934 -116.208415 -116.207634 -116.217726 -116.214545 -116.210639 -116.249549 -116.202489 -116.241619 
-116.223059 -116.207440 -116.258666 -116.228108 -116.244173 -116.253828 -116.236030 -116.220814 -116.229130 -116.222941 -116.232834 -116.202345 -116.237057 -116.228823 -116.210800 -116.250048 -116.203319 -116.254740 -116.219029 -116.258489 -116.220249 -116.258637 -116.218432 -116.207596 -116.216627 -116.244129 -116.252622 -116.241854 -116.221443 -116.218029 -116.212562 -116.254072 -116.209811 -116.225405 
-116.256519 -116.238287 -116.228608 -116.236994 -116.259264 -116.231418 -116.211657 -116.255707 -116.239211 -116.252080 -116.220203 -116.240445 -116.254630 -116.233636 -116.239112 -116.216077 -116.224403 -116.226168 -116.234410 -116.235203 -116.205355 -116.246595 -116.256761 -116.203560 -116.255194 -116.211519 -116.224668 -116.239649 -116.234871 -116.218493 -116.239522 -116.205998 -116.229729 -116.244276 -116.227330 -116.239944 -116.221734 -116.246039 -116.242280 -116.218658 
-116.238617 -116.252191 -116.235443 -116.217824 -116.241884 -116.256252 -116.220309 
-116.218833 -116.257884 -116.239078 -116.234497 -116.239982 -116.218801 -116.246371 -116.240877 -116.244733 -116.205614 -116.230421 -116.232674 -116.210707 -116.216111 -116.223187 -116.239330 -116.236413 -116.249258 -116.258342 -116.222761 -116.215817 
-116.228832 -116.235813 -116.246125 -116.219479 -116.257667 -116.217398 -116.218425 -116.232709 -116.225030 -116.257264 -116.222114 -116.203974 -116.253525 -116.249294 -116.225622 -116.231123 -116.228552 -116.249210 -116.207710 -116.215928 -116.203720 
-116.226877 -116.233023 -116.233964 -116.211789 -116.211268 -116.244564 -116.232393 -116.210159 -116.252290 -116.245643 -116.231388 -116.244401 -116.219934 -116.254220 -116.244503 -116.251997 -116.231782 -116.212029 -116.220010 -116.202714 -116.213762 
-116.235086 -116.240013 -116.227438 -116.213617 -116.255721 -116.247808 -116.248305 -116.259487 -116.206877 -116.250697 -116.257423 -116.244585 -116.223539 -116.223854 -116.255808 -116.259625 -116.208442 -116.220816 -116.230280 -116.232694 -116.251391 -116.241728 -116.253676 -116.214009 
-116.241940 -116.240013 -116.228612 -116.254541 -116.215653 -116.251549 -116.225883 -116.254952 -116.247805 -116.210103 -116.249316 -116.243052 -116.242798 
-116.245859 -116.232242 -116.245477 -116.247786 -116.219009 -116.232062 -116.203863 -116.231376 -116.242276 -116.220460 -116.212000 -116.226269 -116.246959 -116.254097 
-116.222002 -116.248747 -116.239592 -116.230804 -116.214408 -116.221808 -116.215073 -116.214403 
-116.239772 -116.233808 -116.233174 -116.216372 -116.232794 -116.221229 -116.254088 -116.239429 -116.241362 -116.206427 -116.252756 -116.230269 -116.239585 -116.227200 -116.215078 -116.254031 
-116.217302 -116.232630 -116.235341 -116.219194 -116.216539 -116.237870 -116.255367 -116.219473 -116.245729 -116.252072 -116.240684 -116.239865 -116.203854 -116.219847 -116.234704 -116.211644 -116.253943 -116.251024 
-116.221393 -116.245684 -116.222642 -116.234593 -116.242183 -116.240826 -116.258969 -116.212001 -116.231050 -116.255736 -116.213934 -116.205688 -116.253420 -116.210608 
-116.228637 -116.257003 -116.239446 -116.237576 -116.249739 -116.253112 -116.210889 -116.259088 -116.243131 -116.215235 
-116.205225 -116.236417 -116.226747 -116.224235 -116.232204 -116.206505 -116.207655 -116.208017 -116.251122 -116.225686 -116.203047 -116.229834 -116.219707 -116.257849 -116.222330 -116.255173 -116.207123 -116.213594 
-116.256397 -116.212068 -116.247532 -116.208796 -116.219057 -116.223606 -116.208241 -116.218816 -116.248503 -116.210804 -116.203249 
-116.233316 -116.221786 -116.238405 -116.258199 -116.247662 -116.248674 -116.209868 -116.242446 -116.230401 -116.209589 
-116.230649 -116.219826 -116.237796 -116.206274 -116.210665 -116.254170 -116.209203 -116.249313 -116.211765 -116.243296 -116.229367 -116.203872 -116.250472 -116.256062 -116.221060 -116.210515 -116.240430 -116.223278 
-116.214724 -116.238499 -116.214889 -116.232601 -116.225733 -116.203006 -116.241098 -116.259330 -116.252564 -116.226361 -116.249529 -116.224903 -116.253500 -116.207693 -116.256474 -116.204350 -116.229446 -116.230111 -116.243548 
-116.202791 -116.224932 -116.223708 -116.244954 -116.217404 -116.223369 -116.243434 -116.220673 -116.230502 -116.212915 -116.244731 -116.250142 -116.243831 -116.208957 -116.213208 -116.208758 -116.251120 -116.220431 -116.220138 -116.212842 
-116.207632 -116.213819 -116.236224 -116.214333 -116.254029 -116.237393 -116.239288 -116.252884 -116.244971 -116.218809 -116.203023 -116.203318 -116.239200 -116.246330 -116.253995 -116.211983 -116.238671 -116.257013 -116.206519 -116.211086 -116.254467 -116.259245 -116.209569 -116.211891 -116.208365 -116.247507 -116.253566 -116.252700 -116.216572 -116.207787 -116.246515 -116.225796 -116.224615 -116.245958 -116.230580 -116.224829 -116.223814 -116.244817 -116.214064 -116.214176 -116.244230 -116.241253 -116.243140 -116.259097 -116.249449 -116.243356 -116.252131 -116.231864 
-116.233273 -116.206484 -116.258672 -116.239303 -116.254191 -116.230086 -116.247003 -116.232349 -116.245689 -116.239362 -116.202415 -116.222550 -116.242395 -116.247840 -116.215945 -116.236739 -116.254404 
-116.214738 -116.216790 -116.248545 -116.221970 -116.248060 -116.245870 -116.249111 -116.233756 -116.245070 -116.232851 -116.212627 -116.214283 -116.220862 -116.219655 -116.260137 -116.212260 -116.242874 -116.244911 -116.225027 -116.208337 -116.233459 -116.250419 -116.249505 -116.229230 -116.234199 -116.220798 -116.210761 
-116.231031 -116.210677 -116.215752 -116.250564 -116.206488 -116.234220 -116.208639 -116.231131 -116.244225 -116.243193 -116.231401 -116.249073 -116.248519 -116.209361 -116.222629 -116.232197 -116.254821 -116.235252 -116.233148 
-116.259526 -116.254137 -116.251774 -116.216809 -116.256380 -116.212531 -116.217393 -116.244265 -116.224389 -116.206192 -116.250504 -116.247203 -116.236297 
-116.256689 -116.208783 -116.249813 -116.215401 -116.209797 -116.254521 -116.235370 -116.240967 -116.243832 -116.214959 -116.229925 -116.220246 -116.238713 -116.255921 -116.226117 
-116.233878 -116.222600 -116.226868 -116.222656 -116.248318 -116.229166 -116.207743 -116.247330 -116.245042 -116.240388 -116.215657 -116.219831 -116.258510 -116.253107 -116.222520 -116.255059 -116.213787 -116.250432 -116.215710 -116.246205 -116.223415 -116.217910 -116.214487 -116.204687 -116.258626 -116.221527 -116.258150 -116.218012 -116.209348 -116.209383 -116.219996 -116.248343 -116.212437 
-116.221214 -116.232544 -116.225728 -116.218252 -116.234101 -116.238581 -116.233755 -116.257318 -116.215641 -116.214438 -116.223475 -116.237731 -116.206016 -116.231016 -116.243338 -116.224510 -116.213428 -116.207188 -116.246391 -116.208399 -116.230501 -116.242488 -116.242297 -116.215527 -116.225210 -116.220240 -116.241944 -116.228874 -116.248657 -116.211760 -116.219407 -116.204260 -116.209774 -116.243105 -116.224229 -116.220138 -116.207944 -116.253632 -116.220356 -116.243407 -116.232547 -116.220840 -116.244858 -116.221673 -116.259411 -116.207033 -116.203154 -116.244240 -116.235157 -116.230535 
-116.256507 -116.250058 -116.206594 -116.255684 -116.209800 -116.238581 -116.222526 -116.231164 -116.209785 -116.253087 -116.256571 -116.209407 -116.203346 -116.258311 -116.208632 -116.254438 -116.228876 -116.218770 -116.206629 -116.203532 -116.207975 -116.233326 -116.228423 -116.223184 -116.245138 -116.259192 -116.239697 -116.238054 -116.245971 -116.221945 -116.223056 -116.202651 -116.250523 -116.219776 -116.227284 -116.224645 -116.257332 -116.248425 -116.226367 -116.204457 -116.209116 -116.252498 -116.259144 
-116.233744 -116.231038 -116.231321 -116.257323 -116.237587 -116.214702 -116.247361 -116.211353 -116.229852 -116.208369 -116.241464 -116.238408 -116.220610 -116.246061 -116.216105 -116.212488 -116.232505 -116.258503 -116.245520 -116.203362 
-116.222813 -116.226142 -116.250050 -116.253446 -116.245506 
-116.231677 -116.214060 -116.203517 -116.206054 -116.218054 -116.259207 -116.230925 -116.209955 -116.231259 -116.243219 -116.244169 -116.210110 -116.252921 -116.249642 -116.238104 -116.202678 -116.208026 
-116.204780 -116.209574 -116.235548 -116.250720 -116.206083 -116.221046 -116.257668 -116.208144 -116.256710 -116.204229 -116.248690 -116.233401 -116.214579 -116.205352 -116.219455 -116.243312 -116.246333 -116.212156 -116.253280 
-116.249673 -116.224229 -116.235548 -116.208453 -116.210727 -116.252668 -116.240402 -116.209680 -116.234097 -116.254924 -116.225227 -116.209167 -116.229508 -116.229253 -116.250656 
-116.241101 -116.220552 -116.228557 -116.249334 -116.227816 -116.244771 -116.234393 -116.252638 -116.240020 -116.240070 -116.232268 -116.222540 -116.215766 
-116.230697 -116.235816 -116.228871 -116.227234 -116.228690 -116.257474 -116.206769 -116.217419 -116.254217 -116.222320 -116.221684 -116.234067 -116.257860 -116.230882 -116.214946 -116.244066 -116.254491 -116.259138 -116.233392 
-116.256504 -116.209454 -116.203047 -116.256070 -116.244581 -116.255861 -116.259217 -116.242992 -116.249570 -116.225032 -116.208832 -116.218688 
-116.228914 -116.228921 -116.248612 -116.216204 
-116.235589 -116.218450 -116.206528 -116.206860 -116.237114 -116.254509 -116.208719 -116.241787 -116.220176 -116.223405 -116.237622 
-116.238971 -116.237271 -116.250441 -116.235399 -116.247933 -116.219549 -116.254553 -116.208496 -116.231087 -116.255949 -116.241377 -116.247458 -116.246464 -116.217380 -116.223792 -116.213902 -116.237896 -116.204955 -116.227490 -116.234447 -116.249734 -116.211432 
-116.238971 -116.250455 -116.246104 -116.224885 -116.219689 -116.234455 -116.253339 -116.234826 -116.257148 -116.232926 -116.256782 -116.209275 -116.203338 -116.202328 -116.230476 -116.236285 -116.218948 -116.239830 -116.257251 -116.220724 -116.243461 -116.248069 -116.228623 -116.229380 -116.242325 -116.241571 -116.257324 -116.234233 -116.240556 -116.207442 -116.227846 -116.245199 -116.215078 -116.232174 -116.249082 -116.202725 
-116.218441 -116.240581 -116.257734 -116.254977 -116.252123 -116.225828 -116.255341 -116.213987 -116.226915 -116.229034 -116.217178 -116.208642 -116.208162 -116.245790 -116.255045 -116.213825 -116.254606 -116.208302 -116.206862 -116.203562 -116.226581 -116.226136 -116.203554 
-116.239014 -116.222798 -116.258173 -116.233970 -116.214822 -116.224893 -116.227452 -116.208221 -116.236382 -116.222840 -116.222776 -116.248269 -116.206666 -116.225003 -116.208421 -116.248793 -116.230263 -116.220482 -116.220970 -116.228595 -116.234465 -116.219895 -116.209899 
-116.239201 -116.243752 -116.248376 -116.248429 -116.207364 -116.244500 
-116.247742 -116.206319 -116.247367 -116.219035 -116.255600 -116.259467 -116.204595 -116.246714 -116.234546 -116.256146 -116.236530 -116.214850 -116.215997 -116.202948 -116.238802 -116.259713 -116.242452 -116.217009 -116.204241 
-116.257384 -116.217375 -116.246342 -116.241001 -116.241267 -116.226121 -116.237979 -116.239928 -116.209708 -116.206549 -116.219763 -116.229417 -116.236105 -116.221980 -116.249420 -116.229529 -116.232540 -116.228427 -116.222120 -116.247794 -116.203427 -116.253588 -116.211191 -116.213613 -116.234990 
-116.219123 -116.235510 -116.231454 -116.257355 -116.225361 -116.234428 -116.207976 -116.208910 -116.234145 -116.231155 -116.209642 -116.234723 -116.247550 -116.228582 -116.218872 -116.232822 -116.218340 -116.256005 -116.229874 
-116.231650 -116.240457 -116.243509 -116.247305 -116.255948 -116.255318 -116.206474 -116.229157 -116.222541 -116.250023 -116.221952 -116.245243 -116.212389 -116.245761 -116.224863 -116.229220 -116.254438 -116.203956 -116.257861 -116.254325 -116.225989 -116.217513 
-116.257159 -116.255286 -116.233201 -116.240230 -116.232646 -116.229867 -116.251653 -116.254726 -116.209412 -116.225371 -116.206939 -116.249402 -116.217772 -116.209964 -116.233166 -116.205767 -116.257623 -116.250675 -116.240021 -116.218352 -116.242711 -116.216717 -116.254168 -116.205179 -116.244509 -116.257385 -116.258304 -116.244965 
