132.257363 889.162410
 74.948928 888.671305
 86.955698 885.924084
 73.133684 885.652573
 57.006176 890.938697
 78.825152 885.655600
 90.324539 892.094227
 59.291517 891.212582
 58.288068 886.907607
 61.026814 887.617586
 61.724179 890.092295
 49.717346 890.494544
 87.243345 892.333633
 80.466966 890.801186
 80.854235 888.407241
 62.785942 889.520338
 90.015898 891.270416
103.058043 886.197221
 82.024945 893.499724
 83.275134 889.701167
 50.034203 891.393234
 84.238513 890.878323
 67.007758 888.710877
 53.606641 888.160667
 78.199174 893.248311
 74.457595 888.938263
 64.169232 888.904978
 78.208737 888.282484
 73.208556 890.848230
108.458769 887.446117
 52.695741 887.726094
 74.338640 887.055817
 61.890407 892.375262
 27.667570 887.970914
 58.064509 891.285950
 77.233065 888.335641
 83.665276 891.715774
 58.928760 885.443064
 51.560818 889.153521
 55.511248 890.928516
 84.857170 889.601960
 58.919394 891.946421
 60.984664 890.198313
 74.633932 888.237572
 68.795152 889.126117
 79.495162 890.273092
 64.325630 889.087718
 59.919819 891.166613
 72.347288 892.770025
 85.159032 891.709490
 57.858576 892.391867
102.493250 884.752029
115.263428 892.094362
 35.796082 892.079633
 75.192581 887.068022
 74.693391 890.341156
 67.636765 889.202160
 78.963521 889.559961
 53.360507 891.296622
 57.378725 891.611362
 47.436374 891.799919
 57.435251 891.396736
 59.684734 891.986394
 55.060019 893.727780
 49.088453 889.061438
 72.487485 889.035377
 57.252723 886.474828
 35.714171 887.875760
 65.733352 888.766953
 69.530235 893.659698
 75.696287 884.277310
129.923781 886.908126
 72.600991 891.414769
 91.855110 886.071943
 65.553430 887.804815
 57.387120 888.555660
 58.499860 891.021727
 95.653126 888.372157
130.450261 889.147097
119.416036 886.796463
 70.698498 891.915860
 27.379291 890.281750
 52.321807 891.772563
 64.346659 889.311713
 65.186972 890.445991
 64.288442 890.105170
 73.165300 890.246619
 55.537468 888.654045
 33.552369 886.119799
 54.262821 885.684981
 71.478336 885.493129
114.803688 887.279672
 80.386765 891.030441
 67.483837 888.307211
 39.782267 891.996684
 71.262959 887.050671
 80.134054 890.103788
 72.382130 893.561478
 74.637399 879.890417
 86.465236 886.874759
