35.848343 35.880177 35.879033 35.849308 35.848480 35.870995 35.869370 35.853527 35.848844 35.842972 35.883257 35.887747 
35.876880 35.881944 35.879173 35.853661 35.884719 35.885039 35.874793 35.881798 35.848027 35.841424 35.889475 35.843394 35.854920 35.869990 35.847404 35.885454 35.871404 35.892345 35.845456 35.864807 35.868445 35.891163 35.869666 35.848083 35.889037 35.860117 35.847706 35.892363 35.845391 35.888175 35.884028 35.889110 
35.841958 35.868089 35.854547 35.890022 35.875055 35.863384 35.879107 35.865582 35.848937 35.892204 35.851773 35.872785 35.866864 35.863751 35.852441 35.867277 35.870142 35.871978 
35.845068 35.881454 35.859441 35.874692 35.870758 35.846768 35.878551 35.890617 35.884355 35.867453 35.851567 35.865116 35.884577 35.867048 35.842345 35.863689 35.891732 35.855370 35.865120 35.888156 35.843783 35.878286 35.886704 35.869571 35.850573 35.873131 
35.876343 35.867106 35.842591 35.887105 35.861661 35.874535 35.889340 35.866913 35.878723 35.853770 35.876622 35.857895 35.883370 35.879357 35.869728 35.846720 35.841891 35.863378 35.888451 
35.880573 35.884715 35.860163 35.844159 35.873551 35.848991 35.854461 35.850161 35.852057 35.845626 35.864724 35.851343 35.854997 35.883736 35.851793 35.878358 35.858899 35.848520 35.892164 35.859731 35.845969 35.887218 35.867852 35.883606 35.849076 35.857640 35.874595 35.850745 35.891382 35.846712 35.887054 35.884729 35.859133 
35.847955 35.877320 35.880683 35.867441 35.885830 35.860236 35.843180 35.844140 35.848540 35.866068 35.880285 35.888808 35.841066 35.888947 35.861406 35.867717 35.846816 35.880184 35.880657 35.870459 35.891952 35.882288 35.890729 35.840451 35.856401 35.850082 35.841988 35.862132 35.883002 35.864541 35.890660 35.873824 35.866299 35.841457 35.890727 35.860081 35.868658 35.860674 35.841998 35.863858 35.861476 35.851434 35.841955 35.869881 35.858204 
35.874298 35.867301 35.878778 35.882491 35.845769 35.851484 35.850256 35.891028 35.872288 35.840593 35.854260 35.875107 35.854483 35.846155 35.880079 
35.845811 35.876496 35.873098 35.863469 35.869833 35.840690 35.859232 35.873298 35.880303 35.861410 35.848561 35.847523 35.869678 35.869022 35.843863 35.892268 35.841977 35.875502 35.849834 
35.867190 35.860475 35.872885 35.841835 35.854264 35.888841 35.861415 35.850837 35.848708 35.864141 35.886247 35.862931 35.880235 35.883902 35.850343 35.878502 35.885049 35.863121 35.872256 35.864052 35.886514 35.876658 35.852615 35.876834 
35.886102 35.865356 35.888209 35.880539 35.847555 35.855579 35.880980 35.868363 35.864165 35.889688 35.852283 
35.840723 35.868836 35.876395 35.862789 35.887138 35.862596 35.848434 35.844014 35.879363 35.885101 35.865695 35.881300 35.883990 35.877909 35.842955 35.853031 
35.884732 35.856931 35.862192 35.890879 35.871025 35.875723 35.877881 35.866567 35.850722 35.879952 35.847954 35.857005 35.855890 35.845174 35.872901 35.860779 35.882534 35.841255 35.887331 35.888276 
35.842116 35.889537 35.887159 35.855250 35.873567 35.852527 35.845036 35.864101 35.855442 35.844248 35.858146 35.869530 35.863373 35.859835 35.841992 35.874011 35.879760 35.880729 
35.866741 35.844223 35.888719 35.852017 35.844687 35.855895 35.848615 35.846853 35.855043 35.889455 35.858930 35.853933 35.886231 35.875632 35.845154 35.876711 35.872595 35.846346 35.889074 35.891500 35.872936 
35.877830 35.891387 35.845048 35.873293 35.870457 35.850728 35.864775 35.883445 35.866051 35.868013 35.850113 35.847293 35.862584 35.856727 35.877449 35.874700 35.840405 35.870931 35.883979 35.840694 35.848606 35.877102 35.841340 35.856957 
35.850003 35.884885 35.850240 35.884196 35.890988 35.890749 
35.878136 35.858195 35.849607 35.877294 35.860103 35.870698 35.864440 35.867200 35.847520 35.847739 35.876664 35.841260 35.859079 35.858263 35.861977 35.877405 35.875336 35.847985 35.876269 35.884096 35.888491 35.874699 35.872027 35.875164 35.860815 35.850225 35.844361 35.882302 35.851042 
35.845201 35.851210 35.851771 35.848861 35.850909 35.855766 35.861553 35.870410 35.880126 35.859924 35.866975 35.886371 35.870651 35.852235 35.871348 35.862081 35.849885 35.847960 35.847643 35.888374 35.845329 35.862108 35.846499 35.843817 35.876790 35.846252 
35.856022 35.853173 35.845939 35.887629 35.872104 35.890894 35.864026 35.863563 35.874475 35.849569 35.876236 35.862565 35.853501 35.892184 35.887634 35.857481 35.882802 35.878019 35.886867 
35.880833 35.889941 35.850231 35.889239 35.872156 35.890606 35.878232 35.877687 35.871427 35.882740 35.847138 35.855441 35.869812 35.857940 35.843695 35.878708 35.862388 35.874061 35.859798 35.883972 35.878406 35.877515 35.889987 35.856813 35.862461 35.857070 35.867530 35.859302 35.858241 35.878808 
35.858132 35.842991 35.860673 35.858389 35.871860 35.873318 35.882286 35.885187 35.841120 35.873335 35.883464 35.857039 35.879165 35.849865 35.855988 35.882060 
35.868096 35.851348 35.864345 35.864854 35.852101 35.878062 35.854437 35.877192 35.881186 35.863492 35.867218 35.864019 35.879739 35.848618 35.841465 35.871054 35.862789 35.886770 35.864739 35.873711 
35.873619 35.870161 35.870650 35.873829 35.858593 35.877162 35.858225 35.876641 35.855578 35.851310 35.867771 35.853247 35.887504 35.867619 35.847980 35.874976 35.869528 35.881362 35.853805 35.866896 35.843322 35.848043 35.857762 35.846190 35.871327 35.841509 
35.863631 35.873564 35.890441 35.858758 35.885621 35.887936 35.858414 35.879035 35.874390 35.878546 35.848852 35.871814 35.883503 35.880329 35.865358 35.879874 35.848347 35.865465 35.860918 35.852022 35.866400 35.853849 35.870434 35.859618 35.849384 35.882548 35.866901 35.881449 35.846829 35.891664 35.843847 35.881836 35.867202 35.869962 35.841553 
35.885336 35.857285 35.862533 35.880657 35.881785 35.848087 35.842412 35.856634 35.858834 35.858514 35.886098 35.869651 35.866758 35.840941 35.879230 35.845354 35.841862 35.879557 35.871089 35.870322 35.841144 35.881986 35.887084 35.859426 35.872137 35.870967 35.844770 35.874940 35.876729 35.845179 35.876438 
35.870456 35.886537 35.856484 35.872870 35.875138 35.848828 35.865273 35.854156 35.841247 35.856635 35.854261 35.871356 35.873434 35.877970 35.854896 35.888454 35.855526 35.869355 35.863312 35.885333 35.846776 35.881252 35.875861 
35.892274 35.855014 35.872713 35.869279 35.891462 35.847507 35.867322 35.871809 35.874367 35.879950 35.890382 35.847077 35.865452 35.863617 35.855536 35.879889 35.876673 
35.890098 35.845122 35.882070 35.848678 35.858930 35.871451 35.844774 35.852337 35.890901 35.843310 35.875514 35.859221 35.889721 35.854822 35.884994 
35.841948 35.885679 35.886624 35.862402 35.852338 35.862054 35.858817 35.845073 35.884505 35.871424 35.866503 35.890702 
35.856572 35.886777 35.877372 35.881440 35.887487 35.891369 35.841533 35.856821 35.844148 35.884022 35.853959 35.868374 35.855375 35.889850 
35.877186 35.867718 35.882128 35.870918 35.848757 35.846508 35.853875 35.854577 35.870839 35.850857 35.845901 35.887521 35.873369 35.886068 35.885085 35.846545 35.873617 35.854165 35.847294 35.883420 35.847560 35.863089 35.846857 35.868190 35.846911 35.868900 35.847169 35.872022 
35.874046 35.847111 35.892242 35.859347 35.857632 35.856159 35.886375 35.846053 35.871058 35.872831 35.855325 35.861956 35.888160 35.872514 35.885238 35.880237 35.846106 35.849077 35.873468 35.841506 35.885244 35.871895 35.868707 35.845402 35.885407 35.853352 35.873149 35.866801 35.881905 35.878888 35.858853 35.866529 35.856421 
35.870568 35.854962 35.853897 35.855954 35.854146 35.862976 35.875893 35.890950 35.872195 35.846839 35.866708 35.852451 35.866113 35.891877 35.890484 35.859193 35.883354 35.846629 35.877069 35.859994 35.859091 35.887774 35.878248 35.843478 35.843038 35.874155 35.846107 35.891963 35.856935 35.885879 35.852015 35.864747 35.875379 35.879659 35.874343 
35.845611 35.872063 35.885212 35.881181 35.888536 35.856221 35.852822 35.875575 35.879273 35.863304 35.862248 35.874701 35.887628 35.886784 35.873892 35.884288 35.878079 35.886710 35.861485 35.887362 
35.866831 35.862028 35.858087 35.855549 35.864233 35.878010 35.865092 35.873799 35.874452 35.866586 35.888292 35.869688 35.889210 35.863118 35.855736 35.856122 35.870137 35.876421 
35.853636 35.864003 35.871862 35.890219 35.846787 35.887236 35.875510 35.860524 35.880701 35.843316 35.855751 35.850225 35.840757 
35.887190 35.852851 35.882035 35.871985 35.866430 35.842557 35.856450 35.869913 35.874108 35.845993 35.848547 
35.879333 35.874046 35.860687 35.881443 35.840597 35.872556 35.876646 35.889005 35.871738 35.876236 35.849501 35.857102 35.883676 35.854382 35.880456 
35.845943 35.862585 35.851140 35.874774 35.847355 35.845439 35.886259 35.865790 35.868068 35.870947 35.883917 35.873564 35.859699 35.858502 35.884160 35.881317 35.858169 35.854467 
35.864323 35.870149 35.867451 35.843439 35.888022 35.858981 35.851540 35.880865 35.888103 35.875264 35.884733 35.864333 35.844855 35.889334 35.858497 35.868211 35.859627 35.868167 35.868277 35.868417 35.881653 
35.872908 35.866688 35.878951 35.859502 35.889336 35.851876 35.877734 35.874138 35.868738 35.872818 35.884525 35.853361 35.862492 35.857728 35.844067 
35.857520 35.876170 35.873892 35.882699 35.852022 35.876787 35.844598 35.875915 35.844861 35.872499 
35.863397 35.868548 35.886553 35.863295 35.861240 35.863409 35.852971 35.890860 35.861083 35.854416 35.845629 
35.840822 35.855266 35.856321 35.870177 35.852138 35.883071 35.890647 35.857751 35.875576 35.890110 35.850717 35.877729 35.870567 35.841511 
35.875585 35.849109 35.849201 35.840476 35.889141 35.855790 35.865616 35.849609 35.870041 35.889758 35.888092 35.861243 35.873932 35.891421 35.862162 35.875952 35.874555 35.884086 35.873917 35.860597 35.855176 35.849970 35.856069 35.860994 35.889432 35.863148 35.842103 
35.877744 35.873279 35.852555 35.850271 35.866504 35.855652 35.866341 35.860367 35.869535 
35.868944 35.855184 35.870993 35.882044 35.848130 35.879502 35.886606 35.869890 35.890588 35.866536 35.855025 35.880406 35.864902 35.862260 35.854190 35.845683 35.861008 35.880133 35.883316 35.849130 35.847932 35.860227 35.890512 35.872510 35.848208 35.857128 35.851007 35.851167 35.853556 
35.878259 35.864448 35.855073 35.847022 35.875567 35.869045 35.868786 35.874283 35.863794 35.874547 35.883455 35.872022 35.876031 35.856652 35.876649 35.867702 35.859189 35.886519 35.863272 35.880191 35.881911 35.864197 35.873966 35.868174 35.860516 35.841264 35.880403 35.870256 35.892256 35.876041 35.887317 35.844305 35.885748 35.888738 35.850939 35.852406 
35.880641 35.843521 35.853369 35.881374 35.890549 35.856162 35.845890 35.883421 35.852408 35.845353 35.888271 35.848964 35.865482 35.866217 35.844731 35.887910 35.881411 35.881006 
35.867825 35.856015 35.855997 35.845848 35.875638 35.881523 35.869871 35.854643 35.891452 35.872624 35.891512 35.840584 35.845010 35.880538 35.883002 35.854028 35.877277 35.868405 35.891023 35.854823 35.887862 35.873753 35.891447 35.859603 35.889690 
35.857044 35.891876 35.868362 35.859758 35.866054 35.848085 35.869477 35.878376 35.840959 35.857972 35.888362 35.854432 35.847908 35.892347 35.868863 35.858113 35.883762 35.865403 35.873890 35.847126 35.849823 35.841929 35.841446 35.864415 
35.888309 35.858567 35.889993 35.881288 35.849726 35.842794 35.874663 35.861592 35.872134 35.853163 35.850827 35.848835 35.884014 35.887479 35.891061 35.846740 35.873189 35.877434 35.870273 35.861445 35.845140 35.857866 
35.881168 35.856315 35.872877 35.844384 35.854247 35.880352 35.877227 35.847598 35.855771 35.880154 35.885745 35.884242 35.866329 35.842175 35.870823 35.841891 35.855724 35.865807 35.847479 35.846364 35.847397 35.888159 35.871534 35.850411 35.848430 35.871987 35.884861 35.886967 35.870637 35.871896 35.882452 35.867074 35.862327 35.847058 35.871187 35.843958 35.869513 35.843264 35.875245 35.870517 
35.861616 35.847030 35.853207 35.847832 35.844914 35.888613 35.844208 35.889030 35.877183 35.848930 35.867454 35.856516 35.871986 35.873110 35.891385 35.889010 35.851924 35.869829 35.868184 35.867537 35.860038 35.848969 35.856849 35.849960 35.861045 35.861046 35.844868 35.862889 
35.888633 35.861675 35.847737 35.853631 35.851657 35.882382 35.870801 35.845354 35.841828 35.852051 35.843532 35.867596 35.860478 35.861330 35.881193 35.884769 35.852347 35.879319 35.889406 35.846175 
35.868315 35.884699 35.884137 35.867820 35.862930 35.869708 35.873371 35.875371 35.871331 35.876514 35.850294 35.874290 35.860622 35.874880 35.890277 35.872238 35.883234 35.850485 35.887881 35.871775 35.842477 35.889974 35.855877 35.845348 35.872792 35.851755 
35.887902 35.876709 35.883403 35.856626 35.874134 35.891974 35.848485 35.880227 35.845209 35.846336 35.883420 35.885693 35.858477 35.891965 35.843400 35.889305 35.885951 35.859886 35.847435 35.879008 35.870630 35.875478 35.858834 35.841444 
35.851181 35.842326 35.866604 35.868852 35.855135 35.887586 35.846245 35.854106 35.864022 35.884093 35.846347 35.845048 35.873679 35.849790 35.877292 35.867754 35.841569 35.884266 35.879843 35.868348 35.864802 35.876635 35.865046 35.878520 35.848272 35.879339 35.854857 35.863039 35.850969 35.858402 35.887420 35.866724 35.888596 
35.854352 35.844455 35.872467 35.864041 35.864541 35.864266 35.861260 35.889022 35.881582 35.872704 35.843097 35.886479 35.867925 35.861094 35.851011 35.887863 35.889031 35.889968 35.861023 35.885645 35.847457 35.879850 35.845449 
35.849179 35.889139 35.887400 35.882157 35.841428 35.852989 
35.890234 35.863692 35.848108 35.873972 35.884461 35.840913 35.861379 35.891716 35.884321 35.865790 35.846536 35.881749 35.853883 35.850255 35.852937 35.854927 35.846480 35.841986 35.853012 
35.845299 35.844682 35.872344 35.861939 35.890683 35.846662 35.863757 35.889166 35.865878 35.866587 35.885499 35.880790 35.881015 35.849809 35.857007 35.889620 35.844075 35.870135 35.860806 35.880173 35.875489 35.891162 35.855032 35.872309 35.854067 
35.866291 35.882500 35.858925 35.870727 35.861898 35.890503 35.873287 35.872096 35.879745 35.842035 35.883339 35.872410 35.862561 35.887625 35.881315 35.888453 35.874085 35.861052 35.873404 35.856142 35.854877 35.878352 35.864592 35.871020 35.872931 35.872716 35.886678 35.856753 35.890119 
35.843536 35.871428 35.867307 35.861402 35.870123 35.889478 35.861308 35.856048 35.882186 35.880547 35.875696 35.888147 35.846337 35.881531 35.845771 35.849358 35.842090 35.891272 35.860822 
35.843119 35.862608 35.848024 35.853651 35.857577 35.865566 35.866952 35.849959 35.848199 35.890906 35.860487 35.866336 35.885212 35.845065 35.882741 35.847561 35.885733 35.879080 35.864009 35.877941 35.863900 35.874618 35.860045 35.884765 
35.880768 35.856578 35.887563 35.871486 35.848424 35.884493 35.852175 35.874091 35.845339 35.872298 
35.845139 35.851808 35.843784 35.884648 35.884773 35.889162 35.884854 35.857313 35.852630 35.844830 35.862405 35.859367 35.851897 35.871360 35.888517 35.865273 35.887622 35.890804 35.871758 35.884887 35.858237 35.840414 35.843142 35.864073 35.880588 35.874540 35.879378 35.851912 35.871084 35.842103 35.869880 35.860394 35.878059 35.876986 35.864717 35.872085 35.852287 35.843749 35.840710 35.878122 35.871958 35.864362 35.885969 
35.888808 35.869388 35.841302 35.869299 35.867948 35.865810 35.887736 35.875843 35.878058 35.843904 35.882176 35.846627 35.862266 35.881443 35.855568 35.867552 35.879482 35.860829 35.879905 35.840818 35.867463 35.872299 35.881354 35.853519 35.840645 35.880552 35.850879 35.890214 35.881969 35.881944 
35.864056 35.841403 35.878274 35.881743 35.879123 35.883754 35.868537 35.852589 35.867610 35.852885 35.881913 35.888727 35.867699 35.844088 35.889296 35.884061 35.887702 35.874582 35.877171 35.881187 35.864369 35.876724 35.874181 
35.871185 35.844076 35.844858 35.890219 35.863000 35.873158 35.861239 35.861101 35.844171 35.867500 35.855385 35.858942 35.847392 35.859986 35.855903 35.848583 35.857492 35.876727 35.883546 35.868720 35.855587 35.865216 35.889906 35.844351 35.875405 35.879433 35.879929 35.852042 35.848505 35.878675 35.847188 35.863679 
35.884885 35.873641 35.856623 35.886200 35.856639 35.854296 35.842507 35.878185 35.841173 35.881638 35.845692 35.848224 35.848571 35.870179 
35.858780 35.888411 35.846173 35.872929 35.891554 35.874382 35.881209 35.886193 35.847245 
35.880636 35.856448 35.877785 35.840787 35.882895 35.871391 35.853449 35.842143 35.889745 35.853641 35.888447 35.872470 35.854322 35.853961 35.845836 35.892134 
35.844401 35.886488 35.842140 35.852391 35.856081 35.856593 35.843944 35.863373 35.849524 35.888312 35.871269 35.863471 35.871883 35.885051 35.851307 35.883397 35.848543 
35.851621 35.879717 35.840855 35.871932 35.878343 35.890263 35.859629 35.863504 35.888585 35.879059 35.857484 35.864049 35.884229 35.841986 35.849230 35.862822 35.883608 35.851839 
35.888956 35.885964 35.862878 35.875111 35.855004 35.873819 35.884877 35.855774 35.881305 35.881504 35.886543 35.885335 35.890334 35.885158 35.867365 35.853793 35.877000 35.849047 35.848083 35.847052 35.866304 35.860577 35.882769 35.849592 35.848843 
35.884159 35.880815 35.871029 35.852945 35.859138 35.846242 35.880751 35.879761 35.868253 35.871658 35.888108 35.866196 35.874434 35.868676 35.843699 35.849697 35.887440 35.883941 35.861891 35.879861 35.890638 35.869457 35.865710 35.857263 35.846229 35.864947 35.857116 35.846473 35.869776 35.875508 35.872052 35.850713 
35.888370 35.880956 35.888315 35.890146 35.861773 35.879870 35.846407 35.855587 35.844302 35.847636 
35.868688 35.878058 35.856110 35.867580 35.848829 35.885641 35.847274 35.856183 35.871840 35.876275 35.864384 
35.891359 35.880739 35.884776 35.879765 35.881489 35.852613 35.890218 35.866644 35.887948 35.863864 35.891023 35.869459 35.880044 35.844325 35.872027 35.858295 35.856429 35.884964 35.887665 35.869651 35.854852 35.867851 35.889979 
35.867871 35.862439 35.888659 35.863158 35.855240 35.877438 35.845551 35.886523 35.849490 35.876756 35.878046 35.856398 35.852450 35.876468 35.880258 35.884031 35.853926 35.864731 35.864851 35.863848 35.840792 35.864422 35.869441 35.890925 35.885632 35.850176 35.841436 35.873828 35.840397 35.851701 35.871089 35.857217 35.851979 35.857354 35.869831 35.846899 35.853402 35.891357 35.864730 35.880593 35.882734 35.859723 35.866109 35.871636 
35.879099 35.883836 35.882374 35.842415 35.890663 35.858961 35.844917 35.841743 35.888282 35.849638 35.872228 35.873739 35.889188 35.880055 35.868517 35.862135 35.867629 35.854344 35.890372 35.889033 35.870737 35.892322 35.872876 35.858183 35.887552 35.878240 35.863283 35.866292 35.862102 35.892089 35.865783 35.847557 35.877144 35.872242 35.848439 
35.856005 35.888525 35.857600 35.883005 35.848623 35.865881 35.875486 35.845225 35.889444 35.841789 35.863910 35.885461 35.858779 35.881741 35.867963 35.868890 35.851409 35.863198 35.883807 35.845179 35.891274 35.843941 35.878965 35.874361 35.878418 
35.880425 35.886738 35.866461 35.859787 35.886962 35.888999 35.872643 35.843879 35.855022 35.868085 35.870186 35.884844 35.847468 35.858709 35.880772 35.880387 35.845481 35.881851 35.851728 35.868604 35.884133 35.865184 35.884079 
35.862591 35.877981 35.860610 35.892156 35.873869 35.885922 35.859172 35.888607 35.882243 35.883000 35.840571 35.875016 35.884367 35.857493 35.882625 35.882282 35.873055 35.885041 35.841721 35.882017 35.861316 35.888550 35.882865 35.887317 35.850639 35.852421 35.852606 
35.875344 35.852723 35.890462 35.862567 35.880102 35.867326 35.859731 35.887416 35.880791 
35.846531 35.873183 35.845624 35.855614 35.889891 35.842186 35.840777 35.874062 
35.865883 35.875068 35.858032 35.848653 35.848833 35.843482 35.871117 35.872277 35.866821 35.880205 35.869922 35.889858 35.849825 35.848174 35.869390 35.870012 35.856064 35.861478 
35.886988 35.851109 35.880129 35.884137 35.851867 35.869922 35.884586 35.842680 35.844681 35.891282 35.875029 35.864947 35.854661 35.850609 35.876638 35.877192 35.851672 35.873380 35.841061 35.890215 35.862553 35.891453 35.849362 35.844396 
35.890733 35.862132 35.860896 35.870113 35.881490 35.866610 35.840601 35.864776 35.859721 35.880120 35.877035 35.891418 35.854710 35.878888 35.884779 35.853324 35.844521 35.866473 35.881940 35.854890 35.844083 35.875280 35.868174 35.859065 35.885417 35.862122 35.872115 35.864925 35.882401 35.866093 35.871025 35.845308 35.846817 35.884489 35.841254 35.869284 35.858621 35.853446 35.877746 
35.877766 35.860394 35.844592 35.889673 35.849809 35.881984 35.855320 35.877651 35.863236 35.873156 35.851555 35.870500 35.889936 35.871498 35.845940 35.870661 35.864486 35.846955 35.884206 35.868180 35.888373 35.872880 35.886420 
35.851334 35.844142 35.844405 35.863831 35.865025 35.840924 35.867311 35.890625 35.842455 35.889616 35.856608 35.848495 35.848641 
35.883685 35.862421 35.841426 35.851007 35.859500 35.865137 35.858323 35.868885 35.870815 35.852847 35.854353 35.874993 35.881739 35.875364 35.877037 35.884974 35.843911 35.891766 35.888588 35.870274 35.880317 35.863229 35.853533 
35.865085 35.879798 35.851645 35.865925 35.841472 35.847711 35.857094 35.882274 35.876525 35.892199 35.852724 35.889276 35.875483 35.852218 35.844676 35.889359 
35.857567 35.855434 35.879087 35.885809 35.865102 35.870318 35.856254 35.873683 35.881236 35.842133 35.880645 35.870507 35.846026 
35.849553 35.864055 35.859478 35.852517 35.873850 35.867218 35.890485 35.841335 35.859407 35.862430 35.875702 35.856058 35.864325 35.845797 35.856687 35.888193 35.887879 35.886203 35.886159 35.873414 35.889679 35.841420 35.881643 35.848126 35.864509 35.855526 
35.859004 35.875645 35.841755 35.888865 35.890651 35.861936 35.846336 35.880495 35.864184 35.873732 35.886093 35.880530 35.866161 35.850398 35.868751 35.857303 
35.857524 35.858689 35.858718 35.857233 35.878868 35.847883 35.849848 35.882193 35.864279 35.847443 35.852029 35.859543 35.853158 35.841987 35.888612 35.842496 35.884242 35.860558 35.870545 35.871482 35.864403 35.883253 35.847373 35.877283 35.851567 
35.845605 35.854416 35.853545 35.842692 35.870769 35.843597 35.842197 35.870458 35.873714 35.871832 35.854356 35.877069 35.860252 35.847886 35.857580 35.859428 35.863581 35.878444 35.860069 35.858426 35.873170 35.888312 35.890720 35.860457 35.854600 35.882353 35.866304 35.851071 35.869626 35.845016 35.869933 35.846030 
