0.000000 0.022353
0.000000 0.013574
0.000000 0.018697
0.000000 0.018220
0.000000 0.037119
0.000000 0.020967
0.000000 0.029781
0.000000 0.182644
0.000000 0.034994
0.000000 0.065255
0.000000 0.020303
0.000000 0.031566
0.000000 0.022066
0.000000 0.040628
0.000000 0.017025
0.000000 0.025532
0.000000 0.048948
0.000000 0.032536
0.000000 0.019088
0.000000 0.033387
0.000000 0.053643
0.000000 0.019630
0.000000 0.022249
0.000000 0.085573
0.000000 0.016355
0.000000 0.022346
0.000000 0.023499
0.000000 0.039253
0.000000 0.050636
0.000000 0.024215
0.000000 0.057026
0.000000 0.017624
0.000000 0.024539
0.000000 0.114149
0.000000 0.041972
0.000000 0.042438
0.000000 0.021318
0.000000 0.050973
0.000000 0.054927
0.000000 0.049443
0.000000 0.090372
0.000000 0.123555
0.000000 0.059352
0.000000 0.038648
0.000000 0.024768
0.000000 0.043284
0.000000 0.033087
0.000000 0.037533
0.000000 0.047555
0.000000 0.026127
0.000000 0.029063
0.000000 0.024680
0.000000 0.016345
0.000000 0.050748
0.000000 0.021773
0.000000 0.028889
0.000000 0.021336
0.000000 0.035501
0.000000 0.040958
0.000000 0.052144
0.000000 0.063668
0.000000 0.031563
0.000000 0.019547
0.000000 0.060236
0.000000 0.076598
0.000000 0.027867
0.000000 0.071829
0.000000 0.045630
0.000000 0.023014
0.000000 0.035771
0.000000 0.035833
0.000000 0.011676
0.000000 0.105426
0.000000 0.037140
0.000000 0.017075
0.000000 0.039802
0.000000 0.042951
0.000000 0.019031
0.000000 0.009376
0.000000 0.012054
0.000000 0.020226
0.000000 0.103139
0.000000 0.030633
0.000000 0.033353
0.000000 0.066978
0.000000 0.074487
0.000000 0.026002
0.000000 0.045050
0.000000 0.037556
0.000000 0.043453
0.000000 0.048249
0.000000 0.022665
0.000000 0.022554
0.000000 0.016764
0.000000 0.092654
0.000000 0.026441
0.000000 0.025531
0.000000 0.031535
0.000000 0.026203
0.000000 0.030722
